214.5,61.5,19.0,21.0
213.93623512506136,60.39799397242473,19.127529749877297,20.94708377217757
213.90848747805032,60.44652141245196,19.183025043899388,20.850028892123113
213.8370390039363,60.432150184914555,19.32592199212739,20.87877134719791
213.84920491544915,60.44473951258271,19.301590169101726,20.85359269186161
214.11190753041905,60.4191929407457,19.407166964824725,20.90468583553561
214.12110045468643,60.41946161166596,19.388781116289987,20.904148493695104
214.1009405390565,60.424309343133416,19.429100947549827,20.894453030760186
214.10750304329966,60.41750960949356,19.415975939063507,20.908052498039904
214.14754827106157,60.419109368996196,19.335885483539673,20.90485297903463
214.46561591813432,60.4173660224153,19.332074508565942,20.908339672196423
214.4102558000069,60.401336210682736,19.442794744820805,20.940399295661553
214.33530539797664,60.39252451654218,19.592695548881306,20.95802268394266
214.24826300986123,60.38133178676292,19.76678032511212,20.98040814350118
213.85849181564262,60.46078775942199,19.905989384448596,20.82149619818304
213.5099035303931,60.52546590747119,19.963111578055898,20.69213990208464
213.47510559183354,60.54822866206307,20.032707455174986,20.646614392900894
211.30828296180104,60.53261432949462,19.891114613570267,20.67784305803778
211.36015036123513,60.24144239475351,19.78737981470208,20.622613560232523
208.90624786872084,60.20162112286968,19.614616475198318,20.702256104000178
207.6829101746609,60.17474696348456,19.526957147033503,20.75600442277043
207.07925641165642,60.18302938201716,19.46819542435158,20.739439585705227
204.63027688239617,60.445084330579846,19.31139098775037,20.84717512547008
202.54454937422415,61.62875901913707,19.06558232252485,21.00397642353825
200.4997217150447,61.26534084938065,18.748250064960658,21.101243109347795
198.8275568760081,61.22224578251061,18.33644855303967,21.187433243087863
196.10861434439803,61.188388540197224,18.187379129941352,21.255147727714636
194.267038532271,61.5295362291191,18.153956424325692,21.19228140484919
193.67892633805636,61.90269996846651,18.094333629666444,21.063877517698646
192.31983771228175,61.99938310840244,18.352562604785714,20.87051123782677
191.61281457837697,63.057585422309536,18.53434503594958,20.60250236498113
191.49078264109784,63.13691354488485,18.778408910507807,20.443846119830503
188.37022884983034,63.07576178698895,18.85653189848763,20.566149635622317
183.82782190406013,62.726921393864245,18.64972003773695,20.644388705052314
183.24241959322745,62.37674091165942,18.58578965769381,20.72738216860772
178.53695918743696,62.44146721046266,18.73215993883918,20.597929571001238
176.21358853690992,62.788734856495445,19.053194261595298,20.5213524186925
174.870016019259,64.31347600046513,19.252870003225397,20.58120674784286
174.58726626890245,64.5544551048999,19.192403202345588,20.72521484056619
173.33840048350254,65.12983047376368,19.18113256817097,20.82896520532585
174.7994620984743,66.98289358166679,19.402440545914722,20.894956438744334
174.09944414970585,66.99844092021797,19.536023597464848,20.863861761641985
174.38163671307768,67.42458598566375,19.606498611918163,20.646431771947338
174.03003739395112,67.50001728462105,19.67711363880018,20.495569174032727
171.1843914540978,67.53840334250465,19.686323001222412,20.418797058265543
166.57854848869482,67.52799704735521,19.443701638743576,20.439609648564424
162.8127507238187,67.39753437691483,19.453956110049905,20.70053498944517
160.2840516881277,67.20318528475445,19.463249023408135,21.089233173765926
159.30894012104912,66.70877867580388,19.501824408629787,21.440830475355234
156.69543768999023,66.26627820603156,19.582465017387868,21.68253588322993
154.31403849804067,66.19620591114811,19.806939371566703,21.822680472996815
151.74968942357475,66.15874185219937,19.702990733526487,21.897608590894308
149.20307387276233,66.15299479095725,19.567510704336133,21.909102713378523
146.97268855298015,66.46257363682473,19.467026310639525,21.941552883537998
144.7315558358344,66.84379546201527,19.395738114834007,21.829616894599376
144.36482727857396,66.97549166123136,19.48155896432789,21.56622449616721
140.43391478595598,68.40447564241647,19.604342973261147,21.287936859231202
139.78899472052638,68.48114882445935,19.60908664779988,21.134590495145446
138.87162825357333,68.55642741268677,19.523109256832452,20.984033318690585
138.2605106083917,69.48500045778435,19.47228853549634,21.036471246044556
138.32272827886476,69.45538638035862,19.347853194550233,21.09569940089602
138.32808158417268,69.76380672552918,19.33714658393436,21.114342228518055
138.61938237298014,70.06328909591957,19.390148237457524,21.15098071887536
138.9342435641392,70.10233631980441,19.39744107678252,21.072886271105677
138.90220075361842,70.13375761805732,19.46152669782405,21.010043674599867
138.89224082133705,69.85491103285754,19.48144656238677,20.93178085179977
138.87646146127793,70.19831443921004,19.513005282505034,20.880027287354665
138.8815964641364,69.93306771375177,19.502735276788076,20.775773470858432
138.8648182399236,69.92921387865513,19.53629172521371,20.78348114105171
139.17765477991998,69.96876160825323,19.544229685191702,20.70438568185552
139.52366362774444,69.9917596365003,19.48471481459851,20.658389625361377
139.8496386568285,70.00252525528022,19.463607591446753,20.63685838780154
141.67906145136098,70.01173280717842,19.585798101048226,20.61844328400515
142.90614598606732,70.08000839155014,19.658905295357016,20.4818921152617
143.1792582370384,69.8284920430639,19.743521775651928,20.354083829997094
143.49860413215288,69.63354390503562,19.735007086651528,20.113803004825105
146.30890577935867,69.99191299940713,19.750906992805163,20.023342949478224
151.0149154882295,69.73491163856315,19.715533492249655,19.912235943353807
155.71773313555738,69.34194898374979,19.65203794660949,20.07535193637949
159.9484926646941,68.86437312657544,19.307303327085908,20.40613561697818
162.8011697234298,67.83685404362024,19.218828490378726,20.588880689300552
166.62141072558887,67.42576982309018,19.084901588390643,20.785502871833167
169.75167715741327,67.3163718832788,19.089184067674438,21.00429875145589
174.17199807397574,67.00600488179028,19.067844785479203,20.99508257222372
177.90473093701704,66.11969017648188,19.155989353522163,20.87930940930911
181.05695866959834,66.00067453414107,19.142232464772064,21.117340693990727
184.59012447976312,65.26370315955236,19.033949236340334,21.326183735550362
187.3102276518529,65.20104488481545,19.300324490118562,21.45150028502419
190.47609868221676,65.20529027690974,19.3711172115703,21.44300950083562
193.1185680791875,65.16866625404052,19.216171836618788,21.51625754657406
196.15951239989602,64.82603038945146,18.89353109695347,21.56161284222418
198.7612150875584,63.257778720288414,18.773865944431005,21.52077854129883
201.66984107876684,63.61395276410363,18.652918635935425,21.44135319521518
204.85160846793212,63.57515232150433,18.58698802138122,21.518954080413778
206.66636808753393,63.28875953925584,18.73689000888096,21.461836107126867
209.11391253234288,63.033335499978605,18.89316316893123,21.341263929472827
210.9440844712058,62.45450866829138,19.025130816487792,21.234813751086474
213.3625061762729,62.42588547976793,19.2483480690835,21.292060128133393
215.51594323852373,62.46122857076887,19.40013454177796,21.2213739461315
218.0185987138565,62.43462392383637,19.500969980135647,21.274583239996502
220.2572155484918,62.13414713080435,19.508623996288993,21.234838585285704
221.00917465839342,62.115693265511915,19.2851093763194,21.271746315870573
223.33500097079653,62.11644280256971,19.094005745737824,21.270247241754983
225.63030241307084,62.14098770304458,18.942486029250816,21.221157440805246
226.37945152178563,62.103183057494945,18.706144365055444,21.29676673190452
228.56415948630584,62.10927335207054,18.73536157727443,21.284586142753323
230.13962024830383,62.06752473735579,18.727712819652997,21.368083372182824
230.4156787588397,62.03204345659254,18.805419752147504,21.439045933709327
231.07024321881946,61.624200437207385,18.760617902533536,21.622568437306864
231.9812655551607,61.608649464360965,18.841423996555484,21.6536703829997
232.30640768173706,61.860693493459124,18.827196991333288,21.78563957273389
232.59316488231957,61.455230274386736,18.891550455345765,21.958698145701103
232.84405022488747,61.49173752759542,19.031349754180443,21.88568363928374
233.74753074877458,61.81859539285023,19.152432125498624,21.874649048471618
233.77459093256215,62.19408462956161,19.098311757923504,21.768117780464124
234.4812227901877,62.22498841510615,18.96891717061195,21.706310209375047
234.9457107715297,62.26428084693121,18.67885138612185,21.627725345724922
235.65230860987464,62.626347973804954,18.531763822513273,21.536645148518083
236.31062990003474,62.631581682811984,18.473705094487176,21.526177730504035
236.39911379451794,62.97032613996814,18.29673730552078,21.476888760860014
236.506774514948,63.35635233436419,18.081415864660656,21.329438233395425
236.30858484854198,63.43269037073251,17.85892133052719,21.17676216065878
236.63296840558553,63.414739982097615,17.823103435977593,21.212662937928577
236.90281043921146,63.34757656077477,17.896345562628667,21.346989780574255
236.89188329070558,63.36708377950942,17.918199859640435,21.30797534310496
237.23255105746847,63.38590268823576,17.85278583541194,21.27033752565228
237.2459010188331,63.09090355795532,17.826085912682682,21.246044960809783
237.21324657077744,63.49742525885077,17.891394808794008,21.046489357827305
237.54863501455753,63.60933493262468,17.832082085277936,20.82267001027949
238.69817928197077,63.696415960595445,17.961242512703507,20.648507954337955
238.26295597775177,63.77284915100621,18.22524664011062,20.49564157351642
238.53185655207378,63.53692715491616,18.29574106542931,20.359189991733878
238.80214668973753,63.19948043410757,18.36246508060104,20.426779142851778
240.92232539798206,63.15170919875254,18.388018258451442,20.522321613561843
240.90574535533375,62.744049538062946,18.421178343748096,20.72633615870613
242.12492312764164,62.01005669789545,18.442804826794603,20.964330825209963
243.9561718372993,61.899693032047885,18.494459326150874,21.185058156905097
244.23040987997376,61.45640458580741,18.56924781634713,21.448370473840907
245.38998966556022,59.79810165713924,18.76420666570536,21.622328305513292
245.58152774600796,59.77645147523678,19.015467826127377,21.665628669318217
247.0663768821269,59.41421872810055,19.24089591429591,21.751068891509416
247.26997882160506,59.073763417929285,19.477640441698156,21.788031105493282
247.2418687283217,58.72603359191839,19.53386062826491,21.83519256403979
247.61426244791275,58.390031909731306,19.438998814477873,21.8572703030188
248.00486595007277,58.412047703137155,19.306546704931655,21.813238716207096
248.0349588629819,58.49352156236286,19.246360879113347,21.65029099775569
248.34173883885896,58.69441217005108,19.275275829368816,21.248509782379248
248.34733957146247,59.18648040620963,19.26407436416179,20.90107727524425
248.61832293397384,59.72139724840759,19.35323305453117,20.462369006240454
248.6144283860405,59.88877518145211,19.36102215039788,20.12761314015141
248.9185043726368,58.74240186096914,19.373465358680825,19.937979055214917
248.62264621103122,57.20577593758577,19.347357962573245,19.922112305387834
248.3425801300184,57.18880477393449,19.29032669654748,19.956054632690382
246.80707063491027,56.23594698896068,19.27737134524915,20.011385597729262
246.84183642208401,54.65426960754104,19.207839770901664,20.087459903967137
246.85580659548472,53.39959152897124,19.17989942410028,20.126627538720307
245.92064727434672,53.32819188836481,19.19706573135595,20.26942681993318
243.749195075304,53.25586155575053,19.198436754648753,20.41408748516174
244.01486349395674,53.11910143510224,19.289597968537187,20.687607726458317
243.98595531418584,52.43249027861321,19.347414328078955,20.8044165752859
243.9241086486872,52.33568774493668,19.47110765907628,20.99802164263896
243.9001018132185,51.97954160656987,19.519121330013668,21.074393059625468
243.92706510126078,51.64538442725697,19.465194753929076,21.10483555531676
244.26607917770718,51.9716304974721,19.424656199813278,21.089833013663466
244.9296090081558,51.96701793075728,19.370821331834307,21.0990581470931
245.02689620962207,54.26719857971072,19.176246928901747,20.950001786321707
245.08678417532752,56.864262867778294,19.056470997490845,20.799800695090333
243.52471961640543,59.60995206076673,19.049339709355245,20.318438958681153
241.70935878888085,62.57613337356785,18.968195046300515,19.95387581023478
239.70914228696284,65.02417297105477,18.686931975479133,19.95116355772658
239.4875443856048,66.46448647349564,18.522952377360394,20.106413557018996
236.99418639665342,68.3826412361546,18.65373429495377,20.519046334471778
234.75860893421202,70.99447178265623,18.816493003371537,20.83475180549496
233.19068816606008,73.25053781001321,18.837446881825898,21.30644000334027
231.3355191337227,75.6375876528975,18.76404557044098,21.57732615231793
229.03490419553253,78.1172180452818,18.92979890151272,21.687181419330585
227.31127755421159,80.46651636812751,19.18710779584377,22.092495794936514
224.89068133990065,82.62334038994254,19.489718062080954,22.317429913691107
222.51198638528473,85.22249257646628,19.65030479946651,22.37261487989653
219.73531038203387,87.89221205815426,19.92280270734455,22.314030015144244
217.49723148382327,90.609252412816,20.417662923260995,22.18834607982712
215.02736481227353,92.82895552104799,20.671080474374097,22.435255655349486
212.9162567012536,94.78572629266586,20.82925770608953,22.585753102438204
210.5584974190424,97.39361902873671,20.769422682245896,22.8275145883148
207.83523641800082,99.34885532343795,20.735935519449004,23.027048872572344
204.79218616751027,101.97797633560363,20.633943221431675,23.269333780684075
202.11226216160827,104.21763856372674,20.476228782822034,23.617876468549746
199.7295698894657,105.97435263639645,20.393658906567754,23.567272909309963
197.31409193683868,108.67968458912755,20.391384383534792,23.680300921890016
194.28748262020449,110.99575090374054,20.907243690653605,23.89335770304486
191.58230848928898,113.69075841780013,21.39156914559049,24.133083025661836
188.5393421492051,115.39353980617963,21.75618908101468,24.303340714367575
185.6208516563549,117.83090359724179,21.80422336245877,24.49394149846752
182.2997749509951,120.05595666433064,21.900330570335665,24.40786616618499
179.6361218443598,122.65375956272116,22.134880960758927,24.30501619225127
176.21712379589204,122.9333522755035,22.40580894323207,24.475505001626868
173.20558201388974,125.37263703514364,22.53583984306221,24.75335656349922
170.8501480650055,127.5795598211117,22.788604559019575,24.79761417337421
168.17953503978237,129.43545365047285,22.89576837079244,24.824442399418608
165.61789865131334,131.5921634579544,22.770142838671088,25.01007847793503
162.22155134114112,131.9255207222363,22.80624595272688,25.094096338958842
159.37092396117046,134.53574647107453,22.486605842637953,25.141927852558826
156.42532527824906,136.03248663184488,22.39169531130203,25.141501479607467
153.85720389308398,136.8181863551095,22.300734739229526,25.063588702336112
151.34540379399164,139.95084232458174,22.11573913549667,24.750957679868836
148.72055961820078,142.81977700557212,22.21139903016381,24.167116774802672
146.1576885501016,145.13780674531466,22.23591285828027,23.90353870224499
146.06447126559263,145.6185659266908,22.422347427298195,23.667053769103685
146.0131177622888,145.67042444972867,22.525054433905837,23.56333672302793
146.03006866469616,143.10934569082914,22.491152629091108,23.61536837824553
148.68329878641583,139.76134599436045,22.25675729117564,23.790141464080776
149.9456905609342,134.21029049235915,21.90276471456742,24.038297605940787
152.48381659814365,128.71673433598863,21.879382176432294,24.19783234093093
153.20687720635607,123.71316068733069,21.881149037763212,24.06976309395627
155.67402095866385,118.69195459335197,22.000746010062556,24.00440632808396
157.60736744411537,113.14554382345784,21.748400338861842,24.254185968765412
158.10480097648056,107.62415529669683,21.476265279221018,24.455982945943834
160.37461483076353,102.98218429887791,21.26572415701223,24.360237337807817
160.5438407025405,97.68335657424348,20.927272413458297,24.207873659187484
161.09361638467934,94.57531135546134,20.53661869098989,24.04388532046879
163.87369495589834,89.42403059456709,20.57731442455046,23.84484769975993
164.85382225179825,86.03391290773729,20.710124582828133,23.648200573161258
166.60234946169,80.93263216175606,20.696946351343747,23.399133500226313
167.10746547061095,76.87577239598357,20.379425242582684,23.20032212280149
168.53859612350516,73.49934032114469,20.255413492412202,23.107562383434264
168.60332409498503,68.54339879868849,20.125957549452508,22.8022611082261
168.79839767029742,66.11868996470962,19.735810398827688,22.256849296534593
169.26931346814206,63.685153564599695,19.453659327230987,21.846477904014062
170.12649237490615,61.499210676995276,19.036944644032957,21.676612723067446
172.71850352979305,61.59624643955557,18.9692295879768,21.48254119794686
175.2525531933689,61.71813819185089,18.984759117070524,21.238757693356224
175.62198031133667,61.896543612163214,18.877830025229457,20.88194685273158
175.61847254592215,61.44999210924784,18.88484555605848,20.52567654665115
175.59595111815625,61.26888542963331,18.92988841159031,20.26862780114537
175.62132677973372,61.35153535437546,18.879137088435353,20.103327951661072
175.60908275112376,61.40428249343758,18.903625145655262,19.99783367353683
175.249926700957,61.44836687325757,19.010601800251607,19.909664913896854
175.2222951130616,61.47837201424465,19.065864976042423,19.84965463192269
175.22474839110708,61.759188129786835,19.06095841995142,19.89960840548772
175.5272811481417,62.033822937393175,19.068182426311637,19.96262831070449
175.4977563935157,61.724040939332745,19.127231935563675,19.968803618467508
175.49618589511385,61.77188779124692,19.130372932367322,19.87310991463916
175.8806489554572,61.83873598388625,18.974418533263464,19.739413529360483
177.52428390449614,61.82319982091528,18.72923611580538,19.770485855302432
178.24976834076782,61.88356826815842,18.48832063388321,19.64974896081615
180.72480473265074,61.63816314925998,18.332876282070973,19.541230644618842
183.1377582258347,61.32691688389286,18.26835887109583,19.568549478428984
185.65773833180853,59.82832766879507,17.985014484774037,19.592843017608402
188.657465146016,58.84432573632868,17.890141073074272,19.78947281752663
191.43086785163484,58.228697553378865,18.263376798518976,19.836720956089778
194.67875175366913,57.237922590366246,18.353016065952886,20.022250771705256
197.666838919631,57.17998427055113,18.406671821911193,20.138127411335496
200.2764442679269,56.74842681263753,18.638196558015746,20.395605056863083
203.5540700273833,56.04129559200118,18.829465474457628,20.583227418980393
206.03214991423516,55.681917598007075,18.82752201770959,20.682706367349116
208.59054044843998,54.709438944524116,18.67707744478941,20.7652874885065
210.7813889080803,54.32782916345688,18.63313506593397,20.90882783058023
213.2045922085983,53.65571175314596,18.756362683144406,21.010654096640465
215.6912930148705,53.449860297543374,18.78094201514965,20.797609389776923
218.17614461604444,53.28933808200753,18.785918739843357,20.4968188299684
220.34684506572225,52.783334815706525,18.765208628172438,20.274342280374782
222.48301689026596,52.83114578760463,18.78702482026499,20.178720336578568
224.90563557644396,52.55268799423553,18.84025516629145,20.123327458518965
225.5264704959377,51.356348645965625,18.823163691485725,20.06684942669524
228.00591276049389,51.04859569302167,18.75338168116695,20.07121751773395
229.569286759571,50.12452673145013,18.67713344084126,20.089055586179906
231.68320523565163,49.808486446989406,18.71347769109789,20.111967411898824
231.98987865354482,49.81237135970267,18.710232971738506,20.104197586472303
234.14608932942545,49.73652259118688,18.667318959850864,20.255895123503862
235.68383915499837,49.395454351415246,18.649870192936852,20.326421426200767
236.04403876088168,48.490892290316616,18.541900987317195,20.298255529957245
238.52873914701078,48.176158424014794,18.45470836912968,20.317447243302055
240.3966742119294,47.82034443789508,18.373962720997337,20.419887801924006
241.07209508098927,46.80183050107837,18.24210511154445,20.62843948255714
241.4460826306293,46.40601833053721,18.104751268661946,20.809442567241913
243.6103406461048,46.351146573525284,18.05481303382424,20.919186081265757
243.95827992693114,46.34583290454782,17.971055338240564,20.929813419220686
245.81478298912822,46.38696704507002,17.9237062609003,20.84754513817628
246.12115613536974,46.15550544786525,17.919874646086427,20.70155365491664
246.0938282529473,44.11700660421989,17.97453041093131,20.5323531562894
246.36468343296227,44.50767047263244,18.037679631954084,20.35588500051698
246.6618425007159,44.268358231608104,18.04649916191888,20.231371817093606
246.6221189754161,44.270720152672936,18.125946212518453,20.22664797496394
246.50444585936066,44.33933352402027,18.361292444629306,20.089421232269274
246.43523459877247,44.37749692790824,18.49971496580573,20.013094424493335
246.3674483306816,44.38581016119543,18.635287501987406,19.996467957918956
246.33318520778013,44.10228294538146,18.703813747790402,19.956459643733815
246.2926614745032,43.79049822352267,18.784861214344218,19.9725035927757
246.61509402585514,43.752238068034785,18.74905582148335,20.04902390375147
246.08362180290305,46.72825522622439,18.592629316815497,20.193844340232438
244.04185939455428,48.74294866273953,18.40994400722702,20.43066759348817
243.41041040160505,49.90345292467247,18.452377094800248,20.550588866272818
242.7708648839554,50.48174527669144,18.505930501596985,20.619541790737408
240.9970166331805,52.86076147540663,18.36547730812443,20.77904232000357
240.73410775618626,53.72409439271109,18.276372432618352,20.897144373878167
240.4617206505795,54.83298599364075,18.20582061324277,21.14066529437522
238.27431334715914,56.946050062538816,18.25492570883184,21.240246667830768
238.52802052609235,57.561810476366524,18.36779338151654,21.249289901277635
237.2372138705035,59.97571796269176,18.46048762732405,21.39931305936762
236.91297308138317,61.511938062414835,18.4829387655464,21.45702506001292
235.35619241915924,61.807714879153,18.460095680733563,21.49275230838872
235.4068426183206,63.90941803250824,18.35879528241083,21.681608953337353
235.09258019215164,65.70881042686068,18.358567838337613,21.85533794309955
234.4442863389661,66.00878379096815,18.392309045881486,21.88681446429824
232.20121614738883,68.18751213179861,18.451299466289534,21.956507745383735
232.08104693524885,69.71575798004812,18.69163789056951,22.072369565399676
231.2448632088156,70.6317804595708,19.083773950125387,22.160671696320282
230.134916775211,70.98163611167274,19.36036619260521,22.10872726702617
228.85872465324383,73.2613440556578,19.307186031822447,22.109049087311067
227.63183561224963,74.88256605928946,19.15878114518984,22.11933379082397
227.34662508529263,75.19236270889738,19.080872202292685,22.148070488419282
225.3977744257571,77.40682039260159,19.093418092575575,22.25183645459709
225.29833124487186,77.34741122680423,19.292304454346013,22.370654786191814
223.27610123639562,79.20352180867128,19.410672944289423,22.584525149466806
223.15037274431367,81.17716280137083,19.662129928453354,22.59451748539494
221.02500484417163,82.84623695726309,19.930506146077324,22.575002159160483
220.27428970861743,83.1441203477075,20.096506967471573,22.646950103128738
217.98208586016744,84.38013737547698,19.980562921458038,22.860831329254644
217.71865795083085,85.96144486725319,19.83448250915328,23.06289750059183
216.08497560709552,86.27208719171115,19.733253287804953,23.115331633439684
215.70225575563873,87.66829953017586,19.82578843988746,23.014525159834434
213.3142640690956,87.98782141630295,19.89194089726444,23.048314375538705
211.60720614680278,89.97743957065668,19.933985468643037,23.11556359467966
210.91529581683125,90.96144068754091,19.965554502277797,23.175938800373554
209.23298154278604,92.23428303540983,19.942365933926474,23.340507797789133
207.97383648542257,92.83650964357074,19.741734494614473,23.495515358486777
206.0134734211064,93.1269056147814,19.589080718807086,23.5936200668054
205.7833911835941,95.45643786498617,19.37129563149438,23.680202502757453
203.56381919533771,96.2455940612991,19.08005514544619,23.453428528006143
203.2425653216662,97.90823396328885,19.05497144666763,23.46610595463445
200.84731351611975,97.90198692044736,19.17380949133971,23.478600040317453
201.40679394052492,97.15337288684269,19.393829814596675,23.636846935459438
201.32888727718878,96.76063203540708,19.549643141268977,23.74686122063159
201.57228585360428,93.40571885543253,19.742514002361453,23.660007441345716
201.44257008904347,91.10684994184578,20.001945531483088,23.48766898930679
201.3554520487879,88.81441192472957,20.176181611994245,23.291861590297376
200.85926767844404,87.20475433766973,20.485823948956146,23.09754474578788
200.70738948266288,84.53428126393459,20.789580340518466,22.961124593262003
199.24118213243528,82.17067503250529,20.97240754503967,22.876558938236233
199.5705086849124,81.11994778162264,21.002745157956518,22.911041286388336
198.14132066440916,78.69011364254766,21.101085222970177,22.940646606550914
197.79620367200482,76.6289375969451,21.09928734042225,22.91080749361615
196.17499865600416,74.60141848041924,20.884001752828976,22.81661098315435
195.99992600554904,72.91829636015606,20.54749342602585,22.749587085113873
194.5122579520641,72.60895792000663,20.121533770807247,22.688004812975034
193.0102215345387,70.26002621577585,19.76303622558185,22.678269689049905
191.2102053173929,67.95102608806879,19.363257450214164,22.62982353319492
191.08384801064227,67.63780320631105,18.956487708765753,22.596784941760664
188.64263860697412,65.73284933223042,18.619353359151873,22.492027822209312
188.8205185980078,65.38651402163622,18.263593377084522,22.539289923233014
188.2135201469578,63.19683566924634,18.196799073249032,22.435877407238646
186.3953234416668,62.85688726455224,18.006800553818824,22.478042228291486
186.04824283774306,60.69913677806821,18.065655066064593,22.34639633204778
183.76066915885428,59.18446082688663,18.201105588929117,22.204536209473066
181.82730295699616,58.96944088168345,18.262315076648832,22.00032228054668
180.7732898755714,56.81258718050088,18.47402840035343,21.889299724906962
178.78234412375647,56.23907455990696,18.653111337216124,21.768722110505724
177.43299188450544,55.68402491588128,18.812546493076347,21.60918673723618
175.19419385245192,55.057766101886614,18.845787684400623,21.591888687287586
173.22145499792083,53.5058062194168,18.980231998898855,21.519947290090563
171.60969323197696,53.53165936354959,19.022714088545634,21.46824100182497
170.8697244773519,53.58718949552058,19.23047934037867,21.357180737882985
168.89492288307167,53.3969162189274,19.354017160754097,21.100049729705177
166.64190162417788,52.57185070723061,19.410515880380682,20.843233411029775
165.94983993154386,52.04842155148008,19.52954149167271,20.624993948554845
163.72190096056613,51.7920734864834,19.56820082526195,20.506658848781598
161.77832173460934,51.66230147505491,19.67659165850265,20.13640826852644
160.43557555493598,51.85390711227704,19.85923622162596,19.753196994082167
159.73526059893,52.00978193588635,20.01472683298066,19.44144734686356
159.09921169456288,52.4672213590811,20.046628781990165,19.146666430336452
160.93835921527838,53.84831762315429,20.06398604535382,18.848242105386543
165.21468951290086,53.542674599604226,20.07219226625986,18.848037665618726
169.861971107752,53.5252924635309,19.951857412937066,18.88280193776537
175.12229858748123,53.40016191184628,19.806102686934395,19.133063041134612
179.6859061833781,53.65235044360778,19.858374972402405,19.24065180942908
185.74842988875338,53.49174263537687,20.02296735472923,19.561867425890892
190.74404043841486,55.22881420810732,19.98576008228075,19.8204794655079
195.91076019034108,55.10641446351937,19.662157709363118,20.065278954683812
200.91907020964027,55.35829682644261,19.635451231710768,20.18588382639647
205.99555199457805,56.89275020659572,19.49590231948671,20.24616914660635
210.66018846990949,56.89646489145329,19.53532541343539,20.238739776891205
214.77905072497055,57.627192594553335,19.423718474535896,20.02745630472537
219.71678054696483,59.84708631213,19.46853982372748,19.927791804088365
224.29642172226372,60.23857137452172,19.596706705535972,19.76398496146537
228.3490432842108,61.185023177125835,19.533423520825377,19.726918265299485
233.03984936548335,61.4198512461286,19.40733143509945,19.874296799081883
235.89413808157695,62.86532917010053,19.254995376610008,20.070141714303464
239.98662907226543,62.770729538717376,19.104293958629075,20.25934097706977
242.59131510542105,63.9129114905551,18.843666758924833,20.449349506697807
242.67514812031354,65.39731486547089,18.67600072913985,20.567645988484188
240.90423170247166,65.7624307369243,18.518267850509666,20.45400853129633
237.35528373145348,68.26764622345223,18.268329948374884,20.342133454354563
234.88465230257023,69.84549174916332,18.356769018997873,20.219457269897116
232.12957661271815,68.09150383065621,18.41195563311549,20.69689712602995
227.0966997905752,68.35961024978836,18.647432548878108,20.775076583298336
224.31484511603378,68.61566583451355,18.636913374736718,20.88232413865066
219.32058069354042,70.3790690163587,18.69178141351872,21.08064057728714
216.52102181078473,70.92405685440768,18.66768474831309,21.240268108015186
213.3743117700865,71.45671674457427,18.692229166956803,21.42872346023256
210.19678912652526,71.61659533937495,18.745333283492478,21.739160387689886
206.6840844299681,72.42697499461305,18.776512113361683,21.390079361440087
202.16596271813816,72.84805389057212,18.979537658675667,21.178865703689503
199.19621119115595,73.55182308059672,19.240820608125354,21.033154013532446
194.39992440670935,75.10932104553117,19.341244222540656,21.08220806848953
190.8545672394392,74.9332647892941,19.445102762481593,21.434320580963693
187.01897089080484,76.37132595854914,19.408792049876244,21.76965799656785
183.78432036437857,76.26031990452849,19.40893775931727,21.991670104609153
180.85046302438303,76.82243703165923,19.423446280091575,22.168148330173608
175.92976213018997,77.10131574960397,19.46507195403166,22.26370930191387
173.22638237323898,77.76256252535052,19.62813913420382,22.252138833853223
168.22353987590114,79.67206698709045,19.76549647842171,22.38046097055651
165.57533921123232,79.55733149644101,19.76535114296508,22.609931951855366
162.9276375613789,79.54036231311481,19.735827331712798,22.643870318507766
159.27820576414945,79.67486430037582,19.712339533403426,22.37486634398576
154.7403685764885,80.77561628885711,19.532155474343188,22.156760602962216
152.11676019615808,80.72207095906487,19.540337642735416,22.263851262546705
149.68934414432098,81.97240686038596,19.798501156266312,22.3898472257007
147.59214446521014,81.92850775426545,20.01645664288972,22.47764543794171
147.4558059901821,82.2695337179926,20.28913359294581,22.463172343642587
150.22783636377176,82.30123933685205,20.11867311227616,22.399761105923684
153.33544357968205,80.28692825805024,19.91546811306312,22.420376975122274
157.9960985461334,80.64385907962824,19.905283917287353,22.37159574176105
160.70556888281618,80.29424878228441,19.799641047262018,22.40665411103118
164.03236090844538,79.96808383434039,19.77624731689809,22.39596497482978
169.04748324621963,78.54294379191134,19.68320269160623,22.596325046286093
171.5289939553456,78.49249928126211,19.368822969470532,22.69721406758455
174.35909083768615,78.06547902741619,18.993530872580106,22.890641866802596
177.17092604192933,76.75023608009526,18.630328249410162,22.89089386878621
179.6167134725286,76.3991785871466,18.30070144190335,22.94130198987044
180.03714594434845,76.07507699382762,18.106987141157603,22.94235453361444
181.11951213978008,76.05100577310373,17.87434172249377,22.990496975062225
181.01736574770544,76.13128573621312,18.078634506643095,22.82993704884344
181.8234294582434,76.21681438709251,18.392061947339165,22.65887974708464
182.0532415920018,75.95600790065576,18.576740901862642,22.536189497917885
185.53049298984612,73.31797599633651,18.076240631249963,22.649051286495578
187.66623422612898,70.67316209264521,17.639039724154234,22.82630367325148
190.73003990821994,65.69977417498951,17.22338685212974,22.618486633616403
193.20298521015903,58.86701824463756,16.650631106800358,22.539860367452746
196.44699729014908,52.396740895354384,16.30451373166791,22.582410817839047
199.03635483673446,44.162755205220314,15.999121564549698,22.60291732267986
201.5292812571716,37.02867362946656,15.848931586210844,22.364091886581146
203.8855142716404,29.63743054924845,15.923516078651875,22.187045167709
206.45244958430948,24.972311729328233,16.16203393387109,21.966369953225136
208.4664883024177,20.553846238792296,16.316463567508194,21.840785784610755
210.47583125832938,18.176188083665906,16.484618482495183,21.811141149937416
210.36953927707557,16.348093224590208,16.697202445002787,21.8648494239313
211.21127100323034,17.539457772571943,16.82782211131392,21.900897819462077
211.85516780250813,19.671800007937385,16.754766809879083,21.88779738865383
213.3418536164755,20.322952256356842,16.811299405612992,21.79745458128239
213.37295944077223,23.378477537513128,16.74908775701953,21.741647799993718
213.44385358650095,25.84600622544578,16.607299465562114,21.635889211455442
215.01033114200638,28.284943520432222,16.473068415910486,21.555973119657292
214.76621520792733,30.11009918769294,16.364957040183878,21.48372124844398
215.07585534448233,32.49896278037607,16.339159809860504,21.453858405370895
215.0799581066942,34.82770559509875,16.330954285436796,21.53724011762032
215.41581670225384,36.838142371717524,16.252980389380383,21.672569629822757
216.69400107720026,38.288228813636906,16.07472643514521,21.745040240556143
217.05170008637845,38.64920063132692,15.95204487122229,21.615813059609557
217.37516380140042,40.16706085395918,15.89386737692471,21.52384229307681
218.29267765600784,40.228352117845,15.818050209783305,21.401259765305173
218.32771331573736,40.83143480644068,15.747978890324225,21.361702953751667
218.37771027517252,40.857573803262724,15.647984971453939,21.309424960107574
219.32625587515844,41.73396131417919,15.48828160720397,21.29403777399655
220.29985814480415,43.20566239833439,15.269917867638474,21.232036938562644
220.38192185561113,43.57513813293678,15.105790446024521,21.064845670134847
221.35074480192714,43.89817637114474,14.867756552648444,20.985306526804234
221.6998809304776,44.565508903204815,14.730907559974254,20.7734879915375
222.0472088182364,45.44562036428405,14.592225705153142,20.681186831468665
222.1079465529349,45.723024017540745,14.470750235756219,20.678678255158818
222.4524642077376,45.16201109132405,14.33197529171564,20.70018337646256
223.04718391422497,45.19466780735344,14.23912798690611,20.634869944403768
223.05275520415393,43.85859318058325,14.227985407048209,20.57811953152633
224.1246221268017,42.19973510284773,14.263217286289875,20.62738710019151
224.10515696984763,39.40840976522916,14.302147600198076,20.749388694472444
224.38342932303044,37.068737169040986,14.294147531150614,21.04037678830352
225.383615489276,33.9666867545745,14.50493483847463,21.163788607744845
225.22171547520807,33.61200590104012,14.828734866610505,21.315018926107225
225.2209716427217,37.82340683186404,14.830222531583196,21.378526582622943
222.92274580869113,51.09901049950213,14.892791015341748,20.897147557087006
222.813561086995,55.84821581373321,15.111160458733977,20.366791459196993
222.72233290206125,45.71807258290597,15.293616828601523,20.053127973715295
221.6654392278736,43.1486055108266,15.744615696492977,19.649433849594658
219.68530567498934,43.18206413970919,15.816932572972995,19.58251659182947
218.85429855069327,50.043583867284276,15.812248671236103,19.193062339311567
218.55922097814886,60.25170829620418,15.85288602502362,19.108971759620157
217.42414580218588,56.37541931153968,15.927513134214081,18.628337568690835
218.63046371233014,47.77786029700098,16.22828593754623,19.000322131319837
216.8329634409538,47.86417465503379,16.50383890598577,19.380934677639736
216.72034981210192,51.6808937387987,16.729066163689556,19.636904462020155
215.7690392290111,60.30597824998745,16.91842253853531,20.090471616779613
214.47851407277165,52.80849217150562,17.175012515351014,19.97645159193251
214.0675256659919,51.37204301922093,17.413513845600377,19.931972479951355
213.68419148566025,54.06558112413366,17.5935756370027,19.824355393474786
213.3077389194685,60.90953810381144,17.758662913856476,20.2440699668322
211.1637688725071,56.49956607362506,17.867948841393673,20.109755099235713
210.80532725222804,56.222072715448725,17.988215229046077,20.068124962682663
210.80430932902033,59.711198194038474,17.990251075461487,20.26454873109898
209.7855160627902,62.989500625967004,18.22493911968127,20.318571657456957
208.7988464038539,60.20767886926437,18.381640144134792,20.43230029060505
208.4447056602102,62.051825633961016,18.480114699155937,20.402848354809272
207.3917791892445,65.38712094535754,18.753213935701353,20.452354651764907
205.80992059746657,62.89335068308509,18.83677891639052,20.511651651723128
205.80641077242072,65.31347033242045,18.843798566482228,20.61765530450714
205.46249067174622,66.5237724591266,18.911598728416166,20.677211208755192
203.87715801772276,65.83916548180491,18.97204605685906,20.802337971556994
203.59151033810977,67.88596955788216,18.918392050319394,21.08337537976223
202.26965366014642,67.16606837994384,19.04827327149786,21.26626166826478
201.34012611960097,69.03811533222346,19.007236116869098,21.322352235144958
200.66674940316435,68.3355557351388,19.086831122549015,21.460313002120976
200.3122994891726,70.62133391929247,19.158744424254756,21.34766231775813
199.32123303915833,70.09924798807317,19.231716264383973,21.755447160230283
198.63606675509052,70.57751047185104,19.314309584948788,22.08666144024538
197.24858940617338,70.4136287136534,19.488010093711132,22.414424956640662
196.23937304387857,71.28431244981653,19.53196924400598,22.647531058609175
193.61534872321405,71.54357283904335,19.480325582109444,22.791471818058724
193.25532374975126,71.97603978330649,19.536521102368148,22.590392356199327
190.6292318714439,72.10591415345684,19.495486300574512,22.33064361589862
189.68161214333557,72.57713308827651,19.41977771787497,22.045188425897976
189.02847488191318,72.70790948381375,19.423336952565347,21.783635634823494
186.47259741996515,73.10082706619171,19.35617889225541,21.645164593093302
185.57418745573108,75.0338678499172,19.22055792798417,21.64396481112109
184.01315856770896,75.02170762968579,19.132789784983878,21.66828525158391
184.03786120332884,75.0009177244985,19.083384513744083,21.70986506195848
183.09785836914543,75.28873210282144,19.04100544662466,21.77503121714136
181.84785013714807,75.28517475275065,18.97652047954312,21.782145917282936
180.9179375265917,75.24690752478159,18.915733756712974,21.858680373221052
180.00153631364157,75.22293672255859,18.82729593004308,21.906621977667086
179.12913070886142,75.1852475858688,18.65289691161637,21.982000251046664
179.22337659116317,75.50384067172729,18.464405147012876,21.98291567981628
178.42582465654647,76.05636752429416,18.15424577646658,22.148037467869003
176.43300334626235,76.02623333130802,17.711470361031587,22.20830585384126
176.9594490932489,75.63339052889404,17.284979495362744,22.36759083036496
177.08097732921897,75.59991750942397,17.041923023422594,22.434536869305116
177.1507747740424,75.57650546525429,16.902328133775793,22.48136095764449
177.55311345606916,75.25791820205308,16.715065086636386,22.50112116713278
179.7092674507337,74.94745587418105,16.70535200615805,22.507389407326748
179.7232719960355,74.37197949889023,16.677342915554455,22.429156587921973
181.5322274240247,71.97655024404155,16.737118615378275,22.316433023216256
183.05933361738934,69.04819798292657,16.743967791985998,22.051014418772205
183.01417782615636,64.61538684239376,16.834279374451956,21.79230094707643
185.0984615269631,61.04168222180678,16.906448124545893,21.669876785323456
186.86083919240366,57.86558609050157,17.012442122961062,21.36569527755727
190.4581357127625,53.769741840593625,17.04420815535055,21.126631525414858
192.8293020357712,49.99503008753247,17.09428769507001,20.88838522971467
195.26168433982576,47.956055488994984,16.999187178575987,20.792878346626434
198.22226308942575,51.00490969551021,17.010116751380373,20.62725700560035
200.5941033474877,57.884703432878965,16.993180613379977,20.45705961796787
202.9214687937008,64.29562554345104,17.04209569629463,20.570241829010946
205.20548060246233,55.30382347251478,17.197932015064513,20.248888717748173
205.65548136110957,51.14067132001638,17.474018056535026,20.3425801113898
207.34641442940003,51.1639586942805,17.655651266881293,20.296005362861546
207.8582887216368,56.05356291897533,17.824114922748493,20.05449483619782
210.15501445959717,62.573079479940795,17.991154762935455,20.106812833563094
210.39200841590053,55.6901205775776,18.115703126384343,20.10639628901117
212.68913262193274,53.032354610481704,18.32557024939721,20.017298246241015
212.937445368439,54.658097864373325,18.43141456449078,19.77816077898784
214.479159304451,59.67852351083086,18.350129240546373,19.944594149543434
214.7684210252763,58.71461451062514,18.37333521434938,20.06722390359416
216.53057105023657,55.8375980741533,18.473066154843618,20.385210290915683
216.8280473036422,55.70955031274424,18.488645504650766,20.641305813733787
216.8200459150435,61.02638030608834,18.50464828184819,21.073211269108924
218.3631295204725,59.34166393642433,18.52697078838594,21.33415429104114
218.3164128631265,56.81877458959278,18.620404103078,21.37122319853895
219.45027274907685,59.9718687181367,18.237153831866415,21.346599943748213
220.69941970388308,61.938413171190284,17.603772408313628,21.76497350511364
218.45110635010195,60.210305375557596,17.775294157404872,21.513956274832445
220.50024223366228,61.941043739323696,17.377755048927582,21.75321220594365
222.22399543116097,64.03395467488507,17.000435976950794,21.86565258704971
218.10124671058082,63.982183088684764,17.32064191022237,21.359557951151167
220.0467697216173,66.2972252937495,17.679200048129054,20.97907770100134
222.11236890548963,65.78577396493561,17.797130074410415,20.787943674621683
223.31386122275606,65.25517786256971,17.818010416860954,20.63720339086181
223.67098373291736,64.63615589236116,17.707740327454502,20.667297469446673
220.62963044971124,64.07710441280899,17.76372421339258,20.580055892456176
216.92760571406072,63.565632634268844,17.941095005111276,20.39855300293941
216.2549369791427,61.86243031521013,18.08192114606621,20.191423654413654
214.75229778655884,60.088135023695656,18.080724523984234,20.132244228742938
211.18727565867542,56.436491518322285,18.006470441923412,20.231232901661965
209.43478217605332,55.20642358644006,17.90720432317149,20.28853337609566
210.26127378324793,54.99083859159914,18.054256370710164,20.11969161180152
210.39479157569411,52.4548414582176,18.386962525898166,19.794010217841276
207.28048538416027,49.86060442817407,18.61587165244295,19.582751347057705
204.4814484289464,47.56888661310249,18.811229929171652,19.363773080579527
205.0163277767364,45.58585279094242,18.941397258845903,19.130099636509858
206.43764255661668,45.14929451523618,19.09051862456174,18.80651581773177
209.35063713322126,44.39241797225272,19.22058833708695,18.53345124397839
211.95538364838796,44.18819580791582,19.351137599965785,18.348557540073063
216.90409612874151,44.574624127251184,19.525464669919607,18.16815690320591
215.35869025370062,47.026491787647885,19.654692783392665,18.002955400986494
221.86458833389997,50.01314857138054,19.660403190924974,17.94669027348984
224.0690979967154,52.86907520795008,19.387678016651137,18.143828645146513
224.19797755437457,56.00894204559667,19.129918901332836,18.351718292754704
224.89963354130444,58.009469194667005,18.9047061455723,18.47401125796123
223.53109817744962,59.130062375818774,18.70450613413559,18.58264148697471
227.49820836552067,57.25785605053062,18.38859764338227,18.810910190448542
226.82775384607748,55.478353193356504,17.975592903506566,18.862088347272742
225.01639937726935,55.89844437674313,17.5458713470005,18.600824622516974
222.81894628407818,55.50344741486823,17.39645677575247,18.254738356859157
218.67241821070326,55.66305822309896,17.285425211298737,17.935516740397706
216.46188608130484,56.27128026641236,17.278269357397626,17.82612768194537
212.31169161087098,57.60966218554241,17.30311877499611,17.907877018108323
210.3901338285292,58.24093434396727,17.272613714404393,18.30545582637657
208.17721199683882,59.41716858877598,17.22561860899285,18.7485115672543
205.95580291063172,59.491890172520854,17.14634465174602,19.164329915972196
203.22321462615594,59.362935306036235,16.906953728702934,19.42223964894143
201.2700020777062,59.83559332016375,16.819000653249848,19.618174527072824
199.58965658805408,59.71543112322468,16.74624055466706,19.858498920950964
198.35902978784364,59.61527692637745,16.908384118878867,20.058807314645442
197.6860148781053,60.1492667822825,17.09348122249143,20.15176031869937
195.75912340088126,60.36838280683564,17.438040427744596,20.29839889445892
194.66996904890104,60.29359272702492,17.83837427935568,20.447979054080367
192.47746155298788,60.20530429923211,18.013744078160585,20.624555909665993
192.48524828944596,60.17712330394051,17.998170605244407,20.680917900249188
192.5190147556343,60.171663240495725,17.930637672867775,20.691838027138754
194.98203186492447,60.20987031360449,17.857579564648454,20.615423880921224
197.19018117726563,60.35469097292879,17.67118678668171,20.930054826089126
199.3381181974889,61.420350888342945,17.61825680739433,21.223274458780377
201.08725075270095,61.47208822668668,17.778755548663565,21.119799782092908
203.88406231395885,61.284678407941016,17.682190535998664,20.883835185156354
206.30710347883385,61.10153770341538,17.6809067851492,20.64451677184506
208.99613432411246,60.94363153972325,17.71986125258595,20.358438415007768
213.39438644582268,58.98159590542226,17.89483004357212,20.09582226755329
215.75689019908552,57.39959385465036,17.944461448627894,19.678847185410966
218.1370206114263,57.999326447148036,17.913403337152268,19.661682678717085
221.68721212795435,57.497205399715185,17.89769674626796,20.075535070068472
