38.5,25.5,36.0,68.0
37.783049968741494,25.030518869949674,36.43390006251702,67.93896226010065
37.69045822911016,25.722785887748238,36.61908354177968,68.17594185514808
37.69580047643935,26.521806341022,36.608399047121296,68.20606421064875
37.767056006068074,27.239566736388987,36.46588798786386,68.39896665441067
37.12353343734114,28.133139138012737,36.12411423556241,68.24064074091848
37.382103808083755,29.18687188657143,35.60697349407719,67.75381600870901
37.51910332091049,30.171423418433058,35.33297446842371,67.38934438258902
36.89979558202405,30.563743536013867,34.97700499449482,66.6047041474274
36.94437481732817,30.953222281961473,34.88784652388657,65.82574665553219
36.29043778506245,31.302571455374476,34.631709766145306,65.12704830870618
36.16584694457795,31.561857161735603,34.880891447114315,64.60847689598393
35.528685546251744,31.688844812422346,34.60920591082508,64.35450159461044
35.45120487569024,32.342003703255656,34.764167251948095,64.58581467796037
35.458249291439586,32.37257942026328,34.75007842044939,64.52466324394513
35.43964964450534,32.35163767364217,34.787277714317895,64.56654673718734
35.442090406912286,32.31575023382658,34.78239618950399,64.63832161681853
35.46149477726796,32.340599785821624,34.743587448792645,64.58862251282844
34.771562363676885,32.45452938817654,34.5800826546984,64.3607633081186
33.83320620927191,33.42549063319894,34.919570024179556,63.95606575740261
33.62778573114318,33.593660083112326,35.33041098043702,63.61972685757585
33.60204962426235,33.755662790229096,35.38188319419868,63.2957214433423
33.771935226089965,33.798711281623746,35.042111990543454,63.209624460553
34.68440290977062,33.7296728798119,34.745342467818276,63.3477012641767
34.6938430238816,33.70367492440763,34.726462239596316,63.399697174985235
35.57933291782061,34.39217020452852,34.48106995313197,63.54829411615712
36.36909962127626,34.47107966522056,34.42512337393536,63.39047519477305
36.55938920132561,34.47141895025196,34.04454421383666,63.38979662471024
36.51642585136753,34.53789871907795,34.13047091375281,63.25683708705826
37.18271725349986,34.684627303905245,34.31119955686781,62.963379917403664
37.894084079796954,34.81833585232873,34.40054719787859,62.6959628205567
37.99326894095425,34.65963567917824,34.20217747556399,63.01336316685769
38.74531419095662,34.91278720111789,34.209042655118886,62.50706012297839
39.42765648692168,35.088805024477736,34.34798020001772,62.15502447625868
39.27757926232837,35.202296974146506,34.64813464920433,61.92804057692115
39.92624589870676,35.265546219417836,34.85336815809134,61.80154208637849
40.49735390581348,35.162442295628004,35.2153397254968,62.00774993395815
41.09374694633628,34.96229936935463,35.53593040455749,62.4080357865049
41.78104768121518,34.71740002437386,35.686057157745424,62.89783447646644
42.41361750009773,34.411791113970395,35.95542782003492,63.50905229727338
43.193743960193885,34.24333421921209,35.94328321900554,63.845966086789986
43.17950998408125,34.15683079818981,35.971751171230814,64.01897292883454
43.12266249174495,34.10638937889457,36.08544615590342,64.11985576742502
43.95835860357939,34.91295251198891,35.973387102162945,64.06606267116477
44.83170299182122,35.63453485296616,35.78333371597269,64.17953337950367
45.92877376100422,35.643439232203846,35.144270094377994,64.1617246210283
46.148016192328825,35.598486726336276,34.7057852317288,64.25162963276344
47.263881725663246,36.293429818419874,34.01182340471472,64.399512688251
49.85071435172591,36.98118643029883,33.42235411768226,64.55206478619071
49.770079434963286,36.93764210009346,33.583623951207514,64.63915344660144
51.31796746474276,36.92581209021665,33.53631052726236,64.66281346635506
51.23464588175027,36.91010094580206,33.702953693247345,64.69423575518425
55.18550107727205,37.572192411188986,33.436685224268906,64.89714120882341
54.99115273419183,37.42419381512269,33.82538191042934,65.193138400956
55.56227769925722,37.309824940502715,34.219635049997066,65.42187615019596
55.35713447844846,37.292688315389405,34.6299214916146,65.45614940042258
56.178048642920224,37.20269828280307,34.54225941675533,65.63612946559525
56.80414882528019,37.10072222642221,34.84536351329926,65.84008157835697
56.676125104257764,37.10954225939516,35.1014109553441,65.82244151241106
56.751213088127145,37.030389865062105,34.95123498760535,65.98074630107718
56.778665955035876,36.86706973475453,34.89632925378789,66.30738656169233
57.65057219864332,37.57754435469622,34.72374109886908,66.45766165410502
57.649538461009556,38.33012991704571,34.725808574136614,66.52295747927718
59.29599605780356,38.21180578289203,34.575812851143105,66.75960574758454
61.63296681066204,38.12605927613084,34.61892472217637,66.93109876110692
62.396720534424425,38.156411181284746,34.6670217748772,66.87039495079911
63.13211851642171,38.17882065888164,34.771767727028134,66.82557599560532
63.838621011227936,38.20138740726506,34.93544758191548,66.78044249883848
64.60673478216316,38.261522018372446,34.978053721954055,66.66017327662371
65.50469349865944,38.29104483241487,34.75993737374896,66.60112764853886
65.53534087089194,38.3118956876001,34.69864262928394,66.5594259381684
66.45600724512268,38.28183625507947,34.42883775823524,66.61954480320966
67.33034765157193,38.164121820435966,34.24792967388822,66.85497367249667
68.2389639528971,38.16270852504829,33.9988045642552,66.85780026327203
69.05599642180083,38.186731674511776,33.92859755971531,66.80975396434505
69.81992372126804,38.17677154453827,33.962688153468086,66.82967422429206
70.61551113946624,38.154895572151624,33.93433743033599,66.87342616906535
70.58767836152425,38.008186469440616,33.99000298621994,67.16684437448737
72.05313792529064,38.770513229070936,34.19553546901303,67.21041666038967
71.93502315639348,38.70652415884048,34.43176500680735,67.33839480085058
73.52849532453462,38.63538685606396,34.40151609764432,67.48066940640362
73.54008549605332,38.5361033614585,34.3783357546069,67.67923639561454
76.09192682446394,37.56100442928244,34.02189458998558,68.04702042923334
76.9940258897764,37.44056898692743,33.79933560144465,68.28789131394336
79.38507522007998,37.32731212411207,33.7611630682361,68.51440503957409
79.13998742492568,37.32433032185365,34.251338658544704,68.52036864409092
79.90458657840651,37.17712097760064,34.31465698011296,68.81478733259695
80.74954363323303,37.053842628407864,34.22265344657234,69.0613440309825
83.31484165055416,37.95796308279804,33.89181627460283,68.85302274309306
84.1666057701537,37.88807846702632,33.77944303683928,68.9927919746365
85.04035862931329,37.714344082875314,33.623184614757726,69.34026074293851
85.8721926205196,37.65450458941093,33.55311939766224,69.45993972986729
86.71816241187507,37.61957422202514,33.45531012179518,69.52980046463885
89.27003522215759,37.4922179002175,33.13191273799191,69.78451310825415
89.30218358522723,37.31249282258875,33.06761601185262,70.14396326351164
90.19715677157221,35.897332987538114,32.873311162766925,69.78299988640437
92.71899508796395,36.29469192258622,32.590664052741786,68.98828201630816
92.62120041825925,36.61680876531781,32.7862533921512,68.34404833084497
93.45579264630368,36.084523942073034,32.68163251974677,67.84405439365011
94.40309438865758,36.003647434707425,32.342495637525474,68.00580740838133
95.3156352032911,35.05059739415207,32.06934037497332,68.35998112277717
97.78500514735771,34.794757979538666,31.787558053174752,68.87165995200398
99.29774143656041,34.4887938295946,31.87175063632836,69.48358825189212
99.88588350866881,34.54717208772527,32.26064904353754,69.36683173563077
100.56799603688322,34.635274396174204,32.46670539973855,69.1906271187329
104.93222683573138,34.648979094322605,33.16613691327479,69.1632177224361
105.39029519532198,34.99698117796487,33.83308910996705,68.46721355515157
105.70453050024165,34.79259865482846,34.78912809354652,67.29146900800559
107.07478029126165,34.4621337437276,35.21624750033057,66.36858933579528
108.36409529992756,34.63351134008324,35.79282908354334,66.025834143084
109.25395858989725,33.88372536073462,35.59553323146666,65.94297537391849
110.96229170775189,33.232291782668355,35.3345505631671,65.66800074634617
111.89797503240585,32.592004411393674,35.03252250891031,65.37923689384436
112.84901225164893,32.57412241959717,34.690377905551195,65.41500087743738
112.93853678166498,31.886044162563152,34.511328845519095,65.23655929373811
115.30983684092473,31.21633762084533,34.415461616851886,65.02706141388965
115.12364128224493,31.37203721770811,34.78785273421147,64.71566222016409
115.94234646148303,30.18403404099591,34.69643608812095,65.5456748612028
115.86124397903754,30.265623145265685,34.85864105301194,65.38249665266325
116.49203040886243,30.344262071397694,35.15407044467774,65.22521880039923
116.5068754468252,30.447682314526176,35.12438036875222,65.01837831414227
116.57214316373316,31.227169949737473,34.9938449349363,65.01559903529714
116.72104607783866,31.06892691304155,34.6960391067253,65.33208510868899
116.78705023946424,31.037666178460015,34.564030783474166,65.39460657785206
116.88054492049444,31.02543827884007,34.37704142141373,65.41906237709195
117.08535431377584,31.06392511805185,33.967422634850934,65.34208869866839
117.22987623683943,31.167122394890434,33.678378788723776,65.13569414499122
117.13989606671429,31.44711972453318,33.858339128974045,64.57569948570573
116.97167476133129,31.600432880539167,34.19478173974005,64.26907317369376
116.72202715046393,31.835592034929075,34.69407696147478,63.79875486491394
117.38609732129362,32.09710519428599,34.896844776016295,63.275728546200114
118.16043790634725,32.210558627572915,34.87482955364941,63.04882167962626
118.82769574655808,32.322735715584756,35.06326171511177,62.82446750360257
119.58478809900475,31.54793469000453,35.07192441489854,62.85122215008292
121.90667665663707,31.71599411566961,34.99831519423789,62.51510329875276
123.42093443087026,31.212998581403745,35.004159834463174,62.00391427293866
125.14477918178565,31.339160101207963,34.57594175109904,61.751591233330224
125.84509391514159,32.39417795154438,34.6740488735451,61.14029212181535
126.60122560293388,32.536944709444526,34.65316545417068,60.854758606015054
129.7424217843624,32.526971185237265,34.31800449693521,60.874705654429576
129.54455632126852,32.183638367358206,34.713735423122955,60.07995713050482
131.6577880351658,32.38428072320771,34.91640910746814,59.67867241880582
131.47380841039944,32.74624426764946,35.28436835700085,58.95474532992231
131.29489446404077,33.8174178491896,35.64219624971821,58.28173679465492
132.18457832296707,34.03565594145842,35.32818404435558,57.84526061011728
132.99883631447852,34.27667876452656,35.15325877097177,57.36321496398101
134.01235879348872,35.15998358352762,34.56969717734874,57.04008869037623
134.25649027496377,36.14408894329523,34.08143421439864,56.50075366830965
136.08106825238107,36.208687069939906,33.25758019669071,56.37155741502029
138.65025985321637,35.95552852149505,32.30975534731178,56.87787451191001
139.87656034136123,36.49568741776601,31.24546185762605,57.18586420597209
143.72510999070602,36.918149530006644,30.42207803864081,57.71568307743169
143.92759726723708,38.1875457837876,30.017103485578666,57.9137856734919
144.15879936303844,38.863044046341855,29.554699293975922,57.927189419119344
144.4264075174731,39.37151693429908,29.0194829851066,58.26688419248404
144.5508423653774,40.40805269620708,28.770613289297998,58.89855477211148
145.31686225839383,40.87180545120728,28.595853484235114,59.328329243081015
145.86285628616088,41.59813866582917,28.86437585987099,59.236173245007215
146.47673157767588,42.313456955970956,29.0004520343379,59.16936342222051
148.53542587408833,42.89638822644586,28.97869619670042,59.368711799666514
148.42047879313063,42.484338354017815,29.208590358615815,60.1928115445226
149.532884612754,42.32882207473162,29.751253504015523,60.50384410309499
150.5942244842701,42.15984089835301,30.42392713069586,60.8418064558522
151.7087427685133,41.33750013002362,31.023376934887928,61.072244806171724
151.575796683214,41.35489735961576,31.28926910548653,61.03745034698744
152.45069955961912,39.60767506831077,30.971488735566606,61.667844163816795
153.31542055891964,39.53162277144485,30.677813482628864,61.81994875754863
154.21376308561514,39.40570484921737,30.314042563726503,62.07178460200359
154.9783779633065,38.608500628223766,30.215103101402818,62.235902750931764
154.7644273142096,38.76750675200386,30.64300439959664,61.91789050337157
154.92165486351865,38.73826316649344,30.328549300978523,61.97637767439241
154.85400877748614,39.5978006759464,30.46384147304357,61.6864533520197
154.80999967500273,39.58345980091384,30.551859678010388,61.715135102084815
154.5981497538,40.33140761984468,30.975559520415878,61.648445306227224
154.2798658751148,40.574199781578905,31.612127277786193,61.16286098275877
154.27293085437663,40.48117106135526,31.625997319262552,61.34891842320606
154.38606890991906,40.23101277231039,31.3997212081777,61.8492350012958
154.46888858233697,39.38322858305017,31.23408186334187,62.098997893142304
154.6326724129058,38.993727707000964,30.906514202204207,62.877999645240706
154.64920644687228,38.9451866163604,30.873446134271255,62.97508182652183
154.61269312007425,38.790098299277304,30.946472787867307,63.28525846068803
153.18130934067915,37.83972971166287,30.891357126983124,63.727054026079685
153.20613642327461,37.93480325451807,30.841702961792166,63.53690694036928
152.98235358050079,38.61488429425036,31.28926864733985,63.63753792075221
152.90736804919166,39.3132087031698,31.43923970995811,63.710905855415305
153.67231538360713,39.408498433589926,31.383028217953942,63.52032639457505
155.9761774756675,39.63803296037273,31.185092886194152,63.06125734100944
156.05190380185763,38.85489635997772,31.033640233813884,63.167724708741545
157.43679730576088,39.05943029278483,31.18132849468104,62.758656843127326
156.5218624852862,39.362274979327196,31.55587421246495,62.152967470042604
156.2715459902304,40.22863259519539,32.05650720257655,61.87319153645256
155.32873910837026,40.5735302037053,32.48466011087976,61.183396319432745
156.04786165988472,41.40682302320485,32.50110532793793,60.97150100052076
156.79982905236693,41.63883228611935,32.44903090005525,60.507482474691756
154.39181634392284,41.88014866756123,32.932598945889325,60.024849711808
157.3779449494926,41.97694011758608,32.74158457519177,59.831266811758304
172.05503302879507,29.141387451716906,32.17147659256347,61.03591419391652
172.5602759660049,28.186459077889836,32.60814939009738,61.4986122696171
173.54609294304444,28.24973624607137,32.0979487929677,62.83349129020348
173.5760151625447,28.000440677595364,32.03810435396716,63.3320824271555
172.85510302508084,27.010593030015286,32.001432615193664,63.83328170861442
172.6312194333429,26.78911791723508,32.449199798669554,64.27623193417483
173.47249064622497,27.243559054349703,32.26604723678268,64.86673952382287
173.36955229940267,28.06184326556842,32.471923930427316,64.73502514060165
173.47767121649716,28.0166460606017,32.2556860962383,64.82541955053509
173.48465264260835,28.12163506787838,32.24172324401596,64.61544153598173
172.56999596956672,28.13515706012661,32.570272468362866,64.58839755148527
155.27469640446085,45.53032856661143,32.52191062961553,64.43701550747465
154.19214337624788,48.11484081952578,33.18402210573914,63.776974742552966
153.08788082116573,47.07003066880674,33.88781604180809,64.36186386989573
150.68835827465895,47.20510757932692,34.1107006610658,64.09171004885536
150.61888672324648,47.01269210329864,34.2496437638907,64.47654100091192
150.6968449833525,47.60953660647473,34.09372724367872,64.81612281436001
150.60204259891142,46.77441494807242,34.283332012560834,64.9507837810635
150.69868200227927,47.31542640950957,34.09005320582513,65.40957004823952
150.7036269834864,47.230334773416814,34.08016324341088,65.57975332042503
150.0157190187786,47.09157036045755,33.90943313741042,65.85728214634355
150.10886835545378,48.657890249470704,33.72313446406006,65.81999516582259
150.16145455679052,48.420586721432464,33.61796206138661,66.29460222189907
150.19662279220856,48.4213586268766,33.54762559055052,66.2930584110108
149.50082590352093,48.36838801048265,33.391398268713495,66.3989996437987
149.53427735407257,48.29479942101534,33.3244953676102,66.54617682273332
149.53837783990306,48.310292427796156,33.31629439594921,66.51519080917168
149.59274636661797,48.46818724147259,33.20755734251942,66.19940118181881
149.5671900799918,49.26151756850757,33.25866991577175,66.15332470100157
149.49409113948462,48.6572017996356,33.404867796786135,65.82116295842039
149.5419158487159,49.313916795617274,33.309218378323564,66.04619211203382
149.46072335338886,48.67107598481222,33.47160336897761,65.7917739225557
149.48412700507987,48.634691057481824,33.424796065595615,65.8645437772165
148.79026541318308,48.62199765641551,33.27308214107636,65.88993057934913
148.8906939817977,48.64194569477678,33.07222500384712,65.85003450262658
148.96596518057925,48.59647164020956,32.92168260628405,65.94098261176103
149.03297666992944,48.64446688790404,32.78765962758363,65.84499211637207
149.09752293521294,48.603011824775336,32.658567097016665,65.92790224262947
149.1618519241872,48.504234810487546,32.52990911906812,66.12545627120505
149.20794998618436,48.44712549438679,32.4377129950738,66.23967490340657
149.17334586359672,47.592750545447856,32.506921240249085,66.42056755572116
149.157616344664,47.48547510485899,32.53838027811449,66.63511843689889
149.12880742949295,47.59053816977563,32.59599810845665,66.42499230706562
149.13892127011903,45.99834766191931,32.575770427204475,66.54277019653074
149.14347966183522,46.04574473504455,32.56665364377211,66.44797605028026
149.11270529996634,46.099115604974315,32.62820236750988,66.34123431042073
148.50585096411726,45.91697159379241,32.309273434741115,66.70552233278454
147.16730136021957,45.67038447366758,31.92153255583333,67.1986965730342
147.24501776805664,45.53587801392088,31.766099740159184,67.4677094925276
145.06832060138942,45.5787784019289,31.517291739384724,67.38190871651156
144.27156887700383,44.75374847729165,31.582311088029208,67.50348446565934
143.5048915583262,44.041765931257494,31.58428164359228,67.39606547593546
142.79648371479783,43.93578316392626,31.471239582763715,67.60803101059793
141.41514423654576,44.68839519269783,31.171988087957736,67.63377217870983
141.32837597681234,44.97797109004784,31.34552460742459,67.05462038400982
140.60597237188549,45.16194697096678,31.26959764959203,66.68666862217194
140.51505408364622,45.56309097659444,31.451434226070553,65.88438061091662
139.65574511853396,46.257857757881304,31.66448806514942,64.49484704834289
139.5995872491178,46.776651144877896,31.776803803981778,63.45726027434971
138.76115831379013,47.407088972608705,31.977845735363616,62.19638461888809
138.01212639060648,47.85209326660129,32.01506799236107,61.30637603090292
137.38036328898298,48.07898231339662,31.830152272651794,60.85259793731225
134.68175233831505,48.337032547906084,31.472916554997994,60.33649746829333
132.8557923527822,48.46003349905704,30.85009181413845,60.09049556599142
132.58858867431948,48.38693649166556,29.97389458188691,60.23668958077438
132.24926795540517,48.266907271603365,29.25490633727258,60.47674802089877
132.42738120896755,46.71774900374724,28.89867983014782,60.79770927738302
132.64454186598584,47.8419167568202,28.46435851611126,61.32369346455079
132.7042703451303,47.32232345011779,28.344901557822308,60.975645201376324
132.8605076543151,47.923429278310486,28.032426939452762,61.15352978451982
132.9392564073454,47.27308460455286,27.874929433392147,61.077000133662025
132.99962070477824,47.317084422590696,27.754200838526454,60.989000497586346
132.43037567562314,47.268019142811625,27.522725485234712,61.08713105714449
132.53464650380235,46.42231966518068,27.314183828876313,61.41119735613617
132.680991994285,45.64187623344546,27.021492847911034,61.60371852438229
132.9096560999581,45.45729040594154,26.564164636564755,61.97289017939012
133.13500220480284,45.403432566662175,26.113472426875347,62.080605857948854
133.2896978056782,46.07910736201019,25.804081225124598,62.08612123764709
133.4055115770501,45.330832068230144,25.572453682380775,62.231207799060556
133.46164613579214,45.2607121917514,25.460184564896714,62.37144755201804
133.50200577803093,45.323359500945415,25.379465280419144,62.246152933630015
133.58515060872685,45.317363135206215,25.213175619027314,62.258145665108415
134.43226484508915,45.07104552476707,24.862391330951038,62.75078088598671
134.49853138818054,45.61191054779928,24.729858244768224,63.01331962110052
134.52272334544065,45.10550559054661,24.681474330248005,62.68046095908653
134.6419062766747,45.64590566540229,24.44310846777993,62.939690512544175
134.70149859278555,45.070317923623506,24.32392383555822,62.7513809478588
134.77432846481037,44.373534080877235,24.178264091508606,62.81029546339886
134.82623072990043,44.25309425609954,24.074459561328464,63.051175112954255
134.96520086409055,43.27762511779817,23.796519292948233,63.66763640793023
134.32395063270684,42.46654494260795,23.740716614615973,63.951493617211014
134.24024589426085,41.702377054428624,23.908126091507928,64.13847347492171
133.501091895804,41.63305925868423,24.039392204573968,64.2771090664105
132.69332994563896,42.531884213047874,24.303530558469582,63.83084470411765
112.22151222838997,51.392215506056374,26.10448991924715,60.95740407709803
111.70422053733269,51.700993067731,27.139073301361723,58.99934054688272
110.61109122317345,52.59410864227629,27.99498136918858,57.21310939779214
129.61706788886752,45.1172166442466,26.922476848090007,58.97423310446239
130.06997499427385,43.734919703369606,26.01666263727739,60.41262836281807
130.3382805118583,43.98648944127464,25.48005160210845,61.24058434576731
129.78102527352752,41.62012304856377,25.261017787826596,61.972684258358726
129.90813528531874,43.46742111659911,25.00679776424412,62.29866152406805
130.6541066742276,42.61492857189677,24.85520712510254,62.6632944747966
130.6923250148429,41.80822817694791,24.778770443871917,62.93381028975318
130.8126936720642,40.818930288884644,24.538033129429294,63.56700409013121
130.83373360639013,42.72981421147681,24.495953260777465,63.79575642690273
130.05821279830604,42.63089493319533,24.69429884414786,63.993594983465684
130.8106791186622,41.78064156310012,24.548449891645443,64.33501803544624
130.78081649777727,43.1015892379388,24.6081751334153,64.4158400406303
130.8697233027074,41.67797784884614,24.43036152355499,64.53588870269027
130.91247433664847,43.70713339696789,24.344859455672832,64.56391923961374
130.95937964751084,42.880995007356475,24.251048833948143,64.85521707264448
130.97988361677128,41.582756300425075,24.210040895427277,64.72477851106532
130.90470891566667,41.623434826440736,24.36039029763646,64.643421459034
130.93530002608816,40.85337690616794,24.2992080767935,64.82114208009114
130.905240686217,40.09054999149204,24.35932675653579,64.98295891453228
130.90471892718307,41.50297815534632,24.360370274603678,64.89256637706107
130.95289925414278,40.818972220093684,24.264009620684256,64.89462014982934
130.94184421237588,40.19425012471084,24.286119704218017,64.77980987377192
130.94397243352722,42.435824585985785,24.28186326191537,64.3856928283048
130.9173380740926,41.72075302169909,24.335131980784585,64.45853835309468
130.82357253311872,42.4306049188317,24.52266306273234,64.39813128011481
130.09752567862392,42.370683215984535,24.612957330656634,64.51797468580914
130.05820988782193,43.027019089278326,24.691588912260606,64.57043791735276
129.3254106907677,42.967702793846634,24.78989084484372,64.68907050821615
129.29047612978445,43.762062325110236,24.859759966810252,64.47110921734281
128.54389113319647,42.96195707548683,24.984041768316374,64.70243152491979
128.38862388568748,42.22514385368356,25.294576263334392,64.80162977500876
127.66662422519525,42.04331908502249,25.3571681994447,65.16527931233091
127.38496408366183,42.17227578847081,25.920488482511544,64.90736590543426
126.51912721013365,42.73834793817184,26.258062088181852,65.16932174741822
125.60916170205239,43.61635912167363,26.674116152889702,64.81717633186933
125.41171605100124,44.359811263440456,27.06900745499202,64.73648257157284
125.20946925638218,45.23993378721862,27.47350104423011,64.38828888005094
124.97935486924702,45.45683472541378,27.933729818500446,63.95448700366062
124.11708314943826,47.02187262183645,28.242234412777584,63.65648890149603
124.04667886336583,46.58255444882725,28.383042984922454,63.117969940559696
123.89091000788578,46.972801620895666,28.694580695882536,62.337475596422884
123.72418373902087,47.99608602549391,29.028033233612355,61.69687706775107
123.62440911427338,48.477161083406486,29.227582483107334,60.73472695192593
123.47061390247896,48.776342454147084,29.53517290669616,60.136364210444725
123.39254865416581,48.91696611602397,29.69130340332248,59.85511688669095
123.32065807161277,49.071821220739324,29.83508456842857,59.54540667726025
122.6453954512711,49.0471672266809,29.800474613741464,59.5947146653771
121.90446525192988,48.84721765749489,29.89707728675962,59.99461380374912
121.77693851567216,48.54766838179149,30.152130759275057,60.593712355155915
121.02879274296834,48.23546331375604,30.242498830961033,61.21812249122681
120.21880397594482,47.8265832765303,30.445875830202134,62.03588256567829
120.0805303595244,47.469461330398346,30.72242306304299,62.750126457942194
120.01564931648424,46.88177572626006,30.8521851491233,63.92549766621878
119.96817013376278,47.1638517190166,30.947143514566214,64.82798149435887
118.43988666786527,46.632584110951186,31.040862898929163,65.89051671048969
117.59829647361632,46.23096490698665,31.22553533305497,66.69375511841876
117.41602304002572,45.8783001591533,31.590082200236175,67.39908461408547
117.21367761195997,45.65287815847397,31.994773056367677,67.84992861544413
115.5464539069548,45.39138779727964,32.24200689370158,68.37290933783278
114.58843910986485,46.04455041385728,32.60252090918122,68.62209968337777
113.78151707697113,46.665555253872526,32.650949919604244,68.94550505871175
111.40137018634776,46.46625842032215,32.69835935461927,69.3440987258125
111.32023439380056,47.38160706293631,32.86063093971367,69.09098376742136
108.2962963885621,48.20551288560656,32.60160230034023,69.01989828454346
108.18394300875093,48.49852327704842,32.82630905996256,68.43387750165974
108.15105816206699,49.38142984717836,32.892078753330466,68.2346315781706
107.49249897954682,49.61371604801447,32.64438851939059,67.77005917649839
106.83838936105396,49.49627413142395,32.39886541998581,68.00494300967942
106.18041493765708,50.28558963646936,32.16191995872495,67.97920630764322
106.21573503478722,51.073449157214164,32.09127976446468,67.95188420813083
105.47104645847143,51.108162516365816,32.03388718629953,67.88245748982753
104.73998991949874,51.12453316615452,31.951239357762937,67.84971619025012
103.89693290174617,51.46836416076954,32.09450801105497,67.16205420102008
104.04513685830844,52.22666533268471,31.798100097930416,67.18078913585758
103.36520263067293,52.16719982021667,31.627515190909264,67.29972016079365
103.37112498866328,52.06714612301986,31.615670474928557,67.49982755518728
103.37933768406712,51.99438478939002,31.59924508412087,67.64535022244696
103.47396748742867,52.78632056285617,31.409985477397775,67.59521896692597
103.42262408674775,52.07032788878078,31.512672278759617,67.49749409888463
102.54307451999799,51.37482836690244,31.74168880190627,67.35841053228843
102.56399478469655,52.115149338684546,31.699848272509143,67.40982204160406
102.59558644288524,52.11992535961414,31.63666495613178,67.40026999974486
102.56299656777617,52.1711152680827,31.70184470634989,67.29789018280775
101.75323855760526,52.22179779564744,31.79088106813966,67.19652512767827
101.11116220423571,52.04785341847777,31.54447726732124,67.54441388201761
100.35721869050391,51.97275342213194,31.521045410944225,67.69461387470928
99.74161129173301,51.83835927703859,31.219168541622025,67.96340216489597
98.96860196168628,51.87788628900511,31.233466409733346,67.88434814096293
98.33561654471578,52.7246932523134,30.968613448459045,67.72155800956165
98.34637461934179,52.94286483093969,30.947097299207023,67.28521485230907
97.74911056590228,53.20304624739576,30.624499520134854,66.76485201939693
97.17300332878551,54.99333186425595,30.272776679847453,66.19215541471846
96.26440717896631,54.937797635606216,30.600489226694624,64.8137441192267
95.38311785947884,54.67068846504287,30.887883244809192,63.872777839493004
96.29435436584177,56.28996340110469,30.531897810063086,63.56720312332884
95.76171535051984,56.34965168286917,30.141319532525635,63.44782655979988
95.36290137724444,56.30335061380511,29.491618843232104,63.540428697928
95.7280411145535,56.96041826653735,28.761339368613992,63.66364498798082
95.92381323257842,57.076107446546345,28.369795132564136,63.43226662796283
96.0536935392602,56.5751668001188,28.11003451920061,63.01799813915987
97.0213127672892,56.55307531584299,27.580389946724313,63.062181107711496
97.09910492753392,55.89288099499462,27.424805626234892,62.985647020239284
97.92275866274689,57.218598955096034,27.170575384880287,63.12036555817913
97.74432324276671,57.29281613587139,27.52744622484066,62.971931196628425
97.61397590874171,56.510853930257085,27.788140892890652,63.14116921351328
96.78324867037603,55.73917137808622,28.047875409132175,63.282814357365154
96.73924939220115,55.74885650163328,28.13587396548192,63.26344411027104
95.92013495554237,55.29446952426865,28.364502981269062,62.76261820746987
94.38721246438861,55.33082005741417,28.617631167677057,62.689917141178825
92.15210200715201,55.33644356686696,28.85864178414951,62.678670122273246
91.33725868567491,55.330085797778324,29.074540351052256,62.69138566045052
91.29873918234313,54.66202055856207,29.151579357715846,62.60977238267746
91.29623786469934,55.09937502901141,29.15658199300342,63.152966743821985
91.3095064654454,54.93040909953077,29.130044791511303,63.490898602783275
89.96360501667651,55.34132684854484,28.961215822450697,64.09937903805431
90.01612646469094,55.712175087153106,28.856172926421827,64.7938646323547
86.4255826447217,55.425552595034546,28.815279650485714,65.36710961659182
86.38574548994482,56.13904428772554,28.89495396003947,65.39209708975619
86.39119490514385,54.46594515769841,28.88405512964141,65.83082947684888
85.69440471329668,53.42845368094206,28.81775005001809,66.44592696704392
84.22299003347464,52.51894813472822,28.82536704556169,66.79733187742136
83.49090298909253,52.33746865687161,28.81672592283885,67.16029083313458
82.53345533050484,50.77394623288664,29.253718950972974,67.33153110302196
77.87644816393676,49.09078521899626,29.639247840260207,67.7216913161864
77.65805085301295,47.657076280397824,30.076042462107804,67.5880936949534
77.5973456807161,47.77378005629421,30.19745280670149,67.35468614316063
76.66185211499865,47.79164172276254,30.563433334699965,67.31896281022397
74.5828794588169,47.65106407010976,30.188668906547143,67.60011811552953
74.6322821101679,47.63780765171994,30.089863603845153,67.62663095230917
72.61630186809384,49.34609102794446,29.600659222548074,67.22417411015694
70.95308188459744,49.75342740055487,29.94182673383938,66.40950136493612
69.97226755008666,50.67301673845584,30.416620337882808,66.0571577541123
66.33666311725979,51.486043901149834,30.237646897591468,65.92113988991333
66.31578347302569,51.59587775496297,30.279406186059667,65.70147218228706
66.34347978879684,52.46711185329248,30.22401355451737,65.44148153611886
66.2206922786884,51.22313532304912,30.46958857473423,64.97396103394487
66.19062583803209,50.45695326331396,30.52972145604687,65.03109248179621
66.1495643827138,50.41469936714018,30.611844366683457,65.11560027414377
66.90685380555578,49.72703862135153,30.577035737813347,65.01115154890722
66.96458620486148,48.72114500482394,30.46157093920195,65.54529312292584
67.06167066191341,48.367079016306704,30.26740202509808,66.25342509996031
67.23915767764113,47.07340445888323,29.91242799364265,67.35049997775002
67.38880801169387,46.601103344452895,29.613127325537164,68.2951022066107
67.49874781527403,46.17612091176216,29.39324771837684,69.14506707199216
67.5954185749483,45.247085907252675,29.199906199028295,69.48641708688463
67.52851026820962,44.21895621270108,29.333722812505666,70.02445494102768
67.38067414692375,43.07463997931469,29.629395055077403,70.78474400461756
67.19232458177602,42.87243525361156,30.006094185372856,71.18915345602382
66.94042583563126,41.92610788948489,30.509891677662367,71.52477887115226
65.91981352143634,41.125285381682765,30.980340660921385,71.55564824162566
65.68400631947537,40.99956603920681,31.451955064843293,71.80708692657757
65.34886180724503,42.0283173364486,32.12224408930399,71.34104649553667
65.17039305323812,42.29196529047083,32.47918159731781,70.81375058749222
64.94924363536617,41.6087002981309,32.921480433061696,70.58518221490144
63.950697485255645,41.89830109011662,33.31906734270021,70.00598063093
63.045591902740114,42.84466066097065,33.53126672463131,69.71127327232189
62.11845971347779,42.978375280568926,33.78812012245763,69.44384403312534
60.36076140309963,43.225886674584316,34.10757085896622,68.94882124509456
59.60077213582221,43.42207536776197,34.03126272245356,68.55644385873926
58.307960804737554,42.56070930781867,33.43840581484865,68.68993619373876
56.83188128406242,43.75531296045441,33.22872223635389,67.88165019838978
55.59508376664617,44.122984251799295,32.57130939192215,67.14630761570001
54.30380461136255,43.77926240153769,32.067091091307894,66.29036301063249
53.03175183287647,44.968027467438034,31.566857739949924,65.43500233299687
52.44041899849325,45.208163969200044,31.248495736938096,64.95472932947285
48.900996627903666,45.56934139241324,30.884812735120416,64.23237448304646
48.90604479618061,45.80845802853458,30.874716398566534,63.75414121080378
48.834402841209375,45.20297280702394,31.018000308509,63.50058080301455
48.740326234738504,45.12438850330869,31.20615352145074,63.65774941044505
48.03170998109646,45.163607230482626,31.15451394494012,63.57931195609717
46.51669617070755,45.00930942995666,31.25087412415424,63.8879075571491
46.41059313450815,45.72101615940461,31.463080196553044,63.93749701820429
44.84781910271489,46.413384401854195,31.63382506093302,64.03016213290839
43.92277366114612,47.19183241546602,32.00220710169917,63.95497494805615
43.8849905227427,46.951949062162306,32.077773378506016,64.43474165466357
43.024873868541235,46.91257859416045,32.30271465136919,64.51348259066728
43.04426567826032,46.72974787512344,32.263931031931016,64.87914402874131
42.90357868745146,46.632251039234156,32.545305013548735,65.07413770051987
