144.5,28.5,24.0,29.0
144.13356445621773,27.781647247951497,23.73287108756457,29.43670550409701
144.2360663957347,27.970205954724385,23.527867208530598,29.89402183807728
144.31778987018416,28.222739300853053,23.364420259631686,30.227064445619682
144.37302924586518,28.53629653400265,23.25394150826963,30.440487283727826
144.84435985734385,28.423180123871283,23.153271323947358,30.666720103990556
144.88859909573608,28.73263207566707,23.064792847162863,30.891608560186754
144.88150225393105,28.6855514663845,23.078986530772973,30.985769778751894
144.87983282700878,28.650423003600142,23.0823253846175,31.056026704320608
144.8999974354083,28.621017565333833,23.041996167818475,31.114837580853226
144.49639830426156,28.60814158458099,23.000413540301402,31.140589542358914
144.51093461533299,28.224558473349056,22.971340918158525,31.05926425993718
142.44839008707223,28.216524626814724,22.86251736243045,31.075331953005843
142.00182371651093,27.838751933463854,22.91040416798058,30.985631404135134
139.4369495125419,26.590152862831328,22.972137987979096,30.948822251430407
139.3784108427043,26.203860044046188,23.089215327654266,30.876287929257174
139.35039188789938,26.228106761702694,23.14525323726414,30.82779449394416
138.9105563814181,25.81571299535973,23.17881462510598,30.80647240150939
138.48858589460426,25.425922246118624,23.176422344618906,30.7397206458768
137.7050083951478,25.44143976637425,23.05301800440403,30.708685605365552
137.6649794657863,25.020854046132992,23.133075863127004,30.707062368288085
137.2648219494905,24.651823570239408,23.08931466486868,30.60104708922533
137.22491504776005,24.620404376045308,23.169128468329564,30.663885477613537
137.18569744038427,24.601153541978363,23.247563683081133,30.702387145747426
137.1284153795232,24.55051417328895,23.362127804803286,30.80366588312625
137.09808721812357,24.438702304867366,23.42278412760256,31.027289619969416
137.10945439500645,24.334251697730345,23.400049773836784,31.23619083424346
137.9947115494127,24.66525273976286,23.34248092036759,31.430661477850073
138.9164994898399,25.422984634877167,23.215875026801655,31.632167674909983
141.13478738150897,25.389908517330603,23.076649720468843,31.698319910003107
141.18454149272716,26.139000603712645,22.97714149803242,31.916519407710567
142.5255363229464,26.165483573236866,22.8747376660901,31.863553468662126
142.9728689352539,26.541691987457558,22.837452272181967,31.96851647092759
144.69426106552237,26.53804801488897,22.828084082973913,31.97580441606476
144.69291027603884,26.573916127434135,22.830785661940975,31.904068190974435
145.56714605276892,27.026655985338557,22.79685502269591,31.85585893227314
146.42670927003257,27.452329114673567,22.789697382060332,31.860497070549
146.88975936155342,27.894424120761915,22.7195341155547,31.832243974908344
149.07654452539867,27.96564443410668,22.61774936599749,31.689803348218817
149.07290400182882,28.389068527212473,22.625030413137193,31.69348727338217
149.51790535315854,28.405234891064367,22.585735137699118,31.661154545678386
152.09263696077838,28.434807365583175,22.53371058082058,31.60200959664077
152.15374793956153,28.445640076167585,22.411488623254304,31.58034417547195
152.57673291606693,28.489654590883998,22.41100644667921,31.492315146039125
154.75907791763947,28.546664682549206,22.26706790831041,31.378294962708708
154.73620405793187,28.509480814569038,22.312815627725612,31.452662698669045
156.41617691086756,28.92530444765089,22.320617214485523,31.46295225566316
156.40633580422315,28.90361332605282,22.340299427774394,31.506334498859307
159.40411896057478,28.900710947444527,22.247128407721288,31.51213925607589
159.3999008516711,28.901770008727706,22.255564625528596,31.510021133509532
160.23068292606487,28.91846795238847,22.277722260764353,31.47662524618801
163.18004884612233,29.350042819147582,22.271039951080432,31.455196874159924
163.63965336463386,29.797038863458333,22.193118828219642,31.40249269970073
164.09441570833516,30.235495382083677,22.12280435515616,31.364789876789164
167.01607401513456,30.288211787545656,22.141875355043048,31.259357065865203
166.99883041868586,30.272521411381284,22.17636254794045,31.290737818193943
167.40516120714645,30.245634031539183,22.200948345892808,31.34451257787815
167.78455557385405,30.181024988623932,22.280623349818715,31.47373066370865
170.63110328324333,30.533162889897064,22.479605660412144,31.611180251072668
170.54373187090806,30.503833835414763,22.654348485082682,31.669838360037268
170.83848546853326,30.90348469004178,22.91567302993493,31.721368390885875
170.7411064528886,30.906505605300048,23.11043106122421,31.715326560369334
170.6928232608738,31.780915022290507,23.206997445253794,31.68451365891774
170.27270425064515,31.762735055809088,23.187117448446777,31.72087359188058
170.28837025297108,31.729684427913533,23.15578544379491,31.786974847671686
168.16330643490082,31.691231208232317,23.101756972268145,31.863881287034122
167.74373753484494,31.700741465861665,23.07978485257105,31.844860771775423
164.79184814875336,31.701180885391974,22.960331531041028,31.843981932714804
164.4369919203233,30.839499042531454,22.811555115712167,31.85036787405779
161.06011568761656,30.83119714375095,22.71616466849404,31.866971671618796
160.7894210602028,30.6249445584616,22.402727462753372,31.424650381629338
157.47896596801414,30.547331074768813,22.279701844924215,31.579877349014907
156.70485294337107,28.90610221425416,22.14130294554577,31.48908517271506
153.74849705377275,28.49279570119932,22.17636675411739,31.476034203021168
153.296734157554,28.478017102248316,22.239848148464105,31.50559140092318
152.79927040290974,28.451412098689985,22.393240278935842,31.55880140803984
152.31828208819735,27.14888770588684,22.510354571541875,31.629263183189984
151.8559625901177,27.122927407436908,22.587141296652312,31.681183780089846
150.98969717362826,27.023141902703728,22.619874435603244,31.880754789556207
150.92303302598634,26.478376959375545,22.753202730887125,32.116833157680446
150.8795901457237,25.924656793212044,22.840088491412374,32.36506421030013
150.8321924196618,25.374457087033853,22.934883943536175,32.60107752090306
152.98407693381964,24.891537734121055,22.978655260077247,32.6974081577573
152.969101683334,24.821430025383513,23.00860576104848,32.837623575232385
154.7450128851756,24.823049586121076,22.95394496564586,32.83438445375726
154.7635670652842,24.81620854271789,22.91683660542866,32.84806654056363
156.97987712538833,25.20965405637696,22.84889402425219,32.93411102105184
157.39515004656772,25.232035439760313,22.89145989762419,32.88934825428513
157.74411395437892,25.245555656551517,23.0666713981173,32.862307820702725
158.6272860103837,25.73456998205202,23.05156571562468,32.75989838446018
159.0270296405136,26.17802578691193,23.125903982763433,32.74681230213888
159.0748597203624,26.271577860178734,23.030243823065824,32.55970815560527
159.12175364959595,26.23900209573495,22.936455964598714,32.62485968449284
159.2496978128443,26.180021396697285,22.680567638102026,32.74282108256817
159.3918808248174,26.17773555593244,22.396201614155824,32.74739276409786
159.48061875314576,26.201653870252628,22.21872575749908,32.699556135457485
159.52092347939515,26.23156723268742,22.13811630500031,32.6397294105879
159.54328855798624,26.228658254389607,22.09338614781815,32.645547367183525
159.50482248276728,25.7693074586494,22.170318298256046,32.70796426003862
159.45272800364094,25.80037827468329,22.274507256508755,32.645822627970844
159.4452830191568,25.431975415051095,22.28939722547706,32.52334285903536
159.0692290040208,25.081866052045307,22.183816028382594,32.36587235768047
159.12275697323446,25.1959059674457,22.076760089955275,32.137792526879686
159.26843000820114,25.185769501991704,21.785414020021893,32.15806545778768
159.37507878351468,25.2462137813886,21.5721164693948,32.037176898993884
159.79348917414595,25.703506495027693,21.5738088838036,31.961104667387026
159.78698220972396,25.772838998497,21.58682281264758,31.82243966044841
159.81483333120298,25.822894942899723,21.53112056968958,31.722327771642963
160.13529190342183,25.77595964052479,21.723307365899323,31.816198376392837
160.0397053332389,25.712247807497423,21.91448050626511,31.943622042447565
159.97208293973645,25.672378371264642,22.04972529327006,32.02336091491313
160.80726119120052,25.64710459471063,22.071779307469107,32.07390846802115
160.80610346366598,25.59237311080707,22.07409476253822,32.18337143582827
160.79702354706487,25.55572920209933,22.09225459574045,32.256659253243754
161.2793870947311,26.028775678771364,21.9779463179906,32.16098511748232
161.31417956585844,26.122145141696407,21.908361375735947,31.974246191632233
161.36389437021643,26.148408486015377,21.80893176701993,31.921719502994293
161.3634806044471,26.18387307957279,21.809759298558603,31.85079031587946
161.4005485614769,26.25385460646425,21.735623384499007,31.710827262096544
161.47686243577414,26.68232569705339,21.582995635904513,31.690197819183318
161.4915820156209,26.73122982958971,21.553556476211,31.592389554110675
161.5595327855721,26.707639316076815,21.417654936308608,31.639570581136464
161.5045567177594,26.637271883307235,21.52760707193397,31.780305446675627
161.45522897375832,26.981862652897817,21.626262559936144,31.92504106301985
161.81966505484388,26.972040581470967,21.73511557577856,31.944685205873547
161.76634070733158,26.96645713318473,21.841764270803147,31.955852102446023
161.75162319487666,26.986828548498323,21.871199295712962,31.91510927181884
161.74036643535953,27.014885423734974,21.893712814747254,31.858995521345534
161.70937853148286,27.037292467871744,21.955688622500613,31.814181433071997
161.76741925361614,27.026737692722836,21.839607178234008,31.83529098336981
161.90165729759386,26.976929941449818,21.57113109027859,31.934906485915846
161.51517758094852,26.9910701778364,21.507129841001237,31.90662601314268
161.5467008906674,26.975052243854684,21.444083221563474,31.938661881106114
161.58886359075026,26.892279456040868,21.35975782139776,32.10420745673375
161.6617904369353,26.883511883083916,21.21390412902769,32.12174260264765
161.2689988603193,27.262005123360115,21.16564744081198,32.19859596354292
161.2496427629499,27.274503026088134,21.20435963555084,32.173600158086884
161.14098278935856,27.306096480854514,21.421679582733493,32.110413248554124
161.04085725672044,27.359842785288507,21.621930648009695,32.00292063968614
160.95851248803316,27.37108884404608,21.786620185384255,31.98042852217099
160.88969547114277,27.802552322874764,21.924254219165054,31.95871256904413
160.76952889479233,27.812184803032995,22.164587371865927,31.93944760872767
161.03415782861498,27.75003209891494,22.48216697222516,32.06375301696378
160.98276014911005,27.661272293870432,22.584962331235033,32.241272627052794
160.9316696260244,27.570659036296313,22.687143377406368,32.42249914220103
160.95009652627002,27.52393614527025,22.650289576915103,32.51594492425316
160.9663995564828,27.539462422527716,22.617683516489542,32.484892369738226
161.03483827614727,27.53760681897036,22.480806077160615,32.48860357685294
161.0916150562658,27.592333425728132,22.367252516923557,32.379150363337395
161.091535371159,27.594189574463584,22.367411887137113,32.37543806586649
161.12791734411718,27.596407541080673,22.294647941220788,32.37100213263231
161.1830276889052,27.662457997262656,22.184427251644678,32.238901220268346
161.25879833945737,27.219494550812584,22.032885950540383,32.2731536877949
161.33830346269718,27.230572402883695,21.87387570406077,32.25099798365268
161.42130384694067,26.85427973650431,21.70787493557379,32.15686121991885
161.06300007829188,26.87843653147014,21.581922986146047,32.10854762998719
160.67124518359321,26.870351885732738,21.525685324880886,32.124716921461996
160.7265560565472,26.445355973468452,21.415063578972948,32.135650606510666
160.76020538233377,26.41002649311097,21.347764927399776,32.20630956722563
160.76907552188342,25.939907794734022,21.330024648300462,32.309216382175244
160.74834396674308,26.314685469943207,21.371487758581143,32.398239694495786
160.77377425020507,25.811325937420662,21.320627191657206,32.56435705626113
160.73989427059703,25.710194154332008,21.388387150873235,32.76662062243844
160.79727760172116,25.651654489296774,21.27362048862498,32.883699952508906
160.8510044309939,25.687312362328573,21.166166830079543,32.81238420644531
160.89527966471647,25.726423844221834,21.077616362634366,32.734161242658786
160.89382533326653,26.183696809902614,21.080525025534264,32.660354824779645
160.8506523097107,26.21951222402258,21.166871072645893,32.58872399653971
160.80587541691554,26.193618280273068,21.25642485823625,32.64051188403874
160.7738050475177,26.221187652450183,21.320565597031944,32.585373139684506
160.75979198639996,26.22125733258956,21.348591719267404,32.585233779405755
160.6936260565647,26.2574119387077,21.48092357893792,32.51292456716947
160.70929644497218,26.29077331908884,21.449582802122958,32.446201806407196
160.64058158611692,26.29291292343711,21.587012519833458,32.44192259771065
160.21517929116038,26.33451772121272,21.592982005271864,32.35871300215943
159.7837895474373,26.32556246330984,21.61207569220144,32.37662351796519
159.79100268648315,26.365292764294214,21.59764941410972,32.297162915996445
159.76099135970372,25.937320617039344,21.657672067668543,32.31026763414297
159.77752065041307,25.942513871844877,21.6246134862499,32.2998811245319
159.8238774466938,25.932297299100362,21.531899893688347,32.32031427002093
159.52671889048122,25.962520462686797,21.28412058501995,32.25986794284806
159.57236724820876,26.042554511388104,21.192823869564865,32.099799845445446
159.66223261068774,26.042186221552356,21.01309314460689,32.10053642511694
159.70274511418887,26.068751941028694,20.932068137604656,32.04740498616427
159.74462655578347,26.1271281403146,20.848305254415415,31.930652587592455
159.76621934051354,26.16984109465816,20.805119684955258,31.845226678905334
159.79104900907302,26.23397466108185,20.755460347836355,31.716959546057957
159.80482979993505,26.278365307600964,20.727898766112297,31.628178253019726
159.8091328637564,26.273115130594302,20.719292638469618,31.63867860703305
159.81246404804838,26.24169348249746,20.712630269885594,31.701521903226734
159.8251649363697,26.220948652486804,20.687228493242984,31.74301156324805
159.84586245836806,26.213974308314626,20.645833449246233,31.756960251592407
159.8543553153223,26.240450259310247,20.628847735337796,31.70400834960116
159.91696081670028,26.245681949564265,20.503636732581803,31.693544969093125
159.99594570754815,26.3286228196512,20.34566695088607,31.527663228919256
160.41260560352256,27.195898655574698,20.322847795694525,31.414112830586852
160.43141657476394,27.209257234230055,20.28522585321177,31.38739567327614
160.47025682396287,27.626543854537772,20.207545354813945,31.36021829624339
160.88897675024702,28.03171692326337,20.17580046829681,31.355567124843382
161.33341167356633,27.984927168464882,20.092026879943347,31.44914663444036
161.76141000893682,27.95032070653171,20.041127612730513,31.518359558306706
161.7792795526232,27.927087830575218,20.005388525357795,31.56482531021969
161.77888886196453,27.5062063091629,20.006169906675094,31.601210172692504
161.75842865688205,27.522732269523072,20.047090316840062,31.568158251972157
161.74177099880225,27.522355832426356,20.080405632999653,31.568911126165585
161.74339162885798,27.49836214394081,20.07716437288822,31.61689850313668
161.74139481863065,27.46362849652629,20.081157993342856,31.68636579796572
161.69920145006697,27.436219951155657,20.16554473047023,31.741182888706987
161.64452001250788,27.40083641287925,20.274907605588425,31.811949965259796
161.62563540313639,27.409071660446042,20.31267682433137,31.795479470126217
161.59509137700422,27.393508902347676,20.37376487659572,31.82660498632295
161.52494114001553,27.38208092909088,20.514065350573095,31.849460932836543
161.4615327300781,27.379852717771072,20.64088217044798,31.85391735547616
161.39525543725196,27.391344682249628,20.77343675610026,31.830933426519046
161.3542078374628,27.363398143361334,20.85553195567855,31.886826504295634
161.3146992490983,27.73112363045737,20.93454913240755,31.975739194436628
161.26522469107312,27.72649558141392,21.033498248457914,31.984995292523525
161.23576410314135,27.757231638951545,21.092419424321484,31.923523177448274
161.20674617540536,27.760894204967123,21.15045527979344,31.916198045417115
161.21937590287365,27.721248003180598,21.12519582485684,31.995490448990164
161.21668884221052,27.27589137509647,21.130569946183115,32.055729723770355
161.18258097476914,26.814517586022085,21.198785681065907,32.14701123249168
161.1349945797852,26.792904067409452,21.29395847103377,32.19023826971694
161.09373773769556,25.96432921114609,21.376472155213023,32.174995593704146
161.04001682715582,25.47349658787978,21.48391397629252,32.319323314587095
160.57909481372252,22.876993906446607,21.56447268398863,32.46461676243071
160.5845479890254,22.052618667529693,21.553566333382914,32.42376437490985
160.17069326282345,19.98031660098596,21.53726806690742,32.34832991360036
159.70537429536859,18.751002732029196,21.625300238445526,32.27914036139898
159.21376940762713,16.24042404527379,21.76548249651905,32.242132630453355
159.13849912356042,15.042925612007846,21.916023064652425,32.10274611885066
159.1085501219583,11.940423962265708,21.975921067856664,32.39141690469623
158.61051701906126,10.226981152783853,22.121465936872152,32.41621717654551
158.11682142702168,9.37231043629603,22.255555318012657,32.41895500364386
158.0474676795607,5.809705438924837,22.394262812934628,32.699690736466046
157.9870040113124,4.8263711862574645,22.51519014943127,32.94220824602205
157.9086138199347,4.273501580648041,22.67197053218664,33.18022483838168
157.79337922518215,3.7481995956191874,22.902439721691714,33.35693416086941
157.73801898039355,3.6444121917500993,23.01316021126896,33.56450896860758
158.19190013018485,3.9229963001100288,22.990713051171472,33.8926558913729
158.18276697108627,4.837946033866341,23.008979369368646,33.84251381827246
158.17286778642168,7.615932003739644,23.028777738697837,33.6231051951018
158.18759279759848,10.327604050576365,22.999327716344226,33.51849025634035
158.21332821328951,12.113606648233347,22.94785688496217,33.484061543501554
158.20383713364495,14.446142422635543,22.9668390442513,33.234117811186714
158.62211527178806,15.84403255956769,23.00985956356581,33.07706792412474
158.6372972967253,18.561279320554817,22.979495513691322,32.91009888425333
158.67945996417097,19.087229703275767,22.895170178800008,32.733101611880755
159.1934121138687,21.740172067179103,22.73811105553102,32.65228794083286
159.29937059330376,21.767757148509776,22.52619409666088,32.597117778171516
159.30833627906537,22.201872219887388,22.5082627251377,32.59159830168117
159.32491948202787,22.65796784881104,22.475096319212682,32.541738596915465
159.2733170202609,23.093324830943427,22.57830124274667,32.5320578858454
159.1771987778519,23.05864118123372,22.770537727564598,32.60142518526481
159.18024525338868,22.94903146527227,22.7644447764911,32.82064461718771
159.25793004545602,22.448782357024346,22.609075192356386,32.951133726233515
159.328462812743,21.595632593411896,22.46800965778242,32.918616119922014
159.35901506546315,21.167384996332906,22.406905152342123,32.90852358658191
159.38061663104276,21.124336811759076,22.363702021182913,32.99461995572957
159.41388183417533,20.70294752472374,22.297171614917755,32.971393702968925
159.40562629446913,20.203867954503227,22.313682694330183,33.10499834653144
158.9639719467309,20.231412884148,22.330156384651136,33.04990848724189
158.500547259428,20.150393455786663,22.3907254875313,33.21194734396457
158.5067959122935,20.16535396460158,22.378228181800292,33.182026326334736
158.5916718862695,20.13703981400714,22.208476233848344,33.238654627523616
158.6694404943959,20.113666797052662,22.052939017595506,33.28540066143257
158.69706491001676,20.52655104806366,21.997690186353775,33.32485038027836
158.79271016624853,20.630118876275038,21.80639967389027,33.117714723855606
158.96972129669896,21.072901885863423,21.452377412989403,33.09075837629574
159.25763921603348,21.16800888833423,20.87654157432037,32.90054437135412
159.63050959911314,21.647122938208522,20.130800808161062,32.78218619117839
160.43577167789647,22.037832538810203,19.34589742700845,32.826387766389054
161.24036765632573,22.410062930091144,18.54977368809459,32.89499520177188
162.0051230804243,22.783993865013503,17.82086745833192,32.947737950361635
162.7930764086754,22.671533578278105,17.03392715992348,33.17265852383243
163.95216797504884,22.62979292196137,16.273291651601156,33.2561398364659
164.26362645422373,22.196535052983982,15.650374693251381,33.35579637944352
166.5367402569974,21.60315078361076,14.891571172255073,33.78508010127974
167.24793749367242,21.39966741579159,14.219600890672856,34.19204683691808
169.06761001877945,21.44566860830667,13.557990055061957,34.84447800553872
169.0141056203234,20.388476590638003,12.922974326637876,35.47481299020361
169.31010486853597,19.6876842552662,12.330975830212688,36.136769864801394
169.46536844973738,20.36586149882789,12.020448667809895,36.257058947644836
169.22277231586335,20.416682267751867,11.771277472869617,36.15541740979688
169.25019220820477,20.597442667846494,11.716437688186799,35.79389660960763
167.4686482459011,20.7819393017102,11.668380637885942,35.42490334188022
168.17031360865653,21.690596871872796,11.697280197918296,35.03981848709821
168.15712415594024,21.143341172508197,11.723659103350872,34.711973406375144
168.10834554163293,20.98852535218417,11.821216331965477,34.3146015846869
168.06044799262935,20.82438824478064,11.91701142997268,33.93974425885573
167.87474115676244,21.387120000774402,12.288425101706476,33.5138176113085
166.5394717421745,21.897120112710876,12.858416297420613,33.19399993192281
165.74658204176612,22.145476803046396,13.738345415034448,32.69728655125177
162.67256815735317,22.367933680142666,14.885740469080469,32.25237279705923
162.06302024526153,22.51796527831253,16.104836293263745,31.952309600719502
161.4570850191153,22.614272833998676,17.316706745556203,31.759694489347208
160.92939715607318,22.621547955027932,18.37208247164048,31.7451442472887
158.9059433930193,22.19604547379734,19.296594266204742,31.815550276864016
158.50180554810444,21.23153107869429,20.104869956034484,32.15010945717165
158.07522763964494,21.170028989383066,20.95802577295345,32.2731136357941
157.27745023473895,21.164436884661395,21.721729144030235,32.28429784523744
156.49229668328582,21.172555735893333,22.447333203648206,32.268060142773564
156.24355055602842,21.156033316106075,22.944825458163024,32.30110498234808
156.04745314759714,20.99574686461677,23.337020275025573,32.62167788532669
155.86837617602777,20.919753585749426,23.695174218164336,32.77366444306138
155.28685901340089,20.86715091701877,23.973597608151497,32.87886978052269
155.13326695927304,20.843426328925524,24.280781716407184,32.92631895670918
155.0421292959297,20.32024133655882,24.463057043093876,33.076172371350886
154.92029149854113,19.738580932025457,24.706732637871017,33.33772252135442
154.27479708526914,19.131207359607927,25.08799868198588,33.64274688376037
154.1049150751584,18.94455425986465,25.427762702207374,34.01605308324692
153.88325650384422,18.353184071233912,25.87107984483571,34.266993280182916
153.74100450765965,18.24583311823976,26.155583837204865,34.48169518617122
153.23734811024292,18.132819497943768,26.212146382341324,34.707722426763205
153.26380836511618,18.09073184786757,26.15922587259477,34.7918977269156
153.34177332445464,17.94306700196252,26.003295953917856,35.0872274187257
153.5035251673349,17.816573888951613,25.679792268157303,35.340213644747514
153.64229862672497,17.779484531651846,25.40224534937721,35.41439235934705
153.83043753257073,17.782447609012213,25.025967537685666,35.408466204626315
154.61838026655033,17.814982107424704,24.396377212078654,35.34339720780133
154.90235837100983,17.838916316130653,23.828421003159683,35.29552879038943
155.70506545219172,17.920991765124725,23.147833265652736,35.13137789240129
156.08352744751167,17.924999778666873,22.390909275012802,35.123361865316994
156.9942111203211,18.224447319314756,21.467890068496345,35.422814923123624
157.50390690515857,17.998621524321234,20.44849849882136,35.87446651311067
158.92977328103427,18.091716672355567,19.350423387783735,36.56510503739888
159.39991887666955,17.27484923768211,18.410132196513203,37.33055818048755
159.66984627924163,18.22551840096539,17.870277391369044,37.15579980276246
159.93994167925462,17.362163835530943,17.33008659134305,37.179743399091564
159.5972567248529,18.079000995946586,17.173128764890507,36.588396813516226
159.22854760550234,17.8549969672566,17.0795471175056,36.20540498481018
158.76598598271454,18.04100828091653,17.180867561004284,35.83338235749032
158.4190019932279,18.846760498511106,17.87483553997756,35.04203153463698
157.99469810492855,19.492421134440548,18.723443316576247,34.57132129402622
157.0914847800425,19.565598278617784,19.701608367840173,34.424967005671746
156.41633108187747,19.09969552759664,21.051915764170186,34.514026962394844
155.93679126056378,19.018602498132356,22.010995406797555,34.67621302132341
155.54355972930634,18.95459588151525,22.797458469312467,34.804226254557626
155.28578651678083,18.934181850751852,23.313004894363466,34.84505431608442
155.10927840156117,18.519813533127376,23.666021124802796,34.764269271708514
155.0319366141397,18.510961263505973,23.82070469964574,34.78197381095132
154.88587040282212,18.055143637358817,24.112837122280872,34.77663089612035
154.8223728799462,18.065952706045376,24.23983216803276,34.755012758747235
155.24895650639718,18.09714754324714,24.31015529338834,34.69262308434371
155.33009185311607,18.244580514770306,24.147884599950565,34.397757141297376
155.94940079152198,18.787772330373684,23.82585499133707,34.22796177828893
156.5099266461751,18.92846077729817,23.613524357534665,33.94658488443996
157.08101514498924,19.13876364910381,23.372326598460628,33.525979140828674
158.03858801390578,19.76574860042171,23.23850705412765,33.16267233494291
158.11631321043694,19.80014466292399,23.083056661065314,33.09388020993835
158.64214441059025,19.871984838917523,22.910775298699015,32.95019985795128
158.68227439684725,19.95300359538799,22.830515326185036,32.78816234501035
158.6873698179399,20.13612203939339,22.820324483999727,32.42192545699955
158.6795270687071,20.276994311622783,22.836009982465328,32.140180912540764
158.75212925355646,20.363807264767726,22.6908056127666,31.96655500625088
159.27085990316377,20.878272127013613,22.509258073056138,31.793539041263237
159.34470768880976,21.359990016851448,22.361562501764155,31.68041835364436
159.41804117115782,21.36079551591969,22.214895537067974,31.678807355507875
160.0458284435971,21.33667480880194,21.80305891459057,31.72704876974337
160.282771285747,21.377644076481083,21.329173230290717,31.645110234385086
161.4068303108865,21.365400172193283,20.738255843436022,31.669598042960686
161.60086832472302,20.90520226718525,20.35017981576297,31.770833652467395
161.69584833123406,20.864628182675844,20.16021980274093,31.85198182148621
161.71379914235908,20.816373489415337,20.124318180490903,31.94849120800722
161.26006528175327,20.770377156797004,20.21869485175421,32.040483873243886
160.39155113734174,20.72467922935298,20.323640455131503,32.131879728131935
160.29069094520125,20.65906143540812,20.52536083941247,32.263115316021654
159.77015666925573,20.2147665471903,20.74194148456028,32.32721718571406
159.6772518913402,20.22136031877851,20.927751040391342,32.31402964253765
159.6057239374871,20.241701069189347,21.07080694809753,32.27334814171597
159.5518107327835,20.24716477022979,21.178633357504758,32.26242073963508
159.56260780301602,20.281938433626593,21.157039217039724,32.19287341284148
159.56713407835585,20.2887933471033,21.147986666360065,32.17916358588806
159.6026301012421,20.243457884767636,21.076994620587516,32.26983451055939
159.65557997745796,20.1871275950974,20.971094868155856,32.38249508989986
159.73625562269908,20.143783730254295,20.809743577673625,32.469182819586074
159.85872586197692,20.112773450126276,20.56480309911793,32.53120337984211
159.95648047758758,20.125978403222938,20.36929386789661,32.50479347364879
160.04181283960187,20.160839826722867,20.198629143867997,32.43507062664893
160.18561715016637,20.17292269058009,19.911020522738994,32.41090489893448
160.36208614515965,20.17266795947267,19.558082532752476,32.411414361149326
160.54556212150536,20.185467180873598,19.19113058006105,32.38581591834747
160.74655306133124,20.203789062372596,18.78914870040929,32.34917215534947
161.27141014912203,19.80347395695275,18.5360279990168,32.353208892000026
161.42980560581492,19.744639274244978,18.219237085631043,32.47087825741557
161.56862116688072,19.715054229051034,17.94160596349946,32.53004834780346
162.0302824069102,19.711988455729642,17.80316178124756,32.53617989444624
162.37938631828618,19.710948389175808,17.887562647586076,32.53826002755391
162.333043649288,20.09873685513567,17.980247985582466,32.54676143326128
162.15216515373788,20.105255249654004,18.342004976682666,32.53372464422461
162.01690280072262,20.102342127025633,18.612529682713237,32.539550889481355
161.820237043183,20.178495748851468,19.00586119779245,32.387243645829685
161.62090113987884,20.24160198586603,19.404533004400772,32.26103117180056
161.43622224423152,20.675541210076222,19.773890795695404,32.19882138224214
161.22721540474407,20.277623183882305,20.191904474670295,32.18370655653503
161.06732951427054,20.242529607556335,20.51167625561736,32.25389370918697
160.82911899924193,20.22480249573222,20.9880972856746,32.2893479328352
160.02445710127105,20.23427460611264,21.764826065213693,32.27040371207436
159.08206890388692,19.855664634354444,22.80439419231951,32.18241538792835
157.22489856064897,19.91648264763478,23.935610145998375,32.06077936136768
155.83994002334916,19.940872092740705,24.950045839951976,32.01200047115583
155.9349172727823,19.93165694107244,25.653608780249694,32.03043077449236
156.5245125217254,19.793264983146518,25.379620005480703,32.3072146903442
157.75806059548077,19.667703749078328,24.72251335599229,32.55833715848058
158.54477808590892,19.616784723931204,24.04721810813022,32.66017520877483
158.7637457873146,19.668096200395247,23.60928270531883,32.557552255846744
158.94607883456845,20.155400551396347,23.24461661081114,32.46287518661438
158.6899576765153,20.258403359249385,22.884344122303947,32.25686957090831
158.8846934106852,20.431760017590083,22.494872653964162,31.910156254226912
159.08222715177814,20.540084143240698,22.09980517177828,31.69350800292568
159.33751574790793,20.945113793650172,21.589227979518707,31.725511636879034
159.5169489691431,21.321360495810907,21.23036153704836,31.807131407335003
159.66667082035676,21.293431505706003,20.930917834621027,31.862989387544815
161.51580513904574,21.663587010478413,20.53368991295453,31.94793855692786
161.78155775198934,21.6168833671589,20.00218468706732,32.04134584356689
162.86767965064936,21.626564504773015,19.4548051777597,32.021983568338655
162.99521537770556,21.61492185279258,19.199733723647284,32.04526887229952
163.4603308572517,21.61767918239569,19.06852018004202,32.0397542130933
164.6001745564056,21.658747076817114,19.179007992001054,31.95761842425045
164.54847821735692,21.656097557077313,19.28240067009841,31.962917463730058
164.64510546130748,22.011864137073818,19.089146182197297,32.05057012663236
164.36854015267772,21.58070428314445,18.845043637641762,32.11565667267607
164.0681119965512,21.572772440394417,18.651819909956718,32.13152035817613
164.12919679072033,21.628505428083724,18.529650321618472,32.02005438279752
163.69200585863916,21.680719440290034,18.616699271329036,31.915626358384902
162.460403279337,21.764884453635354,18.71812649126231,31.747296331694262
162.46094383101322,21.885958892905283,18.717045387909824,31.5051474531544
162.8669076603736,21.96177458795259,18.687987487907,31.35351606305979
162.9036233386664,22.02732045673297,18.614556131321432,31.222424325499027
163.37289828685812,22.06032039499435,18.45295417736608,31.156424448976264
163.49243479878686,22.005920882634847,18.213881153508602,31.26522347369527
163.9421385543712,22.323331214321,18.085293451644336,31.4012226196274
164.40090485213307,22.290137002859048,17.938417598616013,31.46761104255131
164.42319889414375,22.19698440542523,17.89382951459465,31.653916237418947
164.46246424412476,22.047198588313275,17.815298814632634,31.953487871642857
164.83456080646263,21.947348310284855,17.84533603484267,32.153188427699696
164.80336586397834,22.27042781730212,17.907725919811224,32.284715041242094
164.68411401724356,22.403385810897493,18.146229613280823,32.01879905405135
164.07938875398585,22.56539131831336,18.574863262644783,31.694788039219617
163.43705424375025,22.69917360975479,19.076250669173522,31.427223456336755
163.61211224920933,22.947464351606406,19.51389395736779,30.930641972633527
163.45089974706082,23.026533550996756,19.836318961664823,30.772503573852823
163.3245190171586,23.16418034150667,20.089080421469248,30.497209992833
162.82545729714982,23.23234212339581,20.29639786177823,30.360886429054716
160.06431488744752,23.306307373854814,20.273261041513436,30.212955928136708
160.09403256716627,22.90838163742717,20.213825682075914,30.21920834400477
160.09863892490642,22.425967632025838,20.204612966595644,30.39532874333258
160.09195128895288,22.31733438892217,20.21798823850268,30.61259522953992
160.91066626747767,22.163219682697733,20.169912034883826,30.920824641988794
162.15823002520278,22.006424812642635,20.070268474062274,31.23441438209899
162.29101054496672,21.92033800214601,19.804707434534425,31.406588003092235
162.39116390492018,21.80726764877835,19.604400714627523,31.632728709827557
162.41368587647992,21.736459583025038,19.55935677150802,31.774344841334184
162.433556339272,21.69211715513457,19.519615845923852,31.863029697115117
162.42141563254404,21.645005491578917,19.543897259379804,31.957253024226425
162.81666933826727,21.60861205233385,19.556886263058544,32.03003990271656
162.85266433847607,21.63904740028345,19.484896262640888,31.969169206817362
162.850816376226,21.69689158596573,19.488592187141087,31.853480835452803
162.8794426897336,21.785576104473176,19.431339560125878,31.67611179843791
162.91434752996517,21.886212874131974,19.36152987966272,31.47483825912031
162.95597439744867,21.903958747782184,19.278276144695717,31.43934651181989
162.59502265377262,21.86432947022358,19.208846844052065,31.5186050669371
162.63915545772142,21.494666066837006,19.120581236154457,31.46658599900836
162.73433702557176,21.53215221566621,18.930218100453747,31.391613701349954
162.42861281498915,21.51467900435624,18.756891983812576,31.426560123969896
162.59885835631155,21.53539865852265,18.416400901167776,31.385120815637073
162.765882349853,21.498053706257167,18.08235291408489,31.459810720168036
162.90416549605547,21.42193721735445,17.805786621679943,31.61204369797347
163.47616221846752,21.25469082336311,17.43082456461438,31.946536485956152
163.58591844261014,20.889216887488725,17.21131211632917,31.909906406388338
163.60576735218729,20.937099581047775,17.171614297174884,31.814141019270238
163.51767778743985,20.66957903338856,17.347793426669735,31.58797783392025
161.43914020366716,20.808445528456197,17.70045190966892,31.310244843784975
161.21329465590983,20.607707241851493,18.152143005183575,30.94893397869029
161.02591207275086,20.05908298182674,18.526908171501542,30.515998123736352
160.83360884290133,20.151023984316968,18.91151463120061,30.3321161187559
160.54403817669967,20.205620395596704,19.490655963603917,30.222923296196427
160.68476192126244,20.57442404511946,19.985950287316086,30.26205780998861
160.88604082371108,20.59696531687065,20.3689609583395,30.21697526648623
160.8775766534829,20.25739258473689,20.385889298795938,30.104875688252818
160.8644597279952,20.32612461007048,20.41212314977127,29.967411637585645
160.39180916355426,20.416383080640884,20.569215337743643,29.78689469644483
160.27937559854269,20.06095825069832,20.794082467766774,29.70965589903555
160.10846613458503,20.09396441318672,21.13590139568209,29.643643574058757
159.9235802077713,19.971482966354046,21.505673249309538,29.888606467724102
159.802190343072,19.420070589078428,21.748452978708137,30.18639273435269
160.09851988631328,19.21070727337298,21.96932115977561,30.605119365763592
160.030999840334,18.17857658604124,22.104361251734208,31.022409981873057
159.99664063473878,18.03109691581273,22.173079662924618,31.317369322330073
159.92540965444408,17.542010880555203,22.315541623514065,31.457945928441486
159.85409554767563,17.410763267186525,22.45816983705095,31.720441155178847
159.28902914729096,16.442245082578584,22.7399316217326,31.960735492219293
158.62068610000205,16.365340046538016,23.219984078159037,32.11454556430043
158.02740661094253,16.260528292880423,23.53970060933984,32.324169071615614
157.55950426189915,16.053111009784082,23.60024767945852,32.739003637808295
156.11531446806714,16.230352160623625,23.84104010707568,33.26705038947816
155.1727800796604,16.35187443780672,23.93717429082134,33.918473131645854
155.24928139738466,16.12267624807357,23.784171655372848,34.376869511112154
155.3377176782384,16.174578189445803,23.607299093665418,34.27306562836769
155.58298901824415,16.336597171295985,23.116756413653913,33.94902766466733
155.93498113890408,16.061384620941787,22.412772172334023,33.6066412894981
156.35576288386727,16.197553263484153,21.571208682407622,33.33430400441337
157.6918505570571,15.74309631020515,20.61491165211483,33.38527875292795
158.10984817565358,15.77089734449767,19.778916414921863,33.329676684342914
159.681177312251,15.80256707743321,19.119763885280022,33.26633721847183
159.83705665977175,15.492645422357654,18.80800519023851,33.07042246960762
159.92742359012087,15.54580400846476,18.627271329540296,32.96410529739341
160.3878809344352,14.331705819977849,18.50929746699712,32.98347919611076
161.11136607698236,14.240153665243223,18.664772812999285,33.16658350558001
161.38642055069772,13.79019088221143,18.921230420879773,33.259942516332345
161.64594930912494,13.318099125481695,19.21447134942202,33.39182758439516
161.4021849771681,12.412948285060672,19.70200001333567,33.563693682044565
161.61907226209516,11.922586971250396,20.098231848808606,33.71440990433812
161.33264325657524,11.874762270776547,20.671089859848447,33.81005930528582
161.49133162301652,11.792454368672846,21.203695030054018,33.97467510949322
161.22739840312113,11.752645541664652,21.73156146984479,34.05429276350961
161.0175470554661,11.178755739522753,22.15126416515481,34.330697581046195
160.7603740278406,11.193930246131867,22.66561022040581,34.30034856782797
160.49253523427305,10.719422497833662,23.20128780754095,34.35875598125042
160.1720730278671,10.697444726998523,23.842212220352863,34.4027115229207
159.3696082873794,10.641966612813718,24.535517852236012,34.513667751290306
159.01238830015654,10.631503283113737,25.249957826681733,34.53459441069027
158.7645524119735,10.475754704698112,25.74562960304779,34.84609156752152
158.28307760056657,10.257250093301828,25.75898711680885,35.28310079031409
158.34230830436883,10.607693645012102,25.640525709204333,35.5386482677835
158.31184413164328,10.581219822981122,25.701454054655443,35.59159591184546
158.13345455831706,10.508300792481428,26.058233201307893,35.73743397284485
158.38881195411818,9.325319617982,25.547518409705646,37.13517752936628
158.23840854244708,7.004674543170683,25.848325233047852,37.85278571801971
157.97038695262188,4.593326766658542,26.384368412698194,38.688726749675425
157.11725758825605,1.5403615662805237,27.072502921751923,39.704036052041886
156.87625514195824,1.6155722902393101,27.55450781434758,40.598386852619946
156.48976123219666,0.9672692546994703,28.327495633870726,40.82880110275017
156.2848185983468,-0.280644688587234,28.737380901570475,41.15976743323651
156.0444717910813,-0.29725250300403516,29.21807451610146,41.19298306207011
155.9297045016146,-0.41405520949263064,29.447609095034856,41.4265884750473
155.74460024826791,-0.41189552807799146,29.817817601728233,41.422269112218025
155.66504220918938,-0.5081027175417141,29.97693367988532,41.61468349114547
155.6262481045714,-0.07611014800265181,30.054521889121226,41.872132847758685
155.6032361609902,0.4617990073702778,30.100545776283624,41.92291605259334
156.1828307394973,0.4413647573962898,30.069481689163034,41.96378455254131
156.25879135261113,0.9988389642702735,29.917560462935334,41.977068949493066
156.39183550248555,1.429260433325286,29.651472163186472,42.242163472721685
156.4901699817791,2.0167875080945556,29.4548032045994,42.192670541379684
156.6075722576409,2.647337495832545,29.219998652875812,42.053144912397194
156.77734811293936,3.194539952492118,28.880446942278873,42.074339871260385
156.60693617439577,11.392544842131013,29.221270819366065,40.11240839986297
156.37373245716182,12.961551596997797,29.687678253833933,38.06070038627988
156.09254153606668,14.47513046623898,30.250060096024246,36.09626934800387
155.88222669834227,15.27627881359495,30.670689771473054,34.493972653291934
155.76264779443628,15.826072879945215,30.909847579285035,33.3943845205914
155.6487927537073,16.84626189018659,31.137557660743,32.36445687823837
155.59981281086036,17.699455092969252,31.235517546436867,31.656055377294
155.55952539242506,18.444035821259934,31.31609238330747,31.155326008438088
156.03668270950877,19.133500886530832,31.343611193801443,30.758229322557682
156.13022057716387,19.192700556690294,31.156535458491263,30.63982998223876
156.64648978892188,19.767907811831712,31.095213280269025,30.460631717249758
156.66362431650467,20.80664087526292,31.06094422510349,30.318029021020294
157.158044748971,21.36280387013415,31.036750431510832,30.170350102617885
157.2000539336123,22.38857617278339,30.952732062228236,30.042684244722317
157.65293114408897,22.468857400240076,31.005587480916027,29.88212178980895
157.6934646304022,22.36981765279424,30.924520508289547,30.08020128470062
158.20705978441154,22.299099421482417,30.856090022448875,30.221637747324266
158.20892655893522,21.682896885459563,30.85235647340154,30.494125546117626
158.1998187266611,21.508979281753554,30.870572137949747,30.841960753529648
158.16549455859243,21.475036681454732,30.939220474087126,30.909845954127295
158.09986377655414,20.95230349937981,31.070482038163654,30.983259301773586
157.5608328219892,19.885849829566997,31.1732743645926,31.165627475997333
157.54299249587615,20.430175848472302,31.20895501681875,31.05672699597289
157.43641930484327,20.005088561597475,31.422101398884486,30.9283015061892
156.90063888363542,20.02893992315139,31.513737638608312,30.88059878308137
156.47191967227675,19.870779640453968,31.390565934602463,31.196919348476214
156.49886612490732,20.231402451971604,31.33667302934132,31.459330973775014
156.58196327731972,20.027303948133174,31.17047872451658,31.86752798145187
156.61364341239437,19.822024019027875,31.107118454367264,32.27808783966247
156.70307082617083,19.025222386553622,30.928263626814342,32.87553793352387
156.77171448906637,18.730112147604302,30.790976301023274,33.46575841142251
157.3996841008265,18.544845727603025,30.54471068557219,33.83629125142507
157.56966292034946,18.65805480821868,30.204753046526292,34.621387395872574
157.8057166699948,18.269810011333902,29.73264554723555,35.39787698964213
157.94818500315955,17.97730302121744,29.44770888090606,35.98289096987505
157.641213901677,17.647134142257602,29.034597029104347,36.64322872779473
157.7805481838241,17.396937883517325,28.755928464810147,37.143621245275284
157.93915584937665,17.22936526434047,28.438713133705047,37.478766483628995
158.09744840640684,17.13455669324748,28.122128019644638,37.668383625814975
158.18503292178363,17.12407666480636,27.946958988891076,37.68934368269721
158.3375831647993,17.076080402838144,27.64185850285975,37.785336206633644
158.47713193504688,17.021658957993,27.362760962364558,37.89417909632393
158.6456003770676,16.89436686766289,27.025824078323136,38.148763276984155
158.22352354998233,16.31802958880575,26.849410154495505,38.280870256700254
158.28541779003695,15.796813196400489,26.72562167438626,38.30364590991544
158.23954528705542,15.86350283380558,26.81736668034935,38.17026663510526
158.27950660727092,15.216480434773526,26.737444039918316,38.44685041975632
158.54755967729216,13.87402950239634,26.20133789987588,39.09112439969044
158.68156110827147,13.223264118646362,25.933335037917203,39.37151540117809
158.81747921432026,12.60356460319828,25.66149882581963,39.59001733430708
158.89457414720496,12.008274939650157,25.50730896005024,39.76095017882804
159.05920738996747,11.939295599668608,25.178042474525213,39.89890885879114
159.30961747153006,11.371435816042055,24.677222311400058,40.01843362474146
159.38335779302056,11.690503654865232,24.529741668419053,39.38029794709511
159.53809203921725,11.938848061120293,24.220273176025675,38.88360913458499
