54.5,19.5,85.0,92.0
54.198644928881556,18.38843894195751,84.60271014223689,93.22312211608498
54.36269336572248,17.950313208070597,84.27461326855504,94.0993735838588
54.36879211710089,17.78902325613251,84.26241576579822,94.42195348773498
54.489980898467934,17.798380323540428,84.02003820306413,94.40323935291914
54.76245704528688,19.329305795069253,83.47508590942624,94.1443920835316
55.08966644851989,19.518199482408193,82.82066710296021,93.76660470885372
55.32482344670447,19.558662857183947,82.35035310659106,93.68567795930221
55.55583285664612,19.724259746273376,81.88833428670776,93.35448418112335
55.86015870429334,19.968640684633826,81.27968259141332,92.86572230440245
56.03669713305978,20.170915536124596,80.92660573388044,92.46117260142091
56.62352705068392,20.304603239810767,79.75294589863216,92.19379719404857
56.99122398431933,20.350365030674347,79.01755203136133,92.10227361232141
57.339035273319354,20.434840654279526,78.32192945336129,91.93332236511105
57.69374457995596,20.75415712101578,77.61251084008808,91.29468943163855
59.55937760073368,20.801235360791473,76.53369380536193,91.20053295208716
61.31890646715027,21.374334275233245,75.64830614520739,90.05433512320361
61.556991817540975,21.905287849002264,75.17213544442598,88.99242797566558
62.04901928314439,23.670341958538046,74.18808051321915,88.0401220285948
62.157445334015634,24.26640347011358,73.97122841147666,86.84799900544373
62.363935171903506,24.409055923942788,73.55824873570091,86.56269409778531
62.728739004962776,24.58965248370159,72.82864106958237,86.2015009782677
62.925157336606695,24.63768363096407,72.43580440629454,86.10543868374275
64.41769678092476,24.780936570089267,71.94011874131334,85.81893280549235
64.5808806206186,25.08293961308567,71.61375106192565,85.21492671949954
64.7862179389389,25.615058887546468,71.20307642528503,84.15068817057795
65.27693271461592,25.946101754577427,70.22164687393102,83.48860243651603
65.67779243622,27.583852023331232,69.41992743072285,82.62663478993014
65.91972156423455,28.04240354573659,68.93606917469377,81.70953174511942
66.01088821434794,28.50508380051012,68.75373587446697,80.78417123557236
66.10131718739859,28.975630347117615,68.57287792836568,79.84307814235737
66.34352615142504,29.217797048657545,68.08846000031279,79.35874473927751
67.79656304424381,29.411925434557247,67.49804563065946,78.9704879674781
67.85086176808394,29.754074741972197,67.3894481829792,78.28618935264821
67.97781900298088,31.397851857859322,67.1355337131853,77.28654314885776
68.30176758145012,31.713664347415495,66.48763655624683,76.65491816974541
68.60736334447927,32.07071170186386,65.87644503018855,75.94082346084869
69.00609318754461,32.410929839758296,65.07898534405786,75.26038718505981
69.16829339254858,32.746455064777855,64.75458493404992,74.5893367350207
69.35570110371597,34.117565997147466,64.37976951171512,74.03574899484568
69.53249982372525,34.366917451369915,64.02617207169658,73.53704608640078
69.68213326173282,34.602281054283026,63.726905195681454,73.06631888057456
69.87522775201712,34.85908876825931,63.34071621511281,72.55270345262198
70.00716876044314,35.234361860876994,63.076834198260784,71.80215726738662
70.14044332498553,36.596195872519154,62.810285069176025,71.1972060687064
70.22432157984774,36.77179977082329,62.64252855945159,70.84599827209811
69.255500089538,37.936348268572985,62.48318900447943,70.61388381219035
69.52791946022198,38.38879288413771,61.93835026311149,69.7089945810609
69.73623482831334,38.811389993841985,61.52171952692878,68.86380036165235
69.81824676655432,39.171397376505006,61.357695650446814,68.14378559632631
69.84997225430139,39.43006898685209,61.29424467495267,67.62644237563214
69.11646449721437,40.45849219982755,60.73568720415416,67.59516893465378
69.15809928051465,40.72963350621188,60.65241763755358,67.05288632188513
69.39317736543998,40.93775033521604,60.18226146770291,66.63665266387682
69.57431791632787,41.14734840001866,59.819980365927144,66.21745653427158
69.79437560618098,41.27344099992598,59.37986498622092,65.96527133445693
69.82803384641416,42.541181908324255,59.31254850575456,65.39909823742629
68.79943436400013,42.67477312498115,59.41029846695284,65.1319158041125
67.85419860526252,42.87609555588249,59.343916403368596,64.72927094230981
67.09005271198191,44.064829599280316,58.92266865813394,64.30134238731003
67.50718739336722,44.07884650467467,58.088399295363345,64.27330857652132
67.75225982139816,44.22531165302284,57.598254439301456,63.980378279824976
68.24415967759373,44.362714719689976,56.614454726910324,63.70557214649071
66.89492396468303,44.52747961892898,57.42273668936235,63.3760423480127
66.68283664824,44.88864251675305,57.84691132224843,62.653716552364564
65.60681564910995,45.99445650582004,58.105479177515654,62.33556271722344
65.65950955848676,46.15935137746126,58.00009135876204,62.005772973941
66.00270700986681,46.40566051591169,57.31369645600195,61.513154697040136
65.9552009228091,46.49628657727567,57.40870863011736,61.33190257431219
65.2285686637722,46.657130862128504,56.99603781604877,61.01021400460651
65.40818846389149,47.80761949525244,56.636798215810174,60.56361682136774
64.60176797663756,47.97428317222452,56.40791424539651,60.23028946742358
64.73422310703441,48.0995827406404,56.143003984602814,59.97969033059181
64.74942826130327,48.134573307709765,56.11259367606511,59.90970919645308
64.8039792530983,48.288945514986374,56.00349169247504,59.60096478189986
63.86404454222824,48.504470206575576,56.06668040506827,59.16991539872146
63.16488785957731,48.40253871224049,55.654038569921326,59.373778387391624
63.25867234084172,48.51936259462298,55.46646960739251,59.14013062262664
63.41219845127554,48.6336651625356,55.159417386524865,58.91152548680141
63.63749438487034,49.627060836842205,54.70882551933528,58.71729070311912
62.87342810913128,49.86492349058139,54.454571932553534,58.24156539564074
62.20166020943647,49.8773534657677,54.027165921239,58.21670544526813
62.552556679098956,49.888095434097316,53.32537298191403,58.195221508608896
61.92189766593661,49.858935742604345,52.83439313494446,58.25354089159484
61.323212421494496,49.88438249765166,52.286367686198915,58.202647381500206
61.36104589840202,49.81044545550159,52.21070073238387,58.35052146580034
60.555887193175465,49.826988986755985,52.08405144091588,58.31743440329156
60.66894120657579,49.892517206204175,51.85794341411524,58.186377964395184
60.94421083426077,50.95187408971195,51.30740415874528,57.79646167947217
59.98741451519251,51.241298611969235,51.50702344531973,57.217612634957604
59.31916028299183,51.35355443972824,51.13534903237422,56.99310097943959
58.35897100296924,51.608110737914956,51.356949024620235,56.48398838306616
58.47547624469522,51.62194869598833,51.12393854116827,56.456312466919414
57.52848873198518,51.780373705046095,51.32764615212135,56.13946244880388
57.46696477209649,51.881171717628504,51.45069407189873,55.93786642363907
56.442119447902584,52.06191186500875,51.812978467091035,55.57638612887856
56.40010097399266,52.07612385266054,51.89701541491088,55.547962153575
56.603934076721174,52.15189292867356,51.48934920945385,55.39642400154895
56.3987737197394,52.313994056189486,51.89966992341739,55.0722217465171
55.088040612001734,52.48155671491649,52.840094212915005,54.73709642906309
54.263553959538285,52.620844934962484,52.79839277196868,54.458519988971105
53.5330266190977,52.787137047478446,52.573791066865404,54.12593576393918
53.899194257659985,52.972369448431806,51.84145578974082,53.75547096203246
54.13045630228054,53.1571990937225,51.378931700499706,53.38581167145108
53.37983733474026,53.32378097553432,51.23370666464612,53.052647907827435
52.63395074235667,53.46189553893628,51.08652224090805,52.77641878102351
52.97445605806694,53.59971108730238,50.405511609487505,52.5007876842913
52.26525460569714,53.77501603324738,50.20666816576301,52.15017779240131
53.65671572731036,53.87162633765461,49.03236812879679,51.95695718358685
54.093834021409975,53.97811372635149,48.158131540597566,51.7439824061931
53.521660939629164,54.126260005418324,47.732616483418965,51.447689848059426
53.86780588243266,54.19524693968115,47.040326597811976,51.30971597953378
54.12444211086081,54.28698508963236,46.52705414095567,51.126239679631354
53.4823351353952,54.40097763371659,46.27692394754546,50.89825459146289
52.60080870565453,54.42110402366577,46.5131532272328,50.858001811564534
50.48145537719068,54.540730747741605,47.69195037512246,50.61874836341286
49.114457713266404,54.5996123349748,48.8810139985504,50.50098518894647
47.977962071784525,54.72710971902656,49.59211665573464,50.24599042084296
47.86796781013105,54.767718065079514,49.812105179041595,50.164773728737046
47.6536887505963,54.88708204431232,50.24066329811109,49.92604577027143
46.515969525712194,55.06830789443718,50.94183006475623,49.563594070021715
46.302235142664884,55.16394818580352,51.369298830850845,49.37231348728903
45.96298697229153,55.24183623616664,52.04779517159756,49.21653738656279
45.71747766827583,55.31946577354026,52.53881377962895,49.061278311815556
45.66279196886772,55.22186761958535,52.648185178445175,49.256474619725374
45.602094493245744,55.19073134410067,52.76958012968913,49.31874717069473
44.687610218859874,55.226591515921086,52.99430396093274,49.24702682705391
43.781055331904675,55.14335554429593,53.20080516079743,49.413498770304216
43.80423795255127,55.085247083115505,53.15443991950424,49.52971569266506
44.29283821088717,55.16129904745111,52.17723940283244,49.377611763993855
44.48230965559334,55.207965269755405,51.7982965134201,49.28427931938527
43.675219378864824,55.31434406115769,51.82393251612759,49.07152173658069
42.87540511429367,55.381363383447805,51.83798217229381,48.93748309200046
43.28797848083222,55.463992724260066,51.0128354392167,48.772224410375934
43.37540313356837,55.58705478454566,50.8379861337444,48.52610028980476
42.7538381720257,55.682732058016526,50.519562973842184,48.33474574286303
41.87672958391519,55.84369376564166,50.72022815192616,48.01282232761275
41.869846452185996,55.93492237066813,50.73399441538456,47.8303651175598
41.80765505745366,55.936951317849804,50.85837720484923,47.82630722319647
40.77998571473108,55.945644220552595,51.36291831466307,47.808921417790884
40.71214557245918,56.0341214766621,51.49859859920688,47.63196690557187
40.767695008189115,56.106437207502566,51.387499727747,47.48733544389094
40.865531555490115,56.15590156005043,51.191826633145,47.38840673879521
40.836844698107285,56.18386869034198,51.249200347910666,47.33247247821211
39.97069231550719,56.26927346731861,51.43244973152655,47.16166292425884
40.0285394377817,56.445617757879035,51.31675548697755,46.808974343138
40.192258637679,56.41308192585623,50.989317087182954,46.874046007183615
40.38431675712609,56.432020330849696,50.60520084828876,46.836169197196675
39.78645416871156,56.50289922440391,50.26977286282195,46.69441141008825
40.012311778383456,56.60150370615687,49.818057643478156,46.497202446582335
40.18342113325089,56.662592853491674,49.47583893374328,46.375024151912726
40.17650392115452,56.82969798744575,49.48967335793603,46.04081388400458
39.12218387463558,56.93355335011454,50.09715077569015,45.83310315866699
38.3460465113409,56.9872239172345,50.14210816087405,45.72576202442708
38.2851720567089,57.00860553161067,50.26385707013804,45.68299879567474
37.71089456106708,57.02616644559158,49.90489135188282,45.64787696771292
37.20554483806575,57.05642628103312,49.414206462545586,45.587357296829836
37.20710553737969,57.14379741966085,49.41108506391769,45.412615019574375
36.199609457681554,57.16567472190532,49.936109783172455,45.368860415085436
36.18404529524831,57.19071554626805,49.96723810803895,45.31877876635997
36.299549832200285,57.248489490856045,49.73622903413499,45.20323087718399
35.59962106412177,57.35709395486914,49.644394149539536,44.98602194915778
35.56567036160553,57.39605847200964,49.71229555457202,44.908092914876796
35.570371946678925,57.4520957701209,49.702892384425226,44.796018318654276
35.64041034853296,57.46245591853705,49.56281558071716,44.77529802182197
36.63499131171378,57.51542897649903,49.055842657169904,44.66935190589801
36.064208801994646,57.557157129670216,48.72477732457527,44.58589559955565
36.16760209062585,57.51654533422113,48.51799074731286,44.66711919045382
36.174528073425414,57.501382801765835,48.504138781713735,44.6974442553644
36.11902640738663,57.537895033164176,48.615142113791315,44.62441979256772
35.27106498455085,57.53345764367421,48.845999025577434,44.63329457154766
34.414480261003305,57.576328492808116,49.09037235625763,44.54755287327984
34.4162306817631,57.54683879594678,49.086871514738036,44.606532267002514
33.47057565588754,57.491406105017,49.506068516095056,44.717397648862075
33.417844830999954,57.570474657192094,49.61153016587023,44.55926054451189
32.71897136495275,57.636318878895665,49.52977326698351,44.427572101104744
33.095614840531866,57.64552324859127,48.77648631582528,44.40916336171354
33.19264547141171,57.72940110062361,48.582425054065595,44.24140765764885
33.24074355242021,57.8143861934789,48.486228892048594,44.07143747193827
33.425633723177036,57.88298245298804,48.11644855053494,43.93424495292
32.71294657583351,57.907328163472634,48.09547969858442,43.885553531950805
32.833427191171204,57.92268371445285,47.85451846790903,43.85484242999037
32.89374402086405,57.91988234232936,47.733884808523335,43.860445174237356
32.83605685898656,57.88287091428995,47.84925913227832,43.93446803031617
32.969127068338956,57.83185357593268,47.583118713573526,44.03650270703071
32.933928917377386,57.82908048928115,47.65351501549666,44.04204888033378
32.81877151142602,57.85237501628761,47.8838298273994,43.995459826320854
32.73585197810352,57.89032505498138,48.0496688940444,43.91955974893331
31.90700527880169,57.82980634210104,48.26229053408463,44.04059717469399
31.936660481413796,57.80921838378452,48.20298012886042,44.08177309132704
31.947697342016546,57.829913184177684,48.180906407654916,44.040383490540705
31.9585874762398,57.87753385708104,48.15912613920841,43.94514214473399
31.295447213484966,57.953326689696226,48.03822700590177,43.79355647950362
31.508099829061965,58.023469238924505,47.61292177474777,43.653271381047055
31.764562977181335,58.15209464927399,47.09999547850903,43.39602056034809
32.048453097934484,58.291485956139894,46.53221523700274,43.11723794661628
32.19597919284967,58.473598446864244,46.23716304717236,42.75301296516758
32.383152153664525,58.594788662974835,45.86281712554264,42.51063253294641
32.86443384030712,58.738542533787395,44.900253752257456,42.22312479132129
33.286826889185136,58.84243875509555,44.05546765450143,42.01533234870497
33.89537078667204,58.954259157352034,42.83837985952762,41.791691544192005
34.42900244886919,59.089185453990126,41.77111653513332,41.52183895091582
34.81418064792211,59.19670550647701,41.000760137027484,41.306798845942055
36.763091224805294,59.31515763884927,39.690113828596964,41.06989458119754
37.36248635879517,59.40980830437472,38.49132356061722,40.88059325014664
37.89008187130806,59.5852385915649,37.436132535591426,40.529732675766276
39.61014988638196,59.72133523101938,36.44621878510855,40.25753939685732
40.01247140466529,59.96646044959683,35.64157574854189,39.76728895970241
40.34394262190558,60.15148886678784,34.9786333140613,39.3972321253204
40.597991573964734,60.31917087171329,34.470535409943,39.061868115469494
40.78478589288497,60.47269325607113,34.09694677210253,38.75482334675381
41.54729125537398,60.67380651952709,33.71632591245705,38.352596819841885
41.70940125512067,60.93387162874307,33.39210591296367,37.832466601409934
42.5017841835821,61.00782010131224,32.92619741560152,37.68456965627159
42.5524434471444,60.56985891667683,32.82487888847693,37.45136807029972
42.58507695864354,60.665836163030704,32.75961186547865,37.25941357759197
42.50995707502155,60.6790658539883,32.90985163272262,37.23295419567678
42.47987387991985,60.71214844194313,32.97001802292603,37.166789019767116
41.90285761483446,60.78477343518599,33.02223837644415,37.0215390332814
41.974583978567395,60.826996357805115,32.87878564897828,36.93709318804316
41.57878255961191,60.89187777127293,32.57359016105196,36.807330361107525
41.650093560540064,60.9371025827582,32.43096815919564,36.716880738136986
41.617891060877426,60.977802387897086,32.49537315852091,36.63548112785921
41.62780471495828,61.10335225366753,32.47554585035921,36.38438139631832
41.69381036356549,61.76987412143214,32.34353455314479,36.13313940164355
41.24284129037967,61.943229693948034,32.1696703735623,35.78642825661176
40.842671541808514,62.56612714237699,31.902355184855303,35.608288045603175
40.893594037834745,62.61938589510884,31.80051019280283,35.501770540139475
40.9455790806843,62.683787531805535,31.69654010710373,35.37296726674608
40.9623677656189,62.63675389606845,31.662962737234523,35.46703453822026
40.96970084258022,62.60460476721329,31.648296583311886,35.53133279593059
40.492997437781355,62.69410178707161,31.546315161771147,35.35233875621394
40.50845257444432,62.72897939363561,31.515404888445218,35.282583543085934
40.553541871409266,62.661609355105426,31.425226294515326,35.4173236201463
40.0025798320789,62.56976840363043,31.477087452656605,35.601005523096305
39.919301687344635,61.829218179765974,31.643643742125136,36.02837095091613
39.81221910115437,61.79154740081175,31.85780891450566,36.10371250882458
39.15288807134267,61.783513470937,32.10887466108957,36.11978036857407
39.07312727006763,61.80021582536862,32.26839626363965,36.08637565971084
39.02511121692966,61.836319584240314,32.3644283699156,36.01416814196744
39.01388924652079,61.81385224811697,32.386872310733345,36.059102814214135
38.99110189601525,61.86343719795765,32.43244701174442,35.95993291453277
39.00766308424355,61.92219284910189,32.39932463528781,35.842421612244294
38.99272020997545,61.9720212411958,32.429210383824014,35.74276482805648
38.98874402768476,62.00144033383144,32.437162748405406,35.6839266427852
38.38286302087461,62.035604410885895,32.5786025192393,35.61559848867629
37.830920720017275,62.04162208617757,32.61097735367802,35.603563138092944
37.744882296537256,61.949040899418534,32.78305420063805,35.78872551161101
37.63314253978387,61.88320461716884,33.00653371414482,35.920398076110395
37.57518078838419,61.86543284057717,33.12245721694418,35.95594162929374
37.48649314584063,61.853814040657404,33.29983250203129,35.979179229133265
37.46209412914573,61.86486896811201,33.348630535421094,35.95706937422405
37.48203562701562,61.88955296244666,33.30874753968133,35.90770138555475
37.50609762558675,61.920315402169386,33.260623542539065,35.8461765061093
37.473247710774345,61.931265558238756,33.32632337216387,35.82427619397056
37.45503694843213,61.956357279306445,33.3627448968483,35.774092751835184
37.436834266754545,61.975272789555035,33.39915026020347,35.73626173133801
37.43713750938891,61.989384748034524,33.39854377493474,35.708037814379026
36.884520961714784,61.982023035650116,33.41781307968027,35.72276123914784
36.89756993028302,61.96223995023924,33.3917151425438,35.7623274099696
36.90210501793012,61.93435879801224,33.382644967249604,35.81808971442359
36.916963451286776,61.925580937468276,33.352928100536296,35.83564543551152
36.92117617434891,61.92433720170616,33.344502654412025,35.83813290703576
36.92392065551479,61.9200658573902,33.33901369208026,35.846675595667676
36.94353473907469,61.9599538843343,33.29978552496046,35.76689954177948
36.93535802346072,62.07869506855859,33.316138956188404,35.529417173330906
36.91864153894242,62.17966474835409,33.34957192522501,35.32747781373989
36.925257771372884,62.24068085364901,33.336339460364066,35.20544560315005
36.902573866996775,62.10435433499389,33.38170726911629,35.47809864046029
36.95313959008853,62.10011638285715,33.280575822932775,35.48657454473376
36.982464368864484,62.08896851675061,33.22192626538087,35.508870276946844
36.97551139593982,62.119546979350204,33.2358322112302,35.44771335174766
36.98497391587569,62.18769033492182,33.21690717135846,35.31142664060444
36.437447136769144,62.09638038845359,33.23505902166961,35.494046533540896
36.51664366497937,62.16622784239551,33.076665965249155,35.35435162565706
36.58590517444402,62.20442161698678,32.93814294631985,35.27796407647452
36.645956285060365,62.246832868242095,32.81804072508718,35.19314157396388
36.65659368700405,62.267903797319576,32.7967659211998,35.15099971580893
36.66857638685914,62.28757150000673,32.77280052148963,35.11166431043462
36.667898519691974,62.32762118012721,32.77415625582395,35.031564950193655
36.67198797578183,62.34306207321335,32.765977343644245,35.00068316402137
36.65464073940043,62.363133292620645,32.800671816407046,34.960540725206776
36.62716676321931,62.412116588472045,32.855619768769294,34.862574133503976
36.60216920327734,62.45181199744555,32.90561488865321,34.78318331555697
36.59205121963749,62.459420092759544,32.92585085593292,34.76796712492899
36.56723434858259,62.47943534632016,32.97548459804273,34.72793661780776
36.543795627954864,62.46861982400462,33.02236203929817,34.749567662438835
36.49681880547146,62.451689909411925,33.116315684264976,34.78342749162423
36.45879183794197,62.38515734189688,33.19236961932395,34.91649262665432
36.41719160346521,62.30583298296542,33.275570088277476,35.075141344517235
36.43831267524734,62.29365891281482,33.233327944713224,35.09948948481843
36.504958309127396,62.22099759735781,33.10003667695311,35.24481211573245
36.58416902513466,62.138338642617455,32.941615244938575,35.41013002521316
36.15193636623883,62.05124166429188,32.73200379469329,35.584323981864316
35.697303412920775,61.964170932115486,32.56780863804201,35.7584654462171
35.677040019230986,61.97466946656424,32.60833542542158,35.737468377319594
35.62686759832193,61.95364365586998,32.7086802672397,35.7795199987081
35.5263654325266,61.95720169640768,32.90968459883035,35.77240391763272
35.49457776266156,61.999230219218006,32.973259938560446,35.68834687201206
35.413643645804825,62.60812663305079,33.13512817227391,35.5494648324163
35.34140129160541,62.470412641953125,33.27961288067275,35.82489281461163
34.64246753004023,62.30141650322206,33.591581921498815,36.162885092073765
34.41523498399765,62.28721919696343,34.046047013583966,36.191279704591025
34.21530845380268,62.21932845083306,34.44590007397392,36.32706119685175
34.045215203291285,62.20238869137106,34.7860865749967,36.360940715775754
33.92797774984311,62.11328140252827,35.02056148189305,36.53915529346134
33.91496465251861,62.02197478589603,35.046587676542046,36.721768526725825
33.29463692961936,62.09444648597164,35.1593703369078,36.576825126574604
33.24502468401172,62.22428719625047,35.25859482812308,36.317143706016935
33.09541805253954,62.23014531295124,35.55780809106743,36.3054274726154
33.06674547192941,62.27093661390758,35.61515325228769,36.22384487070271
33.15319267267851,62.28955080375585,35.4422588507895,36.18661649100618
32.668505257174935,62.287010394106744,35.28589118197314,36.1916973103044
32.6847838973401,62.286301389413104,35.25333390164282,36.19311531969167
32.67310110677635,62.19840436104563,35.27669948277031,36.368909376426615
32.66520923872737,62.15923459642787,35.29248321886827,36.447248905662136
32.70794444171283,62.12425780613124,35.20701281289735,36.51720248625539
32.232182617955544,62.064973993213144,35.03132749744679,36.63577011209159
32.32613081428722,62.15289439919215,34.84343110478345,36.45992930013359
32.35117541992916,62.155603627403,34.793341893499566,36.45451084371187
32.41142374111827,62.091972531637765,34.672845251121345,36.58177303524235
32.509190191059076,62.094724530966595,34.47731235123974,36.57626903658469
32.66739455191029,62.09289114178528,34.160903629537295,36.57993581494732
32.73072174024948,62.20439365026958,34.03424925285892,36.35693079797872
32.34333416814201,62.153769658679835,33.70287010238568,36.45817878115822
32.42122454804331,62.087443526994804,33.54708934258306,36.59083104452828
