61.5,32.5,11.0,35.0
60.85723533682709,31.698640429178127,11.285529326345822,34.90489394792256
62.20005964136398,31.988046802859984,11.406786751603612,35.02780770914174
64.06697708872244,31.925577396485025,11.201413622184056,35.15274652189166
64.10102770751006,31.875719337808505,11.133312384608825,35.2524626392447
64.90047535556045,31.792798630963826,10.942121571377633,35.418304052934054
65.31626917768715,31.79825537282724,10.813208485639752,35.40739056920723
65.65862129686538,31.638602528131187,10.828643467855215,35.72669625859933
66.74214523243553,31.54812017759178,10.776401099225806,35.90766095967815
67.06333653074088,31.890510197843554,10.840541559127383,35.929403975686895
68.0514064374197,32.982793213738034,10.98845550943216,35.86889170756034
67.94433656879595,32.97396174118002,11.202595246679659,35.886554652676374
68.22649871381144,33.34586584944272,11.352371325824382,35.85684680532667
69.55122178975827,33.769329727219706,11.568677173500888,35.72635704966524
69.73757117326865,33.892401991400604,11.91454152416421,35.480212521303436
71.86964864332212,33.70274617598912,11.978782575936386,35.13812482014655
72.58600469014672,33.772136188932336,11.981490568505361,34.999344794260125
72.95889499561177,34.55226799104421,11.951496279034709,34.87065383295523
75.1992544204345,34.39153127920854,11.75123976158121,35.19212725662656
77.52142109104291,36.98993616237753,12.107191490336932,34.99560256026112
77.48844213577185,35.97935276258944,12.173149400879051,35.58072932803435
77.45717258759332,34.28587159554749,12.235688497236119,36.78506479689288
77.4016997881654,32.46049452589997,12.346634096091957,38.19844129196753
77.68989934861047,33.34960678406177,12.538105609894956,38.723828679723354
77.59901079408243,32.07284252251731,12.719882718951041,39.71969863751477
78.63989908185876,32.08806434237128,13.026935721165376,40.48553152372917
78.50931788495512,31.428079948405582,13.288098114972662,40.99273593144092
80.50669057749539,30.729876458743206,13.417073599958385,41.56439873675242
79.2334065118189,29.97465246220897,13.458005152471111,42.239634536874156
83.42186787153311,30.419148999710934,13.5363749461616,42.19617071318211
82.92747778842278,30.926761989246014,13.678801537970799,42.02729830852342
85.49409699303861,28.919523825780878,13.62500418838351,42.65548059569076
87.66533039989143,26.825674189378965,13.55497536319186,43.42522947768339
87.10793113933894,29.22257454468715,13.805680137231121,43.815991249461305
87.53613866201414,27.12576495904524,13.823505620982182,44.51264830433928
77.06281824425429,25.534583166543904,13.543961083169435,45.0417387176754
76.19278458614585,25.55387720801953,13.51056194233678,45.00315063472415
76.27738095061757,25.349691695812346,13.341369213393325,45.411521659138515
76.78557903440675,25.668645433861585,13.213165472690427,45.6618066099155
77.25000612558975,25.97669099403564,13.173647481292141,45.93505168053509
77.26131307076669,25.548546293916303,13.151033590938251,45.89889171066342
77.660053740373,25.08343761863909,13.245070902762802,45.937590410180675
77.09740964706008,26.283463348262195,13.476543376094623,45.3251703775225
77.01913997142721,26.335480451163832,13.633082727360353,45.22113617171922
77.43315569321472,27.239026691370963,13.695967738885887,45.19587660150608
77.41189649371033,27.339632461603394,13.738486137894643,44.99466506104122
77.41257547821216,26.846202608783805,13.737128168890989,45.091856966732536
77.40126686090818,26.93203637100102,13.759745403498945,44.92018944229811
77.37148514087667,27.329593446689152,13.819308843561961,45.014083662281195
76.95334950596803,27.321745686710262,13.764144438952403,45.029779182238975
77.41330654851282,27.135730137422264,13.734868541844634,45.40181028081497
76.95257843892185,27.17501038123867,13.760972873494751,45.32324979318216
77.40544003449254,27.06696777773397,13.749975061151071,45.539335000191556
76.94125989789089,27.12423534485491,13.7807618309301,45.42479986594968
77.35441036250863,27.505900002810183,13.850986677474957,45.557996325819495
77.30325455216358,27.53670400953501,13.953298298165068,45.49638831236984
77.19652988681699,27.66887207387365,14.166747628858245,45.23205218369256
77.10749637710477,27.774993247164257,14.344814648282691,45.019809837111346
77.05463811713778,27.830152935116562,14.45053116821666,44.90949046120674
77.00886559321357,27.879717630470957,14.542076216065091,44.81036107049795
76.99826362442896,27.871291380910122,14.563280153634313,44.827213569619616
76.97791620133563,27.86250286475483,14.603974999820963,44.8447906019302
76.96284116588704,27.86299064269624,14.634125070718131,44.84381504604738
76.95974715547554,27.8011031733297,14.640313091541154,44.96758998478046
76.52275767216372,27.399856231196118,14.608408124741707,44.86419993562454
76.52743318426953,27.36469239940707,14.599057100530116,44.93452759920264
76.52427842625166,27.31612017909047,14.605366616565856,45.03167203983584
77.02095307772399,27.178716602088127,14.518168992380144,45.306479193840524
77.04517521279558,27.19694428552382,14.469724722236952,45.27002382696914
77.06579468286132,27.234193785149287,14.428485782105463,45.1955248277182
77.02789037532328,27.275214188933,14.504294397181557,45.11348402015078
76.99210519714926,27.309977255403744,14.57586475352961,45.04395788720929
76.9791338102778,27.361985268776394,14.601807527272522,44.93994186046399
76.95447121235084,27.41446746548219,14.651132723126446,44.8349774670524
76.93199690062565,27.49350546463405,14.696081346576804,44.676901468748675
76.91279602814137,27.534141812494894,14.734483091545382,44.59562877302699
76.89139482807292,27.5789202071986,14.777285491682287,44.50607198361958
76.88384323877803,27.643473756515267,14.792388670272054,44.37696488498624
76.87739201449469,27.687546450475242,14.805291118838738,44.28881949706629
76.88649285330634,27.712372284101683,14.787089441215446,44.23916782981341
76.89079398963634,27.770800046638932,14.778487168555458,44.12231230473891
76.57066557317734,28.148098495597026,14.522326012663816,44.264133395632356
77.07084173249476,27.711844545321803,14.415720540157539,44.24289445005425
76.66548827617527,27.69586669751792,14.334934676897092,44.274850145662015
77.16774992065463,27.637420843243895,14.220875965318083,44.39174185421007
77.21031303801583,27.637816364532085,14.13574973059567,44.39095081163369
77.19461153441213,27.7083325714816,14.167152737803066,44.24991839773466
77.16351201209446,27.798391253929772,14.2293517824384,44.06980103283831
77.2206746256837,27.826799066996873,14.115026555259917,44.01298540670411
77.25756282614873,27.849966793422432,14.041250154329878,43.96664995385299
76.85776528930634,28.28280753442975,13.960139064964233,43.981674634888776
77.33683865773537,27.83611930804425,13.881420140107027,43.99562327565892
76.92184863771124,28.256671136598094,13.833223204116521,44.03269659459001
77.38412893492426,27.793753228500854,13.786476893611342,44.08071812686363
76.94593004415199,28.250575284249734,13.785242101644936,44.04470658887679
77.38279677408887,27.843375391876247,13.788609013010122,43.98200600238483
76.93419819886984,28.801813523439442,13.809530836738368,43.81768039267814
76.89983966168707,28.42813315709352,13.878247911103903,43.69070580522761
76.90628005690516,28.416679693660534,13.865367120667699,43.71361273209358
76.91456059612356,28.454713686029876,13.848806042230906,43.637544747354895
76.92386638592927,28.495149410667352,13.830194462619477,43.55667329807994
76.93015296681932,28.531617822197724,13.817621300839384,43.4837364750192
76.94277984287179,28.56896818623252,13.792367548734465,43.409035746949606
76.95376251566876,28.62293723742736,13.77040220314051,43.301097644559924
76.99293944821036,28.167366306726397,13.692048338057297,43.345936728407274
77.42444161444382,29.06152974012794,13.694540279425482,43.28860240927441
76.99050651534613,28.719348713085708,13.69767990256354,43.10823388830154
77.01785323198038,28.274060692830382,13.642986469295046,43.13657508513461
77.45115537474152,29.170788182832318,13.63801222116173,43.066380179908606
77.00364226922252,28.83302409619054,13.672493563664979,42.88136348465743
77.01092722095825,29.245189508120312,13.657923660193529,42.91559197915731
76.95227202338894,28.913087943534464,13.775234055332138,42.721018919355686
76.95296682467162,29.328338510053854,13.773844452766768,42.74869266329189
76.9089198643724,28.960806460654112,13.861938373365238,42.625215256210964
76.91807696113153,29.372133143725506,13.843624179846943,42.66096924272051
76.88274908462473,29.03718093418435,13.914279932860564,42.47229524105087
76.91779922976193,28.935112679692153,13.844179642586163,42.67643175003526
76.945928505212,28.864366150805708,13.787921091686018,42.817924807808154
77.00881033665783,28.340058296500498,13.662157428794362,43.00675965843154
77.43827788166503,29.17971362117599,13.663367237393139,43.04773880630692
77.01001095574973,28.759898196987443,13.659153751276897,43.026622316737175
77.04714825568401,28.22082528818035,13.584879151408359,43.244397251690145
77.45933492493766,29.088878498078884,13.622592175129483,43.23246355634997
77.00591578036642,28.717671721434886,13.666818590178917,43.11226523554492
77.01659711266511,28.281959653942458,13.645455925581532,43.12196502787553
77.44302678117091,29.129725218785396,13.654065251383273,43.14937122381632
76.98980604870778,28.786865082291122,13.698491706551097,42.97307648704643
77.00668150068996,28.807206691265932,13.664740802586724,42.932393269096806
77.01064395541879,28.819796101796783,13.656815893129075,42.907214448035106
77.01423183970307,29.244026488336672,13.649640124560504,42.9173908726592
76.98011936505975,28.88121264301024,13.717865073847147,42.78436919780044
76.99260160905419,29.284369958643886,13.69290058585828,42.836073720353
76.96121532181546,28.89714926692387,13.755673160335732,42.752222178730776
76.97910452670845,29.32025103376228,13.719894750549747,42.7642766057777
76.94464180729027,28.972867788723637,13.788820189386104,42.60127129665009
76.95794671181733,29.38801766187709,13.762210380332004,42.627698685023255
76.92799848518884,29.028987797992322,13.822106833588986,42.48914494198834
76.96731156158334,29.409998940270263,13.743480680799966,42.58287077059245
76.92653535073761,29.03790513372519,13.825033102491425,42.47142385888429
76.97709730703025,29.404498877838577,13.723909189906147,42.593786884649305
76.93921576854099,29.06289398469911,13.79967226688466,42.42156664606128
76.97456122679102,29.43289335408007,13.72898135038461,42.53594670458663
76.95325184751849,29.04581296950151,13.771600108929666,42.45540397218362
76.97664012219619,29.442018530267703,13.724823559574265,42.517336633543806
76.94633067796997,29.067492131072974,13.785442448026707,42.412025948937796
76.96063493169552,29.441855729164885,13.756833940575609,42.51728143077443
76.9240734398252,29.063212606592003,13.829956924316267,42.41961767885371
76.95964481290896,29.41679360801495,13.758814178148715,42.56736191054563
76.93556196625474,29.044717028974656,13.806979871457177,42.45581897978571
76.96101423593342,29.402664251344284,13.756075332099822,42.59492288673111
76.92147759053613,29.073902543738292,13.835148622894405,42.39640987852478
76.95108344536267,29.464518984547578,13.775936913241308,42.46984929780725
76.91263114905297,29.111086140912967,13.852841505860699,42.322086913164966
76.94605347028826,29.4748784657504,13.78599686339012,42.44844473219274
76.91221698725846,29.127453809307994,13.85366982944972,42.288784924525615
76.93021266549144,29.53588314590206,13.817678472983777,42.32541158948903
76.89670104257257,29.23219870846476,13.884701718821502,42.0794350080485
76.92029855198035,29.605289972915465,13.83750670000596,42.184336107531436
76.894144718996,29.24693532898808,13.889814365974651,42.049337464650534
76.91033122438505,29.213542626424,13.857441355196565,42.11612286977869
76.95684633430794,29.57674959874274,13.764411135350766,42.24081419675709
76.93148557734808,29.20903507229037,13.815132649270483,42.125073424923656
76.94634351023495,29.1793362184754,13.785416783496753,42.1844711325536
76.96837855979194,29.136576686183005,13.741346684382751,42.269990197138384
76.99015200933694,29.544096363010755,13.697799785292773,42.306111543629264
76.96075121876113,29.57067607239346,13.756601366444398,42.25295212486385
76.95004222881165,29.21660617307821,13.778019346343331,42.10989314322382
76.97813816666766,29.155219681895886,13.721827470631323,42.232666125588466
76.9790350541212,29.126427497596353,13.720033695724252,42.29025049418753
77.00486103525317,29.495949126404124,13.668381733460302,42.40226436389644
76.97598833631537,29.147247797696302,13.726127131335929,42.24796996567564
76.98263438073907,29.118478278694095,13.712835042488503,42.30550900368005
76.99454840618075,29.50300883543351,13.68900699160515,42.38758928669119
76.99231305981385,29.08007725951764,13.69347768433895,42.38158484244071
77.0285771421591,29.453781598931002,13.620949519648468,42.4860406967498
76.99975287086292,29.05660100241648,13.678598062240816,42.42838876367503
77.03885476285849,29.419935270620865,13.600394278249668,42.553974966967694
77.03386231280048,29.024700863898175,13.61037917836569,42.49184601155436
77.06327878272432,29.403412113691072,13.551546238518004,42.58632471891158
77.03889436569989,29.041739618289025,13.600315072566875,42.457511620442126
77.0880106515083,29.386260626144008,13.50208250095006,42.61969960115407
77.05591804721135,29.017570742944866,13.566267709543963,42.50535839970957
77.1053204289111,29.369835188142126,13.467462946144439,42.65211163187348
77.07659653503629,29.010872182308105,13.524910733894089,42.518494866052094
77.0710354970775,28.98059520091767,13.536032809811653,42.57904882883297
77.09510366598741,29.396801910724065,13.48789647199182,42.59840524626077
77.06934126691547,29.06727907700524,13.53942127013569,42.406292362948946
77.05290886129504,29.048374291815065,13.572286081376562,42.44410193332929
77.05887502651767,28.54096245228407,13.560353750931311,42.60840046988035
77.08145980449709,28.4862588651359,13.51518419497247,42.717807644176695
77.09899607104396,28.446043839739918,13.480111661878725,42.798237694968655
77.05638518966863,28.491122234240155,13.565333424629376,42.70808090596818
77.07273082406664,28.45470060421357,13.532642155833377,42.78092416602135
77.06122216645423,28.44822797679786,13.55565947105818,42.79386942085277
77.03769434738713,28.439470601715627,13.602715109192378,42.81138417101724
77.03288749180076,28.400620138914192,13.612328820365132,42.88908509662011
77.01598562663517,28.369429347140347,13.646132550696318,42.9514666801678
76.99344100685653,28.801771016145846,13.69122179025359,42.945850692948504
76.96271570771808,28.41750864123137,13.752672388530495,42.85455867258776
76.93835567231437,28.846423045432104,13.801392459337906,42.856382573928144
76.9195690481199,28.478154285460462,13.838965707726857,42.732347045256375
76.922086085151,28.880745840320397,13.833931633664674,42.786668657458996
76.92439370882764,28.44986879655256,13.829316386311367,42.788240471532426
77.33106221401563,28.843193871573238,13.876099251989352,42.861710197545044
76.91192680461334,28.449692461373793,13.852350708230057,42.78669365538005
77.73600604989508,28.996596760512855,13.92523324589957,42.55340557121841
77.27772815333994,29.01223378993941,13.983240072199125,42.522131512365306
76.85549373983588,28.057585008952916,13.968541375493507,42.71309402691083
77.31462971187754,27.57492292913321,13.911876326609832,42.81681129135059
76.91649356670546,28.468457566891573,13.84610958939129,42.75382007095931
76.99307686071431,28.003882058670722,13.69294300137359,42.82303098271776
76.64540246631161,28.476566282773284,13.530182816362544,42.735771508329066
77.575550632329,28.072731802720174,13.377648574683318,42.68955942325751
76.38049494934702,28.14609121134542,13.216503060686847,42.54284060600702
76.840486440284,28.236190802188247,13.14189340588128,42.36264142432137
76.46192418146805,29.233169594111725,13.057568950840807,42.05158178581916
76.50465164671989,28.76046022010435,12.97211402033712,42.16150559019805
76.5437625053704,27.851490677839834,12.893892303036132,42.3085008600102
76.57756149991185,27.830302688312912,12.826294313953206,42.35087683906404
76.60613932711586,27.34216138750816,12.76913865954521,42.49170758364952
77.01768694804886,26.316640038765815,12.782425584258844,42.86998594797489
83.0053232682712,31.193020833239448,13.436665011054345,42.37886654167041
81.89350207276955,29.088175142154647,13.966090940398358,42.35301676969176
78.7335268656526,29.004610842257136,14.29086011332475,42.520145369486784
78.29112297007599,28.06000304839945,14.310905917383675,43.54459897010784
77.69322039261951,28.49734031030998,14.627041257471141,44.42926407593778
77.267607866025,27.960573727982077,14.580260109123637,44.604791039057055
76.86570954397358,28.433502695010596,14.484417501549888,44.55857235667659
76.4649566641057,29.12483108089254,14.388695754619942,44.97037059824417
75.94441571163175,28.043817530231443,14.528471555374962,45.3297854911806
75.28766669059135,30.32174312679293,14.933004871005707,44.409793203857674
73.30860127843034,29.98168579559105,15.277849345028216,43.283264691111675
72.7230681817525,30.706494928748754,15.555344927130662,41.83364642479627
70.89594926309368,31.313838921025074,15.697977539215227,40.61895844024363
69.74027421126428,31.495814124640386,15.420084128382584,39.39192686151585
69.50930871529641,31.9556471515984,15.041493709204873,38.472260807599824
66.81239383237369,32.28172177314253,14.691362331365118,37.82011156451156
66.96693599730543,32.1630986530521,14.382278001501643,37.252403626868336
66.79540667776502,31.91004866669994,13.934050821288164,36.967217780278354
65.18773909996227,31.977157474005203,13.253574699319579,36.833000165667826
65.4429224097627,31.745423343849765,12.743208079718727,36.5314895753873
65.32071905578763,31.481684772875212,12.236180674293365,36.30753260396092
63.64824722999809,31.44543995781613,11.886022259276874,36.380022234079085
63.72569330774031,31.623268213122138,11.731130103792443,36.02436572346707
61.54739610854604,31.433700636519873,11.733127028009276,35.67773463097632
61.07888290836129,31.61089417729766,11.949266481332371,35.323347549420745
59.145278426406406,31.380603510341988,12.217453062029106,35.06412440668948
58.990026379829345,31.7415591434861,12.52795715518323,35.063211910667945
58.54656859568761,31.711902024202022,12.68825689002161,35.1225261492361
56.71662252707318,31.6496171022558,12.696343401663551,35.247095993128546
56.364964235715746,31.24637573965299,12.66737581349377,35.321294547449526
54.300703699766956,30.837635913894992,12.398986666944488,35.40595582922438
54.07672041258119,30.411270684645086,12.117792128800895,35.529525175209066
53.83530029960592,30.38175558052422,11.874826178341714,35.588555383450796
53.32729929736238,29.580699805506455,11.446403050686712,35.74624180134424
51.95693275140163,29.74262471626257,11.320734484083175,36.13899239446327
51.598022504831704,29.11444051437367,11.318706531644485,36.67551235266252
51.16885731580034,29.027387505458304,11.449638321624,36.84961837049325
48.324300496880326,29.07796027665671,12.012819259337977,36.74847282809644
48.10577505664141,28.799175491083922,12.449870139815797,36.56484706006364
47.580569527962496,28.490873197559456,12.753708344326075,36.43487879426501
46.77893649108167,28.4741039091601,12.85647564607328,36.46841737106372
44.16292639009871,28.463472200211843,12.820355341403731,36.489680788960236
44.24616210526007,28.48805213348806,12.653883911081003,36.4405209224078
43.317877240124716,28.120050215932554,12.264903433236835,36.428008021480515
43.51140962383976,28.590046663866982,11.877838665806744,36.22927100444729
42.651057848405294,28.24585058082303,11.40446318354766,36.18630349282586
41.384627351377965,27.86576879076622,11.04908491388754,36.22440725701079
41.101414615923446,27.757403855142055,10.899467696187513,36.44113712825912
39.411793991676944,27.019517512291685,10.697041631028727,36.48424288849914
39.521465523395015,27.097356753956547,10.477698567592578,36.328564405169416
39.13971162736867,27.205124379141186,10.534296030423612,36.11302915480014
36.98007913215537,27.31541288917952,10.62400342861263,35.89245213472347
36.89188501035664,27.40973329054289,10.800391672210083,35.70381133199673
36.172711502076226,27.51710984946424,10.830560347428554,35.48905821415403
33.70388305999794,27.930505960147244,10.856920515613279,35.363879809355424
33.61537027359978,27.576275336943567,11.033946088409607,35.37200895291042
33.14905681873445,27.28173145167434,11.262859404553993,35.2573831298626
32.83988663242696,27.611457809884858,11.174895596508977,35.304234594101565
31.19331467891054,27.309029626059978,10.941288421803112,35.203740745403586
31.271973433752322,27.73773698483364,10.783970912119543,35.04595138152712
30.6138774086741,28.1627013502181,10.711180253777357,34.89051400500752
30.618571549521818,27.999718474185425,10.701791972081917,35.21647975707287
29.954388624977955,26.506760619589762,10.639393645070877,35.42086711406665
29.50897088278932,27.17934665749153,10.83311595152519,35.46992139410905
28.346280935201598,26.747431617078718,11.054323797628047,35.63236079191047
28.333725097457986,26.32369887106169,11.079435473115268,35.772054896246125
28.307397113587914,26.520663536256517,11.132091440855412,35.37812556585647
28.239202461686748,26.723290065928662,11.268480744657744,34.97287250651218
28.283617789462916,26.4126941243199,11.17965008910541,34.89168740719589
28.284685816478913,26.714970736425357,11.177514035073418,34.98672994555474
27.769598956160774,26.729097024740703,11.506785047935713,34.95847736892405
27.256641682040783,26.10304715490587,11.82615899066419,34.797495897570705
26.733923091690876,25.337855242417767,12.16150867369346,34.90770472720581
26.56866696635757,25.6044238926985,12.492020924360073,35.09232364379035
26.038639268833343,25.274185985261465,12.825696184991825,35.02641932424772
25.870574827772657,25.750430976154366,13.161825067113197,34.80540070507144
25.819756053524824,25.78299038357107,13.263462615608866,34.74028189023803
25.789081359723465,26.24946768728744,13.324812003211584,34.542582926569104
25.77714226728745,26.80799170508076,13.348690188083614,34.159059038804514
25.84160092064266,27.330238306344214,13.219772881373196,33.84302072612948
25.960968207361653,27.32845805696739,12.981038307935211,33.84658122488313
26.024486815079413,27.88944456486278,12.854001092499688,33.44200333208327
26.157937329887943,28.02918634819722,12.587100062882628,33.16251976541439
27.782462378141798,27.66402225863384,12.140192226639378,33.192312379475034
27.91667330365427,27.558720380062685,11.871770375614428,33.40291613661734
28.428603193364097,27.044603841223342,11.538979847548521,33.74007996294229
28.56633050105477,27.229593611623155,11.263525232167167,34.05992504705804
29.066956247539494,26.815508966341678,10.95161448251075,34.198753594307966
29.54335411709326,27.03349566996831,10.684410393260396,34.448371836911875
29.987376958650486,27.36225570573629,10.480570346645724,34.4750574018757
31.08092720163566,27.41610684748684,10.335922641441083,34.3673551183746
31.057425093908446,27.730300231884193,10.382926856895514,34.41558780856042
30.946720041587774,28.008923211032467,10.60433696153686,34.53651270566654
32.61702733607801,27.88327180767903,10.68359008427231,34.78781551237341
33.34384087670097,26.73255171707608,10.607941128956936,35.02228850468348
33.71800242197289,26.653414859118293,10.550521103575475,35.18056222059906
34.83599186857431,27.049442267488597,10.390765788007572,35.08058192973676
34.87416671984854,27.53651759708369,10.314416085459115,34.79413257070123
37.04120190832056,27.5699225501213,10.073807047820313,34.72732266462601
37.104767830880284,27.87935735851962,9.946675202700854,34.78528353252963
37.16055400104466,27.421683357804586,9.835102862372109,35.02535248611975
38.25081589786397,27.571679713824736,9.684306275065337,35.4019355095234
40.00516969730024,27.45818352271881,9.570840246134235,35.62892789173525
39.92882685670641,27.39432111110115,9.723525927321903,35.75665271497057
40.094708439028885,28.435571137802285,10.076530599882208,35.72845617318407
40.200012717414296,28.418111361450055,10.556901358404836,35.76337572588853
42.42409206474234,29.254358951947633,11.011656165053125,35.49171297383749
42.19849920445841,28.652508805988262,11.462841885620985,35.28542227591886
43.04298735601067,28.646133967062795,11.904981964825891,35.298171953769796
43.986735996792696,28.21847736430702,12.173401922832664,35.4348460794244
44.37460735772058,27.865666149999242,12.123131626641495,36.14046850803996
46.610396809545634,27.738888374672904,12.059058388893153,36.39402405869264
47.50008386370842,27.981941367686698,11.753710845621457,36.64493135519199
47.94087128093577,27.843546881137833,11.607111168767542,36.92172032828972
49.89717160795684,27.7246833917905,11.375500750492135,37.15944730698439
49.81065293615327,27.562237577870157,11.548538094099285,37.484338934825075
49.72920150402044,27.474568433744395,11.711440958364943,37.6596772230766
50.29316965395019,27.97129264397305,12.080624646474902,37.414788796604014
50.83726097311806,28.656924116842546,12.496210510545236,36.795410102068075
51.053820598619644,29.062301075601148,12.813785591769982,35.98465618455087
53.57629547871854,29.74217570736491,12.983312005262025,35.36983208869332
53.52444650331574,30.28318923455461,13.087009956067634,35.02702285287784
54.772795399222844,30.73404379514113,12.798875569829931,34.86150153356363
56.9805926313164,31.165448290454663,12.7550778849996,34.72732533949603
57.38672844778755,31.17175544374292,12.668733181195279,34.71471103291952
58.72258567241568,31.12793170494136,12.169585929394781,34.80235851052264
59.26752887794043,30.76275000981868,11.79610278330138,34.816318635811896
61.26509134249232,31.136163800319707,11.35001352578537,34.7792981891274
61.29153268870186,30.953530816611035,11.2971308333663,35.144564156544746
62.6690093980332,31.28269329502209,11.36351964785752,35.19157475801111
62.488618126055215,31.604316869177705,11.724302191813472,35.255547828353166
62.99851885006167,31.981763505776915,12.133969898041672,35.2153891322753
62.76114500485315,32.09092941650906,12.608717588458722,34.997057310811
65.12278499601648,32.205877536046415,12.975372539186846,34.767161071736304
64.93998539010018,32.22046014786591,13.340971751019453,34.73799584809731
67.39387903609132,32.62154638109536,13.589473346999943,34.67243607991882
67.48233284284863,33.313674917516416,13.412565733485316,34.76842076816659
69.63655361330784,33.25412071715422,12.795780695090905,34.887529168890985
71.74914258870838,33.23151862569264,12.21534591721483,34.93273335181415
72.29811233946651,33.80167113380652,11.836496536982773,35.2306085781548
72.43391212843572,34.01439679440686,11.564896959044335,35.52158692399192
72.83881176578929,33.722137967507834,11.470688744389964,35.39051351773724
73.20847400483218,33.67386916742552,11.443369965404951,35.487051117901856
74.17353814634825,33.9416225892292,11.651859642690297,35.66441692773366
76.8212357420701,32.93499647373635,12.110143220814082,36.95845931252342
76.89981495620646,33.00680837679847,12.698940764558309,37.56079147841612
76.66785307898944,33.08065192682585,13.162864518992345,38.178371007815045
76.99224209398041,32.334598666743055,13.296582297784713,38.88798171920631
77.3844285818352,31.79291397653616,13.30723021659652,39.9713510996201
78.59837359262114,31.35090456471901,13.311158686394105,40.8553699232544
80.57347102468913,29.990061750456043,13.477061863666648,41.10739672693522
83.03968855151945,30.330157282265045,13.52362392843652,41.25703851638897
83.82027696898066,31.213399299121406,13.628062933145092,41.156170322307275
83.26032592516734,32.700936899375805,13.91467689649194,40.68095949463797
85.36894412163106,30.449287268690522,13.856280825294663,41.02541843427833
87.10983660401837,28.306360065084004,13.716894184233013,41.96887451777841
86.99331449494348,29.986547250709428,13.949938402382799,41.994272728122255
87.17100694204468,34.338647144080596,14.445621640719345,40.949686134230454
89.08471070700952,36.48637043306721,14.84441298099952,40.03519865242513
90.94192332969605,36.44090683176339,15.326987934120316,39.286725815333995
90.81625399784343,35.02293805197348,15.578326597825553,38.77326963607078
92.49601847641517,34.65892563760507,15.55666123869489,38.6668285653044
92.5285230970941,35.18858864698687,15.491651997337037,38.440053461400744
93.99948338099315,34.405125920598906,15.034136916049096,39.178843752006635
95.76436458435568,34.72493171355858,14.826611197224812,40.20035051003765
96.13219641915933,34.17273969463493,14.932386248235817,40.46329582726667
96.00439505569308,33.529067007445654,15.187988975168304,40.903540211918525
95.76057624917689,34.47012664969081,15.675626588200682,40.737411536376904
97.19986660799533,36.09775562526873,16.254556572092177,40.075286611367325
98.05964839178021,37.48149638070919,17.130631420841304,39.03823071136566
99.73258313886433,39.78807398315401,18.113571962904395,37.88812353546106
101.45807060342605,39.786752409982526,18.993949499443364,37.024496188671534
102.4336633844175,41.55719662829236,19.64944433490728,36.09028814949868
102.25792276800753,39.64525442545913,20.00092556772723,35.58208458751401
102.44070876353577,49.61879126150692,19.635353576670763,36.392953778847
105.31675273146693,48.96249596093672,19.107037973668277,36.83491565784411
105.1335201088829,48.73730628527089,18.605441313831705,37.28529500917576
105.30398281978746,48.89148278852684,18.264515892022587,37.84294880255861
105.68750649057803,49.014885865352596,18.365703563875996,37.59614264890708
106.05590706424458,49.221745662680604,18.495296280873127,37.182423054251075
105.98250089253693,50.87167499419898,18.64210862428842,37.332968439204535
106.2566689253192,49.767115222018354,18.961109155872816,36.94007819211906
105.531084055934,50.484328999117956,18.6780939271609,37.23983560540218
105.70420671059557,48.93236255741026,18.331848617837753,37.74397549410293
118.26985664368995,35.64603116725338,17.503472902329868,38.27779097011575
118.96283827874448,36.25978375087328,16.978802080958474,37.91157825161361
121.00645871187095,36.05867184269441,16.27873915270226,38.313802067971366
121.53878371688955,37.43552234066946,16.0543687604785,38.08093992546161
122.1497716321105,36.98976065689661,15.66534744658922,38.139508776454676
123.12101669556694,37.45410027461374,15.376662263641562,38.03773201300301
123.99396639662777,39.54494412620092,15.2713768858436,37.95757937063804
125.21724760494666,39.2442014782919,15.276657297221568,37.74178372378417
125.95138647984032,38.36666569275047,15.436927650340344,37.8683071919609
126.29931460096158,38.32761188280536,15.560014765105034,37.946414811851135
126.7707494391948,38.64931779700629,15.439398958805405,38.12525685361609
127.99972564619246,38.272522862865074,15.449490476998431,38.05616541116909
128.9080126792072,38.87802676071358,15.276651794172484,37.667025307073864
131.3605179636508,40.40084156996522,15.250837675083993,37.060993913469936
134.1614878222984,40.60697577273276,15.277071679153533,36.648725507934856
134.51111644806412,41.18047321821234,15.376369628047803,36.30028581740141
135.37597885639494,41.59105355061831,15.237228088800766,36.27441679129674
136.62030580791452,41.76163447564581,15.125945440741654,35.93325494124174
138.12079789886357,43.35775871813257,15.267244507359068,35.097718892654854
138.42658991018808,43.31338560792135,15.431669602839438,34.41045599494789
139.5450855139036,43.87691249047399,15.501555760405692,34.052361351508324
140.35113448715225,43.953535289202,15.419448593261972,33.8991157540523
143.1572875017639,42.08499728573399,15.136498603361712,34.590845452803734
143.33117451326402,41.07952562909843,14.78872458036147,35.069024034282585
143.7360793948822,40.04708778272784,14.746062067912375,35.59960522544919
145.25913405153523,40.69793584305455,14.7960910694947,35.84597826223995
146.77859128070028,39.61148444686132,14.871050472507596,36.461944123954936
148.84871558933938,38.88818394880609,14.674107760302194,37.11988393905084
149.33749727201743,39.84445184390319,14.491148402213502,37.59116017065898
150.23834591934457,39.615083561639004,14.285628826429544,38.049896735187346
150.66069538908982,39.506941808501274,14.241896049070144,38.266180241462806
154.0131906840013,39.473260470651454,13.963076951275667,38.33354291716245
154.5198915739656,40.35566503288262,13.748882376753384,38.16714820351278
155.4251745861149,40.816974968969646,13.524242735141142,38.03749152268189
155.84147949953285,40.82144009690751,13.478682244139053,38.028561266806165
157.91197028348836,40.840644294043145,13.26818394815876,37.9901528725349
158.21394636564108,40.91274341772133,13.445963178721597,37.84595462517852
159.76038047853353,40.95374890267779,13.48470211592535,37.763943655265614
159.62825916262867,41.34384842545228,13.748944747735116,37.76617903901485
162.28279241394836,40.82824392853086,13.950582911116152,38.01014450914049
163.04274066718443,41.15901483599782,14.01941622604111,38.142967604905124
163.0021339376376,41.150629779241704,14.100629685134766,38.15973771841736
165.8621127378081,40.67306862421471,13.975116474407114,38.31565368709802
165.07544512152222,40.518130716392655,13.950113291164648,38.625529502742125
155.70866840445555,40.549594295033046,14.211462146004074,38.56260234546134
155.99210976049812,40.159335616551786,14.451537842568033,38.53616129377473
156.71475343091817,40.578295950825236,14.628055982927364,38.509143365827555
156.61256225242232,40.63267910882109,14.832438339919038,38.40037704983585
155.65871606450162,40.72936413458057,15.108541290603856,38.207006998316885
154.80097314101965,40.76531401899582,15.18810934959408,38.135107229486394
143.1481314547016,42.03007274091421,15.580087967169629,37.24228298243965
143.06232822694759,42.44748949909639,15.751694422677645,36.407449466075285
143.0330840961133,42.76683754723754,15.810182684346213,35.76875336979298
141.39650208445778,42.63278315084288,15.902294487895542,35.24159910764186
142.5407684675982,42.79126918254014,15.981507984311065,34.924627044247345
141.38116296607097,43.01286758337649,15.942595534615508,34.48143024257464
142.14904388145303,43.11722710394281,15.964695370124469,34.27271120144201
142.19112450482743,44.11074557001914,15.88053412337564,33.83824683045039
142.2861145329798,43.83851716713102,15.690554067070893,33.61419657265553
141.58538552858747,44.00071573206286,15.568133048734405,33.28979944279186
142.39747905086415,44.05621517989878,15.45413028662832,33.17880054712002
141.72019166457258,44.16929845143445,15.305722374709513,32.952634004048676
142.89887488059193,43.859401843078125,15.185207625101063,32.82680999328457
142.98158695133714,44.704087242427455,15.019783483610617,32.620812115014644
142.32158498463434,44.448102038255286,14.868173562020333,32.39697559586102
142.0163627689083,44.51962318303665,14.748708615521418,32.25393330629829
142.7966531923219,44.205657979969544,14.639618618224212,32.15611828766748
142.1366877604221,44.24326198908473,14.51471296694175,32.08091026943712
142.55264624071268,44.24304572553764,14.401936957338819,32.08134279653129
142.26821173314403,44.962080187342764,14.253635567560604,32.07761468275214
143.03547443379819,44.99063290894613,14.148137407401416,32.020509239545405
142.726323340875,45.021656175476124,14.054605772811659,31.95846270648542
143.51175308071032,44.66048808628001,13.902330196348716,31.97150693327383
142.82559653184543,45.06015149597245,13.861043309281573,31.878980106287422
143.20516315055755,45.02782276672964,13.806646006322065,31.94363756477302
142.51192237657327,45.43476751287216,13.783705357839766,31.83445917071343
142.91471393459122,45.1045500273943,13.680852233249821,31.792164150223197
142.60772650496335,44.700948155316034,13.594521604046346,31.899062405920535
143.31806810904018,44.72223714274049,13.574486323159825,31.85648443107162
143.3820339744272,44.296378012738806,13.446554592385803,32.00884688474213
143.0932504536633,44.5699377141668,13.324831480673993,32.16101763512574
143.15884470152474,44.156862086011685,13.193642984951087,32.28784379256545
142.87725380117223,44.05686968708784,13.058003776440716,32.48782859041314
143.57802955389943,44.40655330096198,13.055017181798622,32.487743818070996
143.61291055166467,44.02484826146341,12.985255186268164,32.551925854460876
143.31526848248294,43.96012345151838,12.881632716053748,32.68137547435094
143.36761021697913,43.92400085141253,12.776949247061356,32.75362067456265
143.42374956483263,43.897500204387306,12.664670551354334,32.806621968613086
143.44219173697067,44.24809767462285,12.627786207078278,32.802257689100685
143.44319919817062,43.93478334794687,12.625771284678379,32.73277894665587
143.4570711760808,43.949687511186966,12.598027328858011,32.70297062017567
143.48088791219573,43.95335770434531,12.550393856628165,32.695630233858985
143.7852788238475,43.9846592265162,12.634805326261464,32.63302718951721
143.4088293298391,44.048187787796955,12.693895670841448,32.5059700669557
144.0953192344086,44.031608867971045,12.707005439648885,32.53912790660752
144.09818138654896,44.057937764634076,12.701281135368191,32.48647011328145
143.7316640516384,44.087233844693,12.741418548135236,32.42787795316361
143.37717294951256,44.11718690833014,12.757626379230127,32.367971825889335
143.7289967391251,44.062401925243094,12.746183352990151,32.47754179206341
143.35165057533706,44.11074762296315,12.807303851497176,32.3808503966233
143.699472152221,44.0551365336501,12.804937024295342,32.492072575249416
143.3859991341047,44.0031131007091,12.737053179924633,32.5961194411314
143.41973323941738,43.973278403848056,12.669584969299333,32.6557888348535
143.46453744223967,43.93874206194077,12.579976563654702,32.72486151866806
143.4968663525536,43.89304707013818,12.51531874302687,32.816251502273246
143.16471575168788,43.86073802067979,12.485328596943422,32.88086960119003
143.83721568191135,43.891064619545645,12.529684758086287,32.82021640345832
143.49673910947584,43.87942573846816,12.516032079887937,32.84349416561329
143.5068542796201,43.86451440150595,12.495801739599443,32.87331683953771
143.1344676429861,43.88556619696381,12.545817098209138,32.83121324862199
143.8075416341671,43.927898421090575,12.589774356625586,32.74654880036845
143.45140155367125,43.94304054053772,12.607426181526758,32.71626456147417
143.1030755823735,43.92329368956941,12.609567283615203,32.75575826341078
143.77380051929597,43.9506025823513,12.658347240481042,32.701140477847005
143.4314779610983,43.93933397652036,12.647786229973274,32.7236776895089
143.09304392072622,43.91693485667612,12.62931436861757,32.768475929197365
143.77596399231757,43.94052440641411,12.654775977805908,32.721296829721375
143.45382949791573,43.88409786013245,12.603613972540147,32.83414992228471
143.47489709762175,43.85275252252526,12.561478773128108,32.89684059749909
143.47381312897446,43.85158419640882,12.563646710422681,32.89917724973196
143.50088562279433,43.81096087084776,12.509501722782957,32.98042390085409
143.13751274240113,43.8341249582989,12.539710855326248,32.934095725951806
143.81038771206443,43.86875476292697,12.586792587552521,32.86483611669568
143.83765369161154,43.847943611878975,12.53226062845831,32.90645841879166
143.4764777770788,43.8687418224087,12.558725895155941,32.864861997732206
143.1427266569404,43.84334604604181,12.53046224771067,32.91565355046599
143.8230574948252,43.872844545889805,12.561772380363788,32.85665655077
143.83753197467465,43.87332831571661,12.532823420664913,32.85568901111638
143.85320235500387,43.86394807527388,12.50148266000647,32.874449492001844
143.8643685673803,43.877148476745326,12.47915023525362,32.848048689058956
143.49893065248037,43.94034895753714,12.515928659574215,32.721647727475336
143.80170662806145,43.96702918647207,12.603324627933613,32.66828726960547
143.43989417248218,44.02967227846867,12.6331994563747,32.54300108561228
143.7481089164276,44.043946321399105,12.709259755317117,32.51445299975139
143.3891959481167,44.086216923978846,12.733644550857843,32.429911794591916
143.71978277842132,44.06575306176187,12.765135530216643,32.470839519025866
143.3777984593381,44.094358654124854,12.755289836840308,32.4136283342999
143.73132894790106,44.026416600060756,12.741046647837155,32.5495124424281
143.403223638226,44.01693691601868,12.702745121012939,32.56847181051226
143.70978671718078,44.04653836308191,12.783718087046784,32.509268916385786
143.34842942316445,44.4269917725631,12.811735129556459,32.44305964294641
143.35383906111704,44.13412299056755,12.80091585365125,32.33454913114819
143.68385653637327,44.13019703654845,12.833378774292086,32.34240103918637
143.32752191784328,44.18370618637256,12.852858132121508,32.235382739538146
143.66819036146455,44.158571011768224,12.863522296694079,32.28565308874683
143.3286750986209,44.19870561870975,12.849639864525475,32.20538387486377
143.6637779237537,44.197111884878126,12.870947161398123,32.20857134252703
143.30564250312173,44.233367942404385,12.895279436760365,32.1360592274745
143.6619493540541,44.206601029902856,12.873996494737389,32.18959305247757
143.31078633257118,44.26406865968397,12.884602152793281,32.07465779291534
144.0025859237861,44.23864264522168,12.881520086101158,32.12550982183991
143.6262042958834,44.31337538332081,12.943349245490113,31.976044345641654
143.2787375895651,44.35104103763715,12.948395186165094,31.900713037008973
143.9556033916363,44.345812081954904,12.972452439288421,31.911170948373467
143.57410826284274,44.764854448321714,13.045970068703705,31.762558843811675
143.18164806514127,45.191964318197236,13.142248762963469,31.59698080520382
143.8583482524395,45.19541069765176,13.164781573108037,31.59008804629478
143.47955769885436,45.60861348368378,13.23409597831846,31.451949176190574
142.4260646396337,45.68080108741682,13.278569900285953,31.30757396872451
143.50924219754924,45.63056290348996,13.170842920838446,31.408050336578224
143.56445304329358,45.56192906596969,13.06042122934973,31.54531801161876
143.61206417679279,45.51913921940079,12.965198962351316,31.630897704756563
143.6565926408422,45.47932943563005,12.876142034252513,31.710517272298045
143.70024902947682,45.459175783388616,12.788829256983277,31.75082457678092
143.7673666381356,45.04309281591053,12.654594039665714,31.89908988175472
143.79240448942625,45.04472158329503,12.60451833708442,31.895832346985724
143.81622272585173,45.04749036649617,12.556881864233441,31.89029478058345
143.83181720336918,45.061329353302774,12.52569290919853,31.862616806970237
143.83856534786577,44.72862722569532,12.512196620205387,31.847208784761033
143.86055743392967,44.363814641398776,12.46821244807757,31.896483812519218
143.8805565393122,44.31657965444934,12.428214237312469,31.990953786418096
143.8980474767331,44.63252335485022,12.393232362470714,32.039975818134515
143.8927737017586,44.304244158707775,12.403779912419674,32.01554846383247
143.91491021268996,44.262888070226296,12.359506890556968,32.098260640795424
143.9319126410146,44.24552775957529,12.32550203390769,32.13298126209743
143.60398339966892,44.21219216143287,12.300255995567236,32.19965245838228
143.62568695113876,44.16898502501103,12.25684889262756,32.286066731225944
143.63335394045396,44.15861312505854,12.241514913997175,32.30681053113094
143.6541364310801,44.11392085509517,12.199949932744838,32.396195071057676
143.6602617661832,44.09677629787997,12.187699262538668,32.430484185488076
143.64833358264005,44.12290131267087,12.211555629624954,32.37823415590627
143.6433312086164,44.14492510892824,12.221560377672272,32.334186563391526
143.6260124588276,44.168396189279505,12.256197877249846,32.287244402689
143.62459735239116,44.175677553544574,12.259028090122728,32.27268167415887
143.61870340710814,44.17683719629426,12.270815980688754,32.27036238865949
143.60846076444375,44.18904035660304,12.291301266017541,32.245956068041934
143.60806016245778,44.17791625643005,12.29210246998954,32.26820426838791
143.60698176069167,44.17860126602197,12.294259273521723,32.26683424920406
143.60183509624238,44.17927053352712,12.30455260242033,32.26549571419377
143.6109507383095,44.16057604155076,12.286321318286074,32.302884698146485
143.6168035912068,44.159493141852145,12.274615612491488,32.30505049754372
143.6102160417924,44.154724807907954,12.287790711320248,32.3145871654321
143.6262979006068,44.12347771644632,12.25562699369149,32.37708134835538
143.63903613119723,44.08722248253238,12.230150532510581,32.44959181618324
143.6292925662663,44.07657495929965,12.24963766237252,32.47088686264871
143.62588959407418,44.048356980002815,12.256443606756683,32.52732282124238
143.61520326627996,44.031179268289776,12.277816262345167,32.561678244668464
143.88778366806716,44.13638784719197,12.41903973449669,32.35126108686406
143.90134622260175,44.09824499491384,12.391914625427487,32.42754679142033
143.4998957272643,44.22312171412895,12.508302515603773,32.1777933529901
143.50528390380234,44.18452475617221,12.49752616252769,32.2549872689036
143.50199580513188,44.15991483199158,12.504102359868552,32.30420711726485
144.1421114039851,44.23319420940034,12.597384985642952,32.15764836244733
143.76243458275002,44.327057487956864,12.670413832819644,31.969921805334273
143.78743540862143,44.26891276688767,12.620412181076794,32.086211247472676
144.1520493626121,44.21339969662531,12.576895973409348,32.19723738799739
143.75706276514597,44.31966035723521,12.680343006284266,31.984716066777597
143.79589914616486,44.25468658793001,12.602670244246497,32.11466360538798
144.1624006300513,44.1987339442538,12.555470075653538,32.22656889274041
143.76162269145956,44.309011476467454,12.670462478643994,32.0060138283131
144.1145327912399,44.26798858033912,12.650097068956878,32.08805962056976
144.10753630158837,44.235640278772706,12.664090048259942,32.15275622370259
143.71261860655025,44.31716562095875,12.766478944723906,31.989705539330508
143.68714890312233,44.37241039482545,12.817418351579743,31.8792159915971
144.06923130244658,44.286835139097924,12.739507869516725,32.05036650305216
144.02922210694928,44.351340127388816,12.819526260511315,31.92135652647038
143.99658954240087,44.409703712552876,12.88479138960815,31.804629356142254
143.61801885660387,44.465348053808825,12.955550934103318,31.69334067363036
143.99279299086194,44.3897232680332,12.892042519794838,31.844590245181607
143.60597140005584,44.45859297732585,12.978600497619272,31.706850826596305
143.59908312617551,44.48095223509337,12.992377045379913,31.662132311061274
143.6506815500544,44.38551543229396,12.889180197622096,31.853005916660102
143.288772180113,44.411387650992154,12.925843710857269,31.801261479263705
143.97936670415913,44.356112749566876,12.918781918942393,31.911811282114257
143.61384874660772,44.41096564432523,12.961290699259013,31.802105492597548
142.91306581217694,44.43182162873957,12.987444545901182,31.76039352376886
143.61736684280535,44.366907466994185,12.953984415828543,31.890221847259642
142.9087794400253,44.39567436116958,12.99347318339196,31.832688058908836
143.60896066713386,44.34799933510012,12.970546394061278,31.92803811104777
143.26258647347547,44.370098887799415,12.97361355820908,31.883839005649186
143.96466525025255,44.3272378371093,12.947656631526408,31.96956110702941
143.619710290147,44.34303876233642,12.947695621769995,31.937959256575176
143.29133437721256,44.3383121854383,12.91503005781256,31.947412410371406
143.98653312226588,44.32505430339749,12.902576628973682,31.973928174453025
144.00029642575683,44.352118931703494,12.875050021991779,31.919798917841025
143.67088917392695,44.3670760341156,12.8460009313786,31.889884713016805
143.3442775112791,44.39417458822824,12.812307669664532,31.835687604791524
143.4164613265665,44.3023423925282,12.667940039089732,32.0193519961916
143.4584878276648,44.25733378488856,12.583887036893067,32.10936921147089
143.50886213277244,44.15255117268964,12.483138426677844,32.318934435868734
144.16195978277676,43.800035251064024,12.550128186278462,32.337373749315304
143.4751642073449,44.51842185556576,12.547607156633752,32.276712720820235
144.13304177004923,44.546466510222615,12.606135166241081,32.220623411506544
143.76518628484482,44.61175664119115,12.654461873729382,32.09004314956946
143.76929847191658,44.66291954423585,12.64623749958581,31.987717343480064
144.1862702071566,44.232375542217085,12.497053845964214,32.16404553065915
144.2313602056318,44.18640832109854,12.406873849013857,32.25597997289624
144.2650863252865,44.18996482629039,12.339421609704447,32.24886696251253
144.28537054427298,44.18895482686328,12.298853171731507,32.25088696136676
144.31508872633336,44.18223831232324,12.239416807610748,32.264319990446836
144.682294290396,44.17755449256622,12.186445947782822,32.273687629960875
144.7175077821949,44.14166920344365,12.116018964184999,32.345458208206026
144.7338836950872,44.121225395123005,12.083267138400426,32.386345824847304
144.73800015509696,44.09602094335311,12.075034218380887,32.43675472838709
144.74863190974688,44.06963047907867,12.053770709081023,32.48953565693598
145.11906137230855,43.99627649612865,11.994234406687498,32.63624362283602
145.44757334891588,43.956855890723375,12.019555936342421,32.71508483364657
145.78215094584414,43.932173673627425,12.034328722857913,32.76444926783847
144.0115782860003,43.9898472804275,12.150977471275482,32.649102054238334
144.35872233103353,43.96742926960199,12.142042497401041,32.69393807588934
144.32751214102927,43.99403258734747,12.204462877409581,32.64073144039838
144.32286898735714,43.986922566781715,12.213749184753844,32.654951481529885
143.92734053029187,44.08878517864878,12.318239810145709,32.45122625779577
143.93018262504765,44.083326436906376,12.312555620634157,32.46214374128057
144.29549035255167,44.03977985008162,12.267524373230396,32.54923691493008
144.6459206578977,44.01564407368985,12.252685140725166,32.597508467713624
144.26539651460536,44.10690615049272,12.32728835054567,32.41498431410788
144.62120098134153,44.09793823636292,12.3008531941942,32.43292014236747
144.98460246078,44.0436206681524,12.259006155577843,32.54155527878853
145.00435369510575,44.00076414160282,12.219503686926327,32.62726833188768
145.34163412303903,44.015821302552126,12.231216831013338,32.59715400998906
145.69445188843693,43.989607703324374,12.211635339234817,32.64958120844457
144.25120481835708,44.11449580868973,12.352323533651132,32.39980499771386
144.26069715086206,44.09402989583728,12.333338868641189,32.44073682341875
144.2546362303045,44.47289488854558,12.345460709756315,32.36865778021618
144.56509012479694,44.19801655750528,12.409389685985682,32.233577677082536
144.93835325972066,44.171751048627826,12.346912101805248,32.28610869483743
145.2878354429065,44.182376326252374,12.33162874863746,32.26485813958834
145.30167979972396,44.20291180207182,12.303940035002515,32.223787187949455
145.63274402771387,44.588140068022184,12.3238296191656,32.135348696191635
143.91666975526795,44.33584704862919,12.350435952395694,31.95882629264526
143.9196705384841,44.36184084499149,12.344434385963408,31.906838699920662
143.55424102363708,44.45872770886666,12.397089051415296,31.713064972170315
144.22490151657308,44.480323926529,12.408506157370455,31.669872536845627
143.90290578295395,44.51884226772333,12.376543834376099,31.59283585445698
144.287541819779,44.202080557929904,12.281549505871203,31.552081528898604
162.13803654653458,45.005837133549,12.196280459924262,32.63254727634451
162.17957121270652,44.895744828224636,12.113211127580389,33.53866362347944
162.29084991540248,43.50666724091964,11.890653722188441,34.224698406742
161.3223484056503,43.587616525741296,11.718312244526933,34.76591466948734
159.57259621874513,42.90101433236707,11.679455356928568,35.431446803954024
159.22854482080626,41.33892153672384,11.651147510852006,35.68998982742352
156.69103029732986,41.28693690530388,11.68926055781738,35.79395909026343
155.9993664531683,40.77778291445097,11.629124187991797,36.09053504289491
155.65119830344548,40.575824507315815,11.600627306501522,36.49445185716522
155.32304269079754,39.62866536055555,11.526907669033143,36.928708425157296
152.77555380184683,38.89166880726317,11.478150157771154,37.66788220471871
151.86577564127947,39.49585223730011,11.808970067609613,37.9482517559411
151.36726913650782,38.4617725181599,12.051543489654012,38.507532019223774
149.63005684130655,39.63252855038151,12.45868124798162,38.46648507883673
147.04076018197486,40.68853153203693,12.994924560392041,37.901929117610194
144.51304080520947,40.91536171512243,13.397313195685449,37.4482687514392
144.40123844790116,40.22008625984576,13.620917910302058,37.28611475920806
144.43326622327268,38.81611907299279,13.556862359559014,37.75980842405453
143.1950179405031,39.051270881809984,13.682315063817057,38.07318609351387
142.60615006500416,39.95663722606979,14.069631489051359,37.84329205652139
139.95621310060278,41.09022225272805,14.604746194720201,37.16437507758283
139.7302109254412,41.542120994156036,15.05675054504331,36.260577594726854
139.1504621225487,41.90582004011123,15.42718781012496,35.533179502816466
136.33374656099306,42.15668607148045,15.564794551962695,35.03144744007802
136.30800367702886,42.321752839233966,15.616280319891082,34.701313904570995
134.38407914718394,42.489964149091634,15.582085214619974,34.36489128485566
134.09657264547974,42.48304381617461,15.386162799744291,34.37873195068971
134.24305199621892,42.510531682395104,15.093204098265888,34.32375621824872
131.38927042734048,41.99333491702242,14.706691283426704,34.59639025491957
128.84822104904936,41.03753456096143,14.476616074305138,34.99022697684047
128.18479454247813,40.46075471932321,14.282503231043092,35.383303731914665
128.27224405951605,39.14244084821478,14.107604196967282,35.73187089183021
127.95233378862781,39.44909910648554,13.982850901852421,35.883128212180026
125.63031848801951,39.46816573416653,14.039799779109007,35.84499495681805
125.05735250239682,39.47922477774159,14.420746567571406,35.82287686966792
124.14593665066764,38.90461695001817,14.700650047682874,36.20062841344131
123.55296550161984,38.833884081188494,15.104718126442272,36.34209415110067
122.6544429123348,38.307056902336,15.319594248786387,36.60466398069267
121.8013776019202,38.09143967499379,15.428377165771522,37.03589843537709
121.04581965045536,36.022323423729816,15.325867663788552,37.14006742562353
120.69540872013157,35.63428691190643,15.220195049077436,37.109645973911604
120.79719275443671,35.75830152392817,15.016626980467144,36.86161674986811
120.81061003926393,36.519444272265616,14.9897924108127,36.93332351895266
106.37660334063646,50.58687850587303,15.146009787250389,36.71270118308795
106.48816951959529,52.2026864004486,14.922877429332745,37.466845598921914
106.66422286501329,51.04858380308993,15.374793376580325,37.3629828793885
106.52256276107397,49.90867044210615,15.65811358445896,37.211097286841195
106.44033116473864,49.92664689043124,15.822576777129633,37.17514439019101
106.05387590711466,50.9167400339948,15.77969189438973,37.64234429702744
105.19022812044156,50.78271612415257,15.863443402583204,37.910392116711904
104.75153961221939,51.84144147565408,15.913703361142751,38.27429258736327
105.06928363071965,50.48839456519934,16.111464238181306,38.48063966615552
104.48558900901011,48.91103731093379,16.43912840320543,38.276453861106894
103.57111161312896,49.37591811541882,16.582936523236988,38.189265588002215
103.45401075824057,49.05075160069023,16.81713823301377,37.99574834962784
102.86647531022238,47.99902453264352,17.147035098268283,37.563680393375684
101.82369558456008,49.80620542142975,17.543192158719567,37.32812339754983
103.36919812661384,48.71250980243181,17.844983559398198,36.970917271956104
102.81040134227936,48.54253290861858,18.11432588462454,36.46261981613995
104.9523224553419,49.060272462006424,18.0580128483037,36.27264654732512
104.70517439372657,49.42790667483191,17.71055026666891,36.37913682653958
104.0302147236913,49.298038857784825,17.38587569777051,36.63887246063375
104.14885156262075,48.96167068652961,17.148602019911614,36.47617002923464
92.85211852221381,35.28398681119591,16.531705858780093,37.30540950339305
92.23878971138139,37.331272998818264,16.098020161197105,37.361695426267985
91.94165891184515,37.020503603945244,15.868931526407183,37.15988398215166
90.96591738094841,35.35174830242187,15.371232184351665,38.04821218134941
88.96512020705343,33.909977795758515,15.271021631509708,38.47067025429696
87.84499209077696,33.21304252818811,15.037350251531445,39.03989825192736
87.00876408591084,33.673165816459814,15.052552821688014,38.948278395171776
86.13294944659607,33.18021801257905,15.149009104468117,39.106587505008605
84.81391139744022,32.353934309153736,15.29233956987138,39.09599115658695
83.45171431945282,34.240272427525184,15.514751187960847,38.659291637024495
82.68596927351054,33.31078109432132,15.382848966538226,38.85488199012504
80.86357375185385,34.26838334065088,15.699030799424126,38.603982102679666
79.6031521050851,33.94882498338896,15.717330488039,38.40891761556263
78.42797489170577,31.90222773618173,15.572580831091376,39.17530666503539
78.12858838189105,31.116339723868446,15.331217154053856,40.74708268966196
77.4669713548649,30.56146108613423,14.937780655198427,41.85683996513039
76.99514425218929,30.25294085206963,15.014351567074524,42.47388043325959
76.5755005268955,30.07952359164986,14.97637555894189,42.82071495409913
76.15022753471975,29.46305955509203,14.94540753307183,43.172129016993225
75.27937939328727,28.269631410875817,14.915197896109891,43.78707938559877
75.29308934093196,28.783917929221637,14.887778000820543,43.65265496573012
74.03535019623553,29.177276784824976,14.728041539698658,42.865937254523445
72.23090132081853,30.223919975005128,14.826363693580166,41.650294773401264
70.06110206442331,31.23585471639566,14.855352843181674,40.488547163257984
68.46022711649363,31.72771680976443,14.672811525774689,39.504822976520444
68.58458556172005,32.13682831368794,14.424094635321826,38.68659996867341
67.59861627541288,32.38595220668232,13.958353806957074,38.18835218268467
66.58925537484433,32.24348477634031,13.585927180515496,37.67623756750914
65.96145332135785,31.740044660908946,13.275501222430591,37.117087733314
65.81775136164431,31.846070271091783,12.793478785764806,36.90503651294833
64.10500057236281,32.019097324920295,12.4306615785982,36.5589824052913
63.73741606423819,32.1029461772616,12.419691104408408,36.3912847006087
63.08795785545287,32.2387295311842,12.231495794631575,36.1197179927635
61.185983416653386,31.66588402221538,12.354111927215996,35.79287591269531
61.01597833701889,31.915678876958864,12.694122086484974,35.29328620320834
60.51994535136528,31.020502565778035,12.953285289373294,34.88493052031324
58.57664754456923,31.503184288985466,13.18113087914253,34.651317078662956
58.3892494753228,31.577956179924424,13.555927017635382,34.50177329678504
56.08922731104578,31.56390836926244,13.733528896299147,34.52986891810901
55.96478268992891,31.570515746753657,13.982418138532893,34.516654163126574
55.17002889464661,31.18474177199134,14.082142948700028,34.543310722452475
54.895977185277715,31.178320529056787,13.883198258456297,34.55615320832158
53.26273948712925,31.161885719300184,13.431210333271478,34.58902282783479
53.444637203353395,30.81613122059897,13.067414900823188,34.544437265612714
52.27971617993648,30.354385556942148,12.481521367132505,34.73899469779522
51.7125847624544,29.8252978100905,12.173478345706592,35.07601726330348
51.45309652637539,29.211084822259245,11.972085713136217,35.584074134237596
49.744080659708644,26.346503200450517,11.77049352833539,36.24576389246702
48.46937169670589,28.06960976632177,12.13103171015898,36.44768366769436
48.246719011489816,26.752286447601435,12.576337080591125,36.86505840984135
47.68622716055067,26.20483636980594,12.944176537180917,37.20681432014385
45.66732362108158,26.50351587337985,13.15850024318764,37.374151987582316
45.23607340040304,25.94624559670849,13.250031115818668,37.71772297219899
44.57712519245233,25.255613878366702,13.012881540815043,38.32146341343004
43.53916394785398,25.51776991415154,12.743405433097777,38.578950874165024
43.7110256632105,25.140806754028063,12.399682002384738,39.33287719441198
41.855032964948535,25.439310523084288,12.187109047643267,39.52078132655261
41.198707742974555,24.395568969806277,11.932457865940359,40.040962807457774
38.42324536698186,25.320045359243338,11.979381517694016,39.76458177150701
38.50615459843589,24.90126404607964,11.813563054785957,39.81889006646573
37.77833947338298,25.102775835265447,11.70729891965139,39.41586648809411
37.017062267987185,25.083635199756458,11.683273799974817,38.68085799387801
36.58702622362107,26.48856550103419,11.78087565019187,38.158408106868045
36.616766729825365,26.366251209426252,11.721394637783293,37.64614383834133
34.659715645374945,26.432334040333267,11.892736143512288,37.5139781765273
34.618339600135045,26.63081184248099,11.975488233992088,37.11702257223185
31.76665548398126,27.19263457224462,12.458709000219399,36.73911246500177
31.983228956208112,27.858895344029463,12.774772749690477,36.155801615356864
31.912272689415147,28.121159341447246,12.916685283276404,35.6312736205213
31.88005541233874,27.976272658879317,12.981119837429222,35.179299991929284
31.225334373707582,27.74822612756179,12.81764765798398,34.89893592621056
29.891315615752156,27.819287201850692,12.567661612356996,34.75681377763276
29.97699936629922,27.251107629897206,12.396294111262868,34.447243969844905
30.02549440410114,27.78598513429685,12.299304035659038,34.0929398095941
29.47553290398701,27.796653123484024,11.98193944341526,34.071603831219754
29.207749360766833,27.951210966649423,11.814913915856419,33.762488144888955
28.566389773298482,27.715497537871656,11.707313000184826,33.53875495714034
27.85393515203173,27.841274414588817,11.752179530403712,33.28720120370602
27.363970686663166,28.274445610948106,12.04485519030811,33.10811208182017
25.239452224909382,28.719780249140666,12.153920122756142,32.90743813727831
25.155333877299768,28.556118762111964,12.322156817975372,32.54566372734949
24.75279979608864,28.926194920164956,12.44027329535251,32.492463096288624
24.660190918738028,27.930023170877476,12.625491050053737,32.41987726220002
23.92987555765565,27.908693055800978,12.704947566912313,32.462537492353015
22.151464171078384,27.945814279708483,12.798672163345495,32.388295044538005
22.145781838333715,28.302972682367635,12.810036828834832,32.367207300046324
22.12162231100717,28.72563272277888,12.858355883487922,32.21501654997241
22.142453122351203,29.006874642918124,12.816694260799855,32.34433936258919
22.164801529597987,28.339732109408008,12.771997446306289,32.29278448358341
22.207292692401857,28.274876583707634,12.687015120698545,32.42249553498416
22.23571488224733,27.83321537620272,12.630170741007602,32.61409307048053
22.249869528140387,27.713820033250457,12.601861449221488,32.852883756385054
22.160030720294678,27.71036773593386,12.78153906491291,32.859788351018246
22.04902610114478,27.462646122608767,13.003548303212705,32.65554695403881
22.288803225976814,27.199580203461533,13.224714574830534,32.48095827105137
22.581626093593016,27.491538617244846,13.34121917696032,32.59919178084693
22.53017882014184,27.758163286889058,13.444113723862678,32.77186371236533
22.87312937243673,27.521272371576433,13.468445516914471,33.24564554299058
23.290601387662676,26.36252825929491,13.350979761529365,34.12817721742005
23.691387943304285,26.044367202487365,13.277459674703511,34.76449933103514
23.63034734390625,26.475296563577224,13.399540873499577,34.63849402185876
24.372210562047982,27.79756196597584,13.388287596431827,34.2026729558851
25.135310892043176,28.14775990491878,13.321663338830916,33.502277077999224
25.966451046723073,28.400915926796173,13.096482479998075,32.995965034244435
26.476836480195313,28.49869300219449,12.782976520437622,32.8004108834478
27.410562450293845,28.123494764233506,12.313242965192813,32.85194816689365
28.28200550563094,28.1147889700621,11.952701609917629,32.86935975523646
28.799236500895784,27.797313985457514,11.603163585657576,32.819385758176
28.968233776997096,27.723413711966728,11.265169033454953,32.96718630515757
29.494656551354616,27.638000280026723,10.886173396518227,33.13801316903758
30.011342224243016,27.86613498038834,10.522157887549978,33.3510996051229
31.507215520831288,27.389003070419214,10.19318377820079,33.6396703041043
31.604935256142525,27.976513898054804,9.997744307578312,33.79205248365592
31.6183197272382,28.207654903744036,9.970975365386964,33.99200122679056
31.513967598366172,28.4194458199606,10.179679623131022,34.23297282328245
31.76729657721227,28.78035993488079,10.344848529937181,34.18297145794043
34.09127300491974,28.65188352450367,10.416164472981752,34.43992427869467
34.09021197246956,28.241454921341642,10.418286537882114,34.58165171891808
35.468724307891534,28.16420320108077,10.385942941188139,34.736155159439825
35.40621477888004,27.840213532903803,10.510961999211112,34.701382471035615
37.23131704780283,28.223365155190546,10.283639776559113,34.61965568950084
38.72859787812759,28.38154408137052,10.005922278693568,34.30329783714089
38.81215571803027,28.402731528002814,9.838806598888205,34.2609229438763
39.91776718610144,28.339770315263024,9.62523517915475,34.38684536935588
40.97458399038963,28.322880963511963,9.502612777294802,34.420624072858004
42.591194188776065,28.277986052342936,9.578647975703023,34.51041389519606
42.4607732046321,28.21634843536877,9.839489943990957,34.63368912914439
42.62268939799751,28.516938207574825,10.186803119451715,34.703655146923865
43.06238916168786,28.81343047075655,10.664599492879193,34.78926857096451
44.62203587174051,28.312529817193848,10.988599974628805,35.10241109771893
44.89274033144866,28.668705272301683,11.146255255657934,35.089124387948694
47.22916180357894,29.223902002232624,11.385858893894095,35.382287094514446
47.20528928291142,29.102485779260576,11.433603935229131,35.62511954045854
47.56318201329669,28.867017323454697,11.432468041292937,36.0960564520703
48.40724759658525,28.691272772424888,11.186932439020941,36.44754555412992
49.270738072772865,28.34781589986497,10.903437650565843,37.134459299249755
50.10891904042364,26.685302514285993,10.679451216854384,37.55473506722751
52.31154435780817,26.936054493374904,10.64183437208246,37.781170074049214
51.801954318747036,26.57803596405992,10.930590648867978,37.76678333134244
51.66720428500774,28.22716357519034,11.200090716346567,37.41095003633825
51.85303218307461,30.716492271522494,11.564027867728468,36.845850328767746
54.2774031528044,29.83236896003049,11.85560334645784,36.411103772527916
54.11399813669175,29.645045134043322,12.182413378683146,36.05222061241665
54.335732438253146,30.50798735298774,12.473357221947047,35.79516106730118
56.82565885664093,30.638920146498027,12.645869319988101,35.53329548028061
57.187750081739836,30.720082644970898,12.657138101088272,35.370970483334865
58.79525075229214,30.828374185446208,12.375502324853914,35.154387402384245
60.42149660960448,30.985390403421466,12.023620992941789,34.84035496643373
61.66116931810768,32.034048967078306,11.687150870304489,34.885913133489154
62.12591231843525,31.96539207486714,11.466472750070427,35.02322691791149
63.96761026367602,31.90956752141105,11.316681673295822,35.13487602482367
63.920124171131555,31.90517457555125,11.41165385838475,35.143661916543266
64.514381702541,32.2789875544991,11.637986837977424,35.10345997985334
65.08277019733964,32.356605883779,11.92320579476264,34.948223321293554
64.90026629793157,32.868747380115536,12.288213593578796,34.63793844475398
66.53593076829766,33.33986073217338,12.597949227339946,34.41192465553695
66.74586440846105,33.76782600863292,12.896671196739607,34.27458335234432
68.3491513227618,34.14509982680332,12.578121038821038,34.242041633674255
69.29909248487603,34.358717665065285,12.109850510291501,34.530611854999776
71.99478449419985,34.202397324867874,11.69861571043095,34.843252535394605
72.8495424335987,33.962578047658766,11.405922500669842,35.32289108981281
72.99717426828843,32.85951008550014,11.110658831290376,36.10930862593918
73.44816596189648,33.19355940449397,10.924229365825825,36.87231783145457
75.45360407193189,35.677350071387146,11.250613391173871,36.241996743087114
77.03578952206801,38.15381777394555,11.686306330680925,35.60913794570546
77.6389386152735,37.92015648092868,11.918121654400906,35.35740377667373
77.53275955861943,37.214918472537484,12.130479767709026,35.32843929590598
77.71116058100239,38.09420925458474,12.496855772625183,35.0162138311756
77.95151757347892,36.17913041803742,12.74152464517167,35.21945721677259
78.06667216774679,41.158699727565185,13.243922064698026,34.052797894462444
81.60673632718643,37.776207151200865,13.41437013312348,34.29226429861685
80.67767231448994,40.268439070442895,13.809419831322359,33.69703544171497
83.38160268697251,35.388834291873124,13.511772548763203,34.695879063301426
83.43405336547745,36.098746492803,13.406871191753304,35.4932575484668
85.3438882241999,34.92023959250816,13.33022992050712,36.35305997057699
86.94165276275957,35.3567463829532,13.172758754461828,36.99907534522394
86.92260345661543,35.194665858120345,13.210857366750098,37.32323639488964
88.15243072831156,36.682115661172304,13.064783496565173,37.43311101972885
88.92599452814437,36.299583445108176,13.057872489088128,37.428067155762804
89.5592664022344,36.36031007971958,13.331150735419023,37.306613886539985
91.26652491814042,36.392671667680204,13.782311163013688,37.24189071061875
91.44669550617658,36.915638406451706,14.202328685807377,36.976315931941784
92.84556041460216,36.60098440495506,14.541027050219762,36.82151688961919
94.35101478788467,35.60163207053209,14.681905877062764,37.24432777176111
94.8889466454759,35.2746434552195,15.199099662029678,37.10177625231161
96.44972386017922,34.32471229862047,15.292316291073162,38.197945800897145
97.21083768810374,34.51269632281338,15.41230187246913,39.46419098975635
105.88204673512695,48.333863327813745,15.73967093647083,38.747246934876586
103.97336820589737,47.88948089994293,16.209173593078184,37.96208458969231
102.59925232222507,49.945623435712136,16.455474103381896,38.01968494655541
103.69664143493542,48.47297856468209,16.77815935189755,37.60835672336704
103.61647392568565,50.05838968008264,16.938494370397077,37.793069589181584
102.43030251469165,39.84919033469474,17.622094313347244,37.10218229198438
103.27422883996938,49.29743565393282,17.626817636857844,37.67031535526814
103.75920856341605,50.16691289558504,17.511487276272007,38.495248130886125
105.0361496649258,49.080894977248256,17.551361961523313,38.938112708712495
104.65823303077457,48.6136712283963,17.435493534310712,39.87256020641641
107.10763518019104,38.53230866710348,17.83581215246763,38.83879366104268
106.04435998707245,48.50081887784076,17.336638604310654,39.907564714721474
107.36071126762538,49.15689223404503,17.349792047415423,40.35932200512002
107.28331874302629,49.05230282184441,17.504577096613627,40.56850082952127
106.76303236651873,48.98282427111442,17.650692187438104,40.70745793098125
106.15390061070539,48.25461318199126,17.96991535239847,40.36579941589496
105.79974001283834,48.47573913559359,17.77852033278527,40.8232637240376
104.03432457965653,47.42725980463851,17.69748952993899,41.11429155134282
116.48291970185733,34.36132906459264,17.255282659240258,40.979689407827784
117.0314212921484,34.60952979488785,17.054264754077927,40.483287947237365
117.96957130878312,34.92016418811562,16.948511679171737,39.86201916078182
120.65286923590665,36.50307918676725,16.828590969581626,39.31952673580705
120.30965875321354,36.26098966929834,16.65051059071118,38.93920442648819
120.41907539626641,36.35897820508561,16.431677304605447,38.74322735491364
120.98342610021342,37.13081978072198,16.152151735710618,38.89789588163937
120.97742490626091,37.07030480769909,16.164154123615656,39.01892582768516
120.95210753107827,37.11361655744416,16.214788873980922,38.932302328195014
120.91402116191317,37.1867756521704,16.29096161231112,38.78598413874254
120.88356136600933,37.296350153898764,16.35188120411881,38.5668351352858
121.25535853301629,37.5598918800962,16.453508406207543,38.039751682890916
122.9306931293844,37.24651740095637,16.46047773594033,37.82709101055333
122.84349117074942,37.65890422687011,16.634881653210297,37.83877806650705
122.80281248112642,37.2305726208626,16.716239032456294,37.85574173044514
123.17501668358975,37.794631203829056,16.81320610325144,37.569000040234016
123.0783166228412,38.509663508767076,17.006606224748527,36.97786452694817
