219.5,87.5,32.0,15.0
218.6551392955574,87.09492897891181,31.96327394431543,14.810142042176368
217.51866060952156,87.13403570755274,32.068426014502684,14.731928584894506
215.67871252634723,87.11092371709731,32.134515804895976,14.778152565805375
214.9062639213445,87.06087078913416,32.23035681152969,14.87825842173169
212.68842607379088,87.01515473326779,32.300023976115966,14.969690533464426
210.41842618128348,87.05136632717073,32.45836688297802,14.897267345658552
208.95881755542138,87.05804497380922,32.45234972424699,14.883910052381562
208.25759039548,87.11271651141072,32.39282850302129,14.77456697717855
206.00648166995165,87.17666558588337,32.52577451604723,14.646668828233269
204.75185490697706,87.1999349113015,32.85133273322208,14.600130177397006
202.78470212566629,87.55670541681947,33.126662583892184,14.618384308751372
200.8768507673701,89.04005876065169,33.261870448134516,14.596073502966993
200.12767139183518,89.08533527732514,33.28490592299201,14.50552046962008
198.31507746774247,89.07716245153644,33.22809088198765,14.521866121197485
197.11622349238635,89.0590094612988,33.418196710574705,14.558172101672763
194.86804169582186,89.03825376342489,33.47903761810587,14.599683497420589
192.704407979349,89.02375170628925,33.36112136750626,14.628687611691882
191.22584430776396,89.00131691663915,33.35956758139034,14.67355719099205
190.88107876454112,88.94234701236492,33.30866148936432,14.791496999540527
188.16370962080774,90.10443539814403,33.55098281574431,14.692641782733768
187.13950985650672,90.04547651904224,33.36876175220056,14.810559540937348
184.90412993992055,90.02438193996664,33.38165176282487,14.852748699088549
183.07660951258777,90.35577543470987,33.31716359290337,14.933867514519498
181.2134292747495,90.38706635217767,33.321543976695224,14.871285679583902
179.9125511968811,90.40917377090112,33.69321626807535,14.827070842137
176.9392474033239,90.41826715094683,34.40409315120877,14.808884082045568
176.2683596250521,90.35466102307451,34.98795698475935,14.936096337790207
174.08531099260918,91.00167349415756,35.5111375390466,15.179238079863552
172.7738780051641,90.85011391112926,35.792726198425854,15.482357245920168
170.29872406884505,90.73221584119779,36.004001216004184,15.718153385783083
167.916033814411,91.0112262480129,35.98711021733789,15.957177823408575
166.762826001129,91.69191478791382,35.890511058436566,16.197810600583598
164.45366331739223,91.6465994257885,35.685863882766135,16.28844132483426
162.493791896264,91.63392446380091,35.593358062094694,16.31379124880943
161.2390636303865,92.08401411678669,35.698159754764575,16.215163555866233
158.8682866832836,92.12056974489337,35.63164136229946,16.142052299652878
158.30920853268324,92.08562042706927,35.95069670615531,16.211950935301076
156.2267724241357,92.37397346556259,36.09082648378279,16.440193346207955
154.94435468190406,92.31802020491361,36.222731368563245,16.55209986750593
152.09880596446516,92.6752016341438,36.20989550229603,16.652584623494803
150.5711314657236,92.75727461118626,35.99957016157491,16.488438669409888
147.7098017583997,93.19172091816343,36.04874595301022,16.430043715914497
146.42682634483015,93.59047526140151,36.18412934163967,16.442724175608216
145.22509387620795,93.5649365062358,36.150473113554,16.49380168593965
142.51554849962312,93.92411882249729,35.88010507956138,16.588216880154143
141.90630211944588,94.32347987362519,36.28808965049534,16.60000296731885
138.8847904500435,94.2629322775995,36.61467909082408,16.72109815937024
137.1618798270394,94.23533727447214,36.76654873716843,16.776288165624937
134.3821244707568,94.21921817318201,36.53946960642166,16.808526368205214
132.51359842833915,94.61882576755885,36.98081815091214,16.83323706453775
130.1487882641796,94.70705259977909,37.5566439900702,16.656783400097265
128.5014774349297,95.6086472964645,38.34325379273663,16.525601910615336
127.0337304481838,95.98810039114474,38.74355793691281,16.61175899769338
125.16065907409283,96.38375334200376,39.080253746213224,16.672814830695735
122.3503461104822,96.34759874636984,39.551091213708375,16.74512402196356
119.99566172065515,96.76110559020009,39.062259936728054,16.784477010408814
118.17231408108445,96.7542694405173,38.40890614381826,16.798149309774374
116.14786565559594,96.71903143007417,38.20373258656402,16.868625330660638
114.04090623888641,96.72709776653082,39.021301872749646,16.852492657747355
111.88833009739321,96.67169701543502,39.88398094940413,16.96329415993896
110.60171191001785,97.00067347504744,40.7071696276252,17.180365088978938
108.1727746537577,97.33947816657549,41.11138599601485,17.393487334748965
105.72023861960315,97.68700407723782,41.51481506152457,17.598764113984178
103.04345736160491,98.07220116190207,41.40972597168404,17.738145212295173
101.27489076037617,98.48961313594768,41.303972275280074,17.81404298891932
98.43678990041347,98.56960908057849,41.51696712128436,17.654051099657682
95.37960789723047,98.64531914494825,42.166629877301936,17.50263097091819
94.47640733457865,99.16711566044881,43.05556590078828,17.37650304173435
90.82042703976029,99.60774809028572,43.87145290369636,17.42324869445034
89.82830366183424,99.47964113951838,43.974577572152924,17.679462595985015
86.4878132339681,99.81026289759876,44.0292953219577,17.96482809495678
83.80984559978484,99.70115776670607,43.67039423476359,18.18303835674213
82.46164803246428,100.12599939298056,43.51324695759624,18.28453590812932
80.0786167841645,100.5936311438344,43.52573581339156,18.2999871345825
76.42577484714508,100.5511629034258,44.17324228805577,18.384923615399693
74.07734515082672,101.0195306362586,45.022099223980106,18.410188763912217
72.78866264933805,100.95717505415202,45.650133171684566,18.534899928125363
69.54018434014338,100.91110546709925,46.231610621935936,18.627039102230885
66.91963828092203,101.26849032324593,46.49315401425664,18.90817913516194
64.81125690507173,101.72780550197912,46.69123168788782,18.99422004721291
62.39012187438767,102.26527847131345,46.48825640434059,18.928323177527318
59.85808150665769,102.36553477938433,46.52754202208969,18.72781056138555
56.67963473455001,102.49800738750784,46.87270018022801,18.46286534513854
53.92128486585719,103.11820371177396,47.37846972667331,18.22465873479437
52.60838089023451,103.13818758704436,47.993928997978415,18.184690984253574
49.26752863406269,103.51736490060979,48.596024385509835,18.43960454459139
47.09957264154612,103.347545190948,48.82609336063447,18.779243963914986
45.517416035758394,103.67646147577787,48.88286733270131,19.157257807424774
42.431574097695446,104.07722565689694,48.79399999867576,19.399154646878532
38.84285307420829,104.01505568137259,48.64615645682934,19.523494597927257
36.62304699816714,104.60530739647929,48.89951686361445,19.389554104038147
33.28170119438468,104.67414382051305,49.295332738879395,19.251881255970616
32.42609505654015,105.21845652525414,49.95551376925331,19.21428709180361
28.9394248463647,105.68189773917763,50.56994165535515,19.34722341966481
26.61989800366887,106.10095101587744,50.92499289541971,19.58011747759696
23.378692823840083,106.50558264009065,50.925843184607714,19.851114240915475
20.7563011922284,106.41813802280245,50.745006465940705,20.02600347549187
17.6261313858283,106.35485787733666,50.491409926119445,20.152563766423466
15.77610438838186,106.91354981220475,50.93864118116234,20.11945414330396
12.170042073108426,107.51840315358379,51.610148593249065,19.999850330289245
