89.5,83.5,22.0,15.0
88.7498105410525,83.0901676412977,22.500378917895006,14.819664717404596
88.8419526339303,83.15362635325127,22.89951025555412,14.69274729349745
89.82942199764412,83.17901911751562,23.27367369224025,14.641961764968743
89.91631090520957,83.24703988514246,23.691909639334355,14.505920229715077
90.09959983289508,83.27836051242721,23.921296087012927,14.443278975145569
89.9839009492158,83.27217376393826,24.152693854371496,14.455652472123495
90.5190928356337,83.25994876942967,24.286242628853476,14.480102461140651
90.51238765416431,83.21038262395726,24.299652991792236,14.57923475208547
91.145674230287,83.14144209827175,24.245537569040792,14.717115803456482
92.7120316529259,83.05744464103051,24.151544423822465,14.885110717938975
93.1849255555622,83.34353522518003,23.814923453946392,14.92209638503647
93.31251467224479,83.27560804385479,23.55974522058122,15.057950747686961
94.07338222393136,83.20144583864699,23.24447665609384,15.206275158102569
94.46761785018181,83.46887094271685,23.056994362017825,15.272413908387735
96.54003977573682,83.40262911870063,23.10710282166955,15.40489755642018
96.47762887235693,83.6978529733143,23.231924628429308,15.416679036899302
96.61008016627449,84.32066987462757,23.57131900360857,15.379639160301526
96.85809509419742,84.28671180345941,23.684055698535396,15.44755530263786
97.34762811732497,84.26069094568199,23.928158221385196,15.499597018192711
97.90190249721165,84.26186568018193,24.051816497616272,15.497247549192824
97.77555086140764,84.28765641586966,24.30451976922431,15.445666077817338
98.2218056797135,84.35578257348668,24.65366765367791,15.309413762583327
99.01985044534541,84.47101570079438,24.928848242705314,15.078947507967902
99.22327811307872,84.58774054988629,25.14597524417048,14.845497809784101
99.49751508816445,84.5849081028425,25.220773701310303,14.851162703871672
99.7389437659451,84.60920815952603,25.36239306500419,14.80256259050461
101.19180357106536,84.67364560012487,25.58544283240445,14.67368770930693
101.28730922283717,84.65257738305228,26.021304920047978,14.71582414345213
102.16107413956792,85.01732041026594,26.175858235006743,14.620365805164887
102.66738234492436,85.39442238038676,26.432614782086922,14.500848343819758
103.89130219664276,85.38725766105655,26.530515285879556,14.515177782480185
105.25009322430891,85.37563809078951,26.365416288201466,14.53841692301426
106.83472705009241,85.6793072828132,26.376576852294466,14.567164182098871
107.14742997376112,85.95672419625114,26.38791077876137,14.649070129027322
109.11805692087512,86.20223931768112,26.276465312734345,14.79634129086752
110.10626485735905,86.11620409471807,26.217534681727123,14.968411736793618
110.1007329923884,86.0251746244645,26.228598411668425,15.150470677300765
110.34823880465363,85.94277051916997,26.378045816030074,15.315278887889834
110.50695180946886,85.88914288876249,26.710078771676546,15.422534148704772
112.01137430248619,86.17853055853206,26.982168419595137,15.499945735956276
112.73428664032538,86.01452772940063,26.859387582836547,15.827951394219163
114.13310918348664,85.83723465249814,26.722743603451864,16.182537548024133
114.81531239673227,85.76507955239754,26.69672829826673,16.326847748225347
114.80505937086365,86.05738920952564,26.717234350003963,16.413461888901434
115.93944209946024,85.96632565612515,26.467445942094884,16.59558899570241
117.09814668037068,85.84677096939382,26.167006252331106,16.834698369165054
117.88846669943133,85.75074911107413,25.930028431229264,17.026742085804447
119.54193093595822,85.68170302402136,25.980509778275234,17.164834259909973
120.572279053785,85.57039080444481,25.943412756639532,17.38745869906308
121.98838540289286,85.42595614542861,25.82188275873055,17.676328017095486
122.21258523259542,85.76205951090535,26.05410894259087,17.68474712940746
123.7612483959661,85.71167252108353,26.37806853442318,17.78552110905111
123.88902657904268,85.7433788184136,26.813305416045246,17.722108514390946
124.0203258115657,85.73939068472924,27.24697922329592,17.730084781759665
124.78636952268377,85.76885595326614,27.82359310665475,17.671154244685876
125.64011537586818,85.68916492641586,28.247712444317326,17.830536298386455
127.62897056281527,85.96747437105769,28.587183131677392,17.99344758597849
128.2023526307567,85.83286971094756,28.895055725741244,18.262656906198753
129.82193287761973,86.12630813455155,29.337956566927858,18.412192325973308
131.30524077093952,86.13929577318439,30.09893879915732,18.386217048707636
131.07778802439418,86.21634811577204,31.3102613659947,18.232112363532337
132.5432397979115,86.22214340697022,32.238331986994794,18.220521781135957
132.3594677363807,86.29150352387373,33.39119571562594,18.08180154732895
132.67998498404503,86.32435759150763,34.350052028113005,18.016093412061142
134.94134647947928,86.3009303670553,34.70474652442488,18.062947860965814
134.69023163273658,86.22617709049368,35.20697621791029,18.212454414089038
135.13764946897865,86.19294423072536,35.14097621403579,18.278920133625682
137.31965201481063,86.13357655137547,34.92202515200027,18.39765549232547
137.99051971294338,86.09429504196501,34.40812769797308,18.476218511146396
138.89452357967568,86.47497247141092,34.24339420769064,18.53650077384562
139.54857568108505,86.45461231570354,34.57578111221152,18.577221085260398
140.2443726742666,86.41774283926458,34.83584364105826,18.650960038138336
141.9279490848171,87.26375020960646,34.79233509595339,18.62076743545262
142.71702077672856,87.26438885138467,34.87370226347274,18.619490151896194
143.91369078099117,87.2127950415388,34.97314851288844,18.722677771587932
146.3923757718105,87.07083324109875,35.02071085085384,19.006601372468026
148.3240364560898,86.97528606677953,35.35592618271943,19.197695721106463
148.796288631152,86.85286095110902,35.259323265628055,19.442545952447475
150.95213711556636,86.75929189664424,35.20090305383482,19.629684061377063
152.0752741686772,86.68349232901788,35.51356903881338,19.78128319662976
153.05213008474158,86.60709713036884,36.140365208742786,19.93407359392785
155.33317009861625,86.53161426812812,35.9383268017062,20.08503931840928
157.3472429103422,86.44154363824936,35.39657993946138,20.26518057816683
159.67905503158875,87.70124318218768,35.066248582956206,20.34575722188294
163.16186709200335,88.12299683145395,35.00571947536135,20.3653868000047
164.06460724234404,88.02598088123477,34.92538495674895,20.55941870044306
166.268607960604,87.96702410184189,34.84068875311201,20.677332259228827
168.30713140013336,87.91198302434124,35.090615078151224,20.787414414230124
169.21118872815077,87.91931054245428,35.895373013278466,20.772759378004018
174.14145077352126,87.79973019273234,35.74378639392705,21.011920077447897
174.68037405200897,87.65830404627552,35.550368310195445,21.29477237036155
175.54286964823282,87.54689141197738,35.59803529953193,21.517597638957813
175.87295672074956,87.50072798644709,35.828647983456726,21.609924490018425
174.8569729383079,87.60309933899308,36.96484971165752,21.405181784926434
174.82397202910906,87.65276240257577,37.94000819940668,21.305855657761043
176.56289245708675,87.61944280250823,39.0715763329197,21.37249485789614
177.48456033241638,87.49489668884438,40.04732069672863,21.62158708522383
179.35997171245768,87.48593342456513,41.088003292672575,21.63951361378234
190.79478209125642,88.76517102119071,39.64402526308174,22.002716974350243
194.46134893952728,89.02434774546914,38.064074654400294,22.44322737377011
195.41611100579283,88.82181124240651,37.097527734895,22.848300379895353
197.55372887546622,89.23818189414571,36.56403623747089,22.95099513689762
199.39093977000357,89.20332919222969,36.60644681331732,23.02070054072969
199.8055058289129,89.21241479718533,36.70832124426916,23.002529330818383
201.5775571756796,89.18934635026395,36.893105652724984,23.048666224661147
202.01184565971192,88.56872144693659,36.96027735196537,23.35416736401087
208.49425985129488,88.45935165598559,36.2396356175652,23.57290694591288
198.85338514833836,87.91138366061013,36.82658676291807,23.73410302363579
199.36225019542647,87.86434630910381,37.70126640340892,23.828177726648427
199.53000650882228,87.7320634637489,38.32659388542922,24.092743417358246
199.47844877672316,87.63346650002225,39.40430181595848,24.289937344811527
200.58503505885918,87.60446659033335,40.17298903380316,24.347937164189332
221.85203771896008,91.33659694611055,39.906121205466754,23.92819936794584
224.06075272771668,90.78399640546571,39.47002976554528,24.038065804837565
228.25047279866402,90.8096582846941,39.016215603760614,23.98674204638081
230.79172554557837,90.75961536541804,38.84916482187749,24.08682788493292
234.40890099801499,90.81105514581974,38.49078844173638,23.983948324129518
237.39165569564454,91.28945074266136,38.37659613689608,24.002376645516087
240.47977142153704,91.87426615999168,38.043321093527254,23.80657187892481
243.5136913527348,91.91427075482648,37.76896477931092,23.72656268925521
245.84515160815786,93.11884648987282,37.90679942335562,23.237713281118868
223.6564760657352,89.03994544655879,37.44553338053154,23.76341032473936
224.0437079632519,88.88759341862131,37.62701057689662,24.068114380614325
226.48510643107917,88.73583977351524,37.562903872990944,24.371621670826475
229.58275286593428,88.58922610654012,38.142480848361636,24.6648490047767
230.87988535117717,88.52502554969064,38.4923933175601,24.793250118475655
233.7651981090642,88.92584549603164,38.65435588263525,24.980374905935214
237.17926289168483,88.83308910957504,38.786361103250734,25.1658876788484
240.92533055649886,88.73469638842904,39.28918243231388,25.362673121140407
244.87113332639234,88.62904340433636,39.478926841272035,25.573979089325764
