3.5,169.5,188.0,84.0
12.812071571788934,168.4495171272575,185.15877983065565,85.10096574548498
25.31524730661704,168.00126677220456,181.02162578693944,85.9974664555909
40.341137295976495,167.81504892876922,175.74609872930768,86.36990214246154
49.36700873639538,167.71646715320705,169.87135302104548,86.56706569358589
62.05010111349061,167.91331112602296,164.38810765029027,86.17337774795409
74.70495447623712,168.07695996052746,158.5259125745621,85.8460800789451
85.0586772762947,166.73505408907135,153.00968776264006,84.73208662480901
91.59671566064962,167.46574555645296,147.32880576900934,83.2707036900458
105.11016562741355,168.32057301167745,141.83563388028324,81.56104877959683
109.33259511091826,167.67092914233095,136.86957162968778,79.38153980187589
123.45377801331578,168.79048038530522,132.2062807952203,77.14243731592731
130.58361652310174,168.41511217863302,127.73123633852256,74.63162954164699
137.5139462563704,169.5805982925623,123.32909924913403,72.30065731378842
147.27772161412227,170.66420392070617,119.04282325711398,70.13344605750069
152.23574203420645,171.51150093903476,115.02307940271547,68.43885202084354
158.43524554064737,171.00465823995478,111.20395105084813,66.592577865332
168.7533173793098,171.885536898242,107.2008802845892,64.83082054875752
171.83423615289627,171.43597902572606,103.72212278807001,63.04685624313566
180.07110611284978,172.2429687963115,100.25532662960472,61.4328767019648
184.2582104760158,172.99297494567517,96.92656814416637,59.93286440323744
191.79814477784248,173.76652352418498,94.08678723167122,58.385767246217824
194.26396641684167,173.31230398321702,91.53493886166252,56.9144114201641
201.28944323305427,173.85366773594967,89.06963114420523,55.83168391469877
204.7702659929261,174.46506256762,86.63250215017891,54.60889425135812
210.39296968785868,175.1184194648328,84.20892497239649,53.302180456932504
213.72324910004596,175.69366447317992,81.84327164510256,52.15169044023824
217.99359082631617,175.14908993755628,79.58134533954743,51.14792046249044
224.00303622404635,175.79043793996178,77.77433773269465,49.865224457679474
226.8565981549322,176.18120030972003,76.055170932066,49.08369971816295
230.66222767707208,175.7012722327161,74.30966064945225,48.088306284948764
233.48083390989171,176.08703064323026,72.49756785955583,47.31678946392045
236.96452932084614,175.58774370168396,71.14797424450448,46.442764278060494
240.33292933851112,175.8676838939998,69.92473207131499,45.882883893428826
245.37235113176877,176.2700439161249,68.897003426501,45.078163849178594
246.84966124765003,176.54678219139237,67.72383258427975,44.52468729864367
250.0329976630804,176.9005030920102,66.62118478850579,43.81724549740799
251.44852787176845,177.1469459747468,65.51652125347374,43.324359731934805
254.53333178305155,176.6003965909469,64.45187261280947,42.71580543890067
256.9516530850839,176.92033509720977,62.966402727891904,42.075928426374894
260.1152933262073,177.2123522455287,61.5671811037611,41.49189412973703
262.4356794116105,177.60095207079678,60.15040854063865,40.714694479200915
263.88462837785755,177.1323741966694,58.83035632103201,40.07400451456815
268.3390726691305,177.45113882644264,57.65847787507829,39.43647525502167
268.85380709925226,176.99065673983122,56.62900901483461,38.838203431718014
270.85044486474624,177.2302063456522,55.62345356579483,38.35910422007607
275.0950215698809,177.53808204205856,54.48835736545156,37.74335282726331
276.3506932424746,177.73822401807175,53.42056803208291,37.34306887523697
278.24387301528844,177.94868840999078,52.47593142596276,36.92214009139888
280.07833732547743,178.2161870738455,51.60636306696583,36.38714276368942
284.0651957953061,177.8831709305486,50.52140215928399,35.67542384388817
284.3331427940009,178.07509203615555,49.98550816189451,35.29158163267424
284.77670349916974,177.9405622769371,49.09838675155677,35.56064115111115
285.4235237741572,178.08306791303255,49.13101596632659,35.275629878920256
285.9198904141992,178.39233535613948,49.46036904212981,34.65709499270642
286.36957534781675,178.5559485896914,49.87788576832272,34.32986852560254
286.18379045433363,178.76051172414407,50.249455555288975,33.92074225669722
285.1440554245175,179.06125830658152,51.012324692586844,33.3192490918223
285.49706731540994,179.35212836344388,51.62435886852411,32.73750897809757
295.6227223611873,178.87530815393046,49.81818382110775,32.37363975111455
297.3315554896825,178.4033030126264,47.684964593647294,32.0332030041927
298.89319932561483,178.5679338823017,45.80849416659584,31.7039412648421
300.21560820578253,178.78542128262427,44.37683042209233,31.268966464196957
304.4548928634845,178.94316261754773,43.00466893152522,30.953483794350053
305.03415251388776,179.1483040121476,41.846149630718685,30.5432010051503
306.0920933434384,179.3624847932981,40.864491339357315,30.11483944284933
307.62306862214274,179.59580851638427,40.02720751586375,29.648191996676992
309.2017788460014,179.72500852333752,39.0537911823849,29.38979198277049
310.68494505662903,179.89190820627107,38.23346110428075,29.05599261690339
312.07764036779054,180.02444322881348,37.55824106015644,28.79092257181857
313.07103750969344,180.04994362735167,36.611938155409966,28.739921774742175
316.0331494288702,180.10868307597715,35.81387821495276,28.622442877491203
316.30598590337956,180.27381497446382,35.268205265934085,28.29217908051787
317.7041632704905,180.29886859825558,34.466725903835496,28.242071832934386
319.74470001996633,179.69926711364639,33.338689074496514,28.456929245615214
320.7251171418452,179.5933979440827,32.3483068795035,28.668667584742526
323.11776741778664,179.4989204984548,31.39715693688592,28.85762247599836
323.36808988497285,179.13878096517422,30.89651200251351,28.631116307083303
325.0941919215855,179.1547210096424,30.250501973200368,28.599236218146956
325.858894351827,179.20243132335062,29.645919714453314,28.503815590730472
326.999464542342,179.37877366709031,29.19251559091594,28.151130903251122
328.079432680281,179.49693883484352,28.8349916116304,27.914800567744685
328.97526997543025,179.3403936171642,28.827078398596196,27.336010314471118
330.04035746355385,179.43829667577845,28.46212559945841,27.140204197242646
331.0925375200287,179.44730636356485,28.105393474251343,27.12218482166986
331.5555259714607,179.6767703094774,28.047368236279553,26.663256929844763
331.97288262610186,179.55583239329724,28.072447335335788,26.045340353866557
332.55521891228096,179.657823983384,27.758169109559,25.841357173693037
335.27056100939063,179.32399705016806,27.381066723738297,25.66674740539181
335.428542876025,179.41769946912032,27.06510299046957,25.479342567487244
335.46085272005644,179.5960260954807,27.000483302406682,25.122689314766504
337.1955794092577,179.74981130744277,26.807278896546173,24.815118890842385
337.3507677803227,179.84944187122196,26.496902154416098,24.615857763284023
338.41137225572527,179.84614908541295,25.982051095871142,24.622443334902005
339.37532328688604,179.905408652417,25.644659583310908,24.503924200893874
339.4991392239132,179.60632529659543,25.397027709256662,24.313980102194485
340.4914096547178,179.6470843197136,24.974963391546822,24.23246205595811
341.4443155520065,179.67590816085882,24.615847889879035,24.1748143736677
342.7153872419056,179.7688164864029,24.374141436463287,23.988997722579537
342.90666461447955,179.7881520762158,23.99158669131539,23.95032654295376
343.8899566569036,179.74581875612293,23.531964022536584,24.034993183139466
344.0882984067492,179.76271896873212,23.13528052284548,24.001192757921118
346.37262454542315,179.9240857740462,23.011372301058096,23.678459147292934
346.5305891689259,179.97073146739572,22.69544305405255,23.585167760593897
346.88977480198355,179.84639682696204,22.7044089089938,23.106499920404854
347.2257563261615,180.09918902534233,22.75242767121925,22.600915523644307
347.713394500275,180.22758962960856,22.48994774995235,22.34411431511185
350.01792272150783,180.27602567553276,22.108702443927534,22.247242223263388
350.1049144429433,180.40425124788607,21.934719001056557,21.99079107855682
350.0516531264887,180.64629434116603,22.041241633965793,21.50670489199686
350.4408663910304,180.7287995834942,21.947225007617398,21.341694407340512
351.18669550799814,180.7870457059631,21.816237030751537,21.22520216240276
351.12631486148547,180.9979308711577,21.93699832377687,20.80343183201355
351.4195278319404,181.15555707983816,22.022244564375832,20.488179414652592
352.35294702318953,181.29810331847608,22.159428327974624,20.20308693737681
352.6497007127911,181.41888086228892,22.231534694822837,19.961531849751086
352.62355586720605,181.5667836242422,22.28382438599291,19.66572632584453
354.3654255153361,181.3107246285957,22.094981233797192,19.518865088324677
354.8348035090006,181.29591888317873,21.809936104441718,19.54847657915859
354.94279138330137,181.3477240689053,21.59396035584019,19.444866207705438
356.63341080610263,181.1010632640985,21.43655225820326,19.293421667725912
356.7574074951894,181.11754092718064,21.188558880029785,19.26046634156166
357.17183416343585,181.21420129805736,20.99524277433228,19.067145599808214
358.0073299530921,181.18382979558706,20.583168970865028,19.1278886047488
358.1722004710921,181.20186347703944,20.25342793486502,19.091821241844045
359.26973484026684,181.21804412671165,19.913269260730356,19.059459942499654
359.39023730938226,181.1998595872567,19.672264322499476,19.09582902140952
359.8464938821081,181.22046360832462,19.36903438385323,19.054620979273693
360.24297101883315,181.29918520748103,19.179961776678567,18.897177780960853
361.8769966957075,181.3318107310823,18.904093276141555,18.83192673375835
361.9370293516804,181.43098122980626,18.78402796419573,18.633585736310437
362.61652409651776,181.19428383512886,18.601186591450592,18.51890646720039
363.30199943248954,181.19494930442409,18.397033715700797,18.517575528609967
363.67192416231467,181.22921540129605,18.23735324384085,18.449043334866026
364.07234005528676,181.25733291534823,18.01310210027225,18.392808306761665
364.5037517582068,181.2340548598735,17.72244566385762,18.43936441771111
364.8718306946405,181.2534422241963,17.55459812509845,18.400589689065477
365.8294702134582,181.27597962894606,17.33447424618401,18.355514879565966
366.2053232767302,181.31161549442393,17.143633479079078,18.28424314861023
366.28538880830075,181.33791323954566,16.983502415938045,18.23164765836679
366.6335329030681,181.3908909615168,16.840587115206397,18.125692214424532
366.9531870092238,181.42806382465588,16.750734502156448,18.05134648814636
367.50890145034157,181.4984245137924,16.733050135294395,17.910625109873333
367.8058539710783,181.5330904315488,16.683544686384394,17.841293274360517
368.9178967076746,181.57387592987624,16.629596237087558,17.75972227770562
369.25079177059547,181.57908259080457,16.504213794462192,17.74930895584898
369.2563284948198,181.64898086214254,16.493140346013497,17.609512413173015
369.8069423435685,181.67612535023827,16.46371957284247,17.555223436981585
369.8267233983937,181.7202437166937,16.424157463192085,17.466986704070756
370.13984836241605,181.4976741932051,16.330495607981867,17.37953767821334
370.72457533804845,181.27665066580482,16.2205227299382,17.291844196403417
371.04540519456464,181.31990207268535,16.105493762498842,17.205341382642377
372.4562967747296,181.34592286448685,15.901007039973031,17.15329979903936
372.5274174672252,181.41668983201475,15.758765654981858,17.011765863983534
372.8827310497999,181.48289357549595,15.563083202519923,16.879358377021187
372.90287507382527,181.59269347489948,15.522795154469142,16.65975857821409
374.4353941933932,181.91770968742284,15.49207098700124,16.515445165112048
374.44872940953934,181.99971476031226,15.465400554709024,16.351435019333206
374.19777789160725,182.35286706927826,15.467301838001932,16.145132153972526
374.24017257544926,182.40619380996765,15.382512470317954,16.038478672593733
374.28940716706995,181.2228153594612,15.284043287076587,15.936225031629974
374.60639721770156,180.529890200042,15.140710765942313,15.850132610081452
374.9528448886052,180.5013626890714,14.934852079292746,15.907187632022591
376.7520508003571,182.44298182337133,14.729127052886767,15.901305702962972
378.2767889382151,184.1273263286849,14.567545544774784,15.90182725454063
378.34414596035487,183.9100209376918,14.432831500495258,15.85768032220952
378.39648391928625,182.78252131652806,14.328155582632416,15.733031152603756
378.44651343404104,182.8140952927565,14.22809655312286,15.669883200146876
378.2558239830157,181.94437946427425,14.139719957577004,15.530292866725008
378.2887577762123,181.51628313756459,14.073852371183802,15.454123041935436
378.3257839751947,181.55754533441433,13.999799973218959,15.371598648235912
378.3818071708378,181.5818742140102,13.887753581932733,15.322940889044148
379.5654284409072,181.6203753071697,13.815270083624867,15.245938702725214
380.0464030583592,181.43018417813306,13.766525998236542,15.169718386040703
381.9210000235651,181.67555755002402,13.654478278163014,15.133614918551066
382.40492983954783,183.53598902078136,13.59121696468222,15.031145250975063
382.9008849160019,183.81667288924803,13.498709739309843,14.919478977809597
382.93664647847504,183.85240368553582,13.427186614363547,14.848017385234012
382.984943425754,183.69247892967377,13.330592719805628,14.723619500346476
383.24888088934256,181.99641924080873,13.243496356665055,14.589510365784074
383.2856472704015,181.8182968182788,13.169963594547232,14.50844518734543
383.095168990904,181.84968478480675,13.116039150099926,14.445669254289575
383.1302883669728,182.12191566621604,13.045800397962315,14.334255519108034
383.16710188117185,182.17082574235351,12.972173369564347,14.236435366833062
384.08030560378063,182.20136509303896,12.85580263195305,14.175356665462168
385.37255910007985,182.6646231073395,12.81955022624904,14.098258832492544
385.8333363753685,183.96485888539783,12.74386541252494,14.035396486935486
385.86872337754266,184.01178788894578,12.67309140817654,13.941538479839615
386.2868792715318,183.0085512425682,12.673120649122655,13.857159200283697
386.1138963039628,182.6390303990538,12.602226744676155,13.762481208143493
386.341983637984,181.6641602165005,12.560313217245877,13.640915870189557
386.3781586042772,181.88345267788233,12.487963284659461,13.614035577865238
386.4086644477754,182.3437594391676,12.426951597663148,13.513696369212465
386.8378565669765,182.19207910295938,12.383781963799466,13.409449739359607
386.8819419318312,182.84782392828873,12.295611234090043,13.31385944176114
388.32171577902875,182.46708462091283,12.23294955901651,13.270513479563947
388.75457798234294,183.69728068158477,12.168710776149133,13.21457822950298
388.8037484293697,183.71182968661395,12.070369882095584,13.185480219444619
388.8385544276156,183.73799223765945,12.00075788560394,13.13315511735363
389.2720994031333,182.37373800856574,11.923502710184538,13.09724186088453
388.9043639221572,182.80606194678606,11.87271207435279,13.018855582227898
389.13380948067083,182.65166564263183,11.804926053142356,12.936543094719443
389.16108353806965,182.4912248522617,11.75037793834477,12.868676601399512
389.5815451739441,182.48292838454665,11.683106734831277,12.885269536829568
390.1977507624933,182.50169759741036,11.60873669560576,12.847731111102204
390.2463244272021,182.479511277216,11.5115893661881,12.892103751490877
390.4631691536361,182.47135318830414,11.461287350469286,12.908419929314643
390.8680815080608,182.67897213943155,11.417138300634019,12.876019856566874
390.71391280026785,182.6763820570142,11.34384428158686,12.881200021401563
391.90509289043524,182.67494845874765,11.244731786690247,12.884067217934671
391.3631995747727,181.91854316366965,11.191514298510521,12.88087231541746
391.95478335505163,182.11562377486658,11.142648534466474,12.864811691861545
391.75824545648464,182.14646166987467,11.158653984425891,12.80313590184532
391.7749990431739,182.34754148878514,11.12514681104734,12.777349907966
392.1792093951613,182.89557616801483,11.067604319702054,12.807597868450868
393.13098503389375,182.76512709511474,11.038979314986515,12.693510759701132
393.1286445936637,182.8240850310814,11.043660195446611,12.575594887767805
392.9689323770906,182.84043784338905,10.992067804682472,12.542889263152516
393.3550855654563,182.8081150817551,10.959134160637937,12.607534786420432
393.1765982074171,182.81658897077534,10.945949981354312,12.590587008379945
392.9936718871598,182.84429661139126,10.942116548627013,12.535171727148091
394.09734544705617,182.88094784051256,10.947379562355266,12.461869268905499
393.7304342336576,182.94132785599697,10.945764041252165,12.341109237936674
394.8277204430843,183.00252488159694,10.94613572864474,12.21871518673673
394.30312238067756,182.64320333008186,10.903532013842073,12.209491730022798
394.50189879152316,183.0202883418364,10.869090270845097,12.181543863902005
395.09145399247484,182.10783056037414,10.7763659101732,12.195816024773922
395.12512126723925,182.13266361095975,10.709031360644415,12.146149923602731
395.3337599739082,182.17968897735767,10.650779929093641,12.052099190806844
395.34921241310104,182.73769183675955,10.619875050707908,12.0060133384133
395.7231091500086,182.60381912435838,10.582947652326137,11.918325725499017
396.28514887250043,182.64245516879248,10.519325332654734,11.841053636630797
396.64674871719217,182.68345902549544,10.498672746491614,11.759045923224924
396.4971229481612,182.7144613833306,10.448250863066884,11.697041207554587
396.51569005215146,182.91861400173758,10.411116655086314,11.636644310148082
397.0538654537267,183.8363264439426,10.373905926808112,11.53311955052522
397.05945360372465,183.70768243054533,10.36272962681221,11.44622604638478
397.0707047085141,183.2231557865978,10.34022741723331,11.387314237458382
397.10010197550025,183.39495375900327,10.281432883261013,11.385100424929242
398.14621250885784,183.4054093411875,10.231683398149999,11.364189260560783
397.9858136427806,183.43421415954728,10.213185995560224,11.306579623841213
397.9929391721158,183.63706527391994,10.198934936889774,11.238983958733533
398.5193127582083,183.65549652753174,10.156678582389963,11.202121451509909
398.53226553330865,183.841907199679,10.130773032189257,11.16488549743195
398.54225737088166,183.85569306384502,10.110789357043261,11.137313769099913
398.5510943391031,183.8675281652263,10.093115420600416,11.113643566337345
399.5477402377806,183.5600539440042,10.09902300353932,11.062192215350233
399.7228871931812,183.40718817917784,10.081223599319461,11.035429238421631
400.06752911493624,183.59637673388715,10.055530882910471,10.988847692553499
399.75242694178837,182.96088790809074,10.024409095600655,10.937173076935105
400.26937064271885,183.3154378863492,9.978616822009448,10.886803205931379
400.1227857563254,183.67329803051706,9.943932461061834,10.826791185064637
399.9712836520351,182.88448092050123,9.92056688174444,10.772576465605512
400.15237183730375,184.01877293872488,9.883545830516399,10.780079664323413
400.33727307825944,183.87615264340226,9.83842721756583,10.740636386007868
400.6831155618359,183.7413432270916,9.793449360271985,10.686901663699617
400.37486838596055,183.76927608272314,9.766337164482875,10.63103595243654
400.87252483059285,183.80632135769068,9.73253545131025,10.556945402501466
400.7169033619874,183.84820010043137,9.724964123189679,10.473187917020077
400.706910722486,183.26128613760778,9.744949402192544,10.377454656672677
400.8648299448346,183.45565966699724,9.745326216278585,10.30492285667699
401.18884603727685,183.64921337523853,9.7274733162542,10.232905082624429
400.8693581807269,183.8517896172264,9.739083531108808,10.141435347771345
401.1857512821408,184.05811740196552,9.731170962945159,10.041216595625167
400.7181245096799,183.95374682840102,9.73419298795505,9.939213902783465
400.8634769620672,183.9905777128757,9.752681665367858,9.865552133834104
400.8624154357274,184.01898689278335,9.754804718047303,9.808733774018819
400.69619512115196,184.21374902327156,9.779774594518551,9.72668026572205
400.6851076467019,184.2408372336569,9.801949543418743,9.672503844951379
399.88648050892186,184.29254549795704,9.868857621074092,9.569087316351114
400.0104438638953,184.3378139724125,9.926418942652742,9.478550367440144
400.13599175952106,184.3784179363698,9.980281649551275,9.397342439525595
399.5032129010027,184.41220394903104,10.027781272407884,9.329770414203084
397.95011889466645,184.4532111200735,10.09212931054842,9.247756072118168
398.07845181258097,184.49523486418465,10.139346745450016,9.163708583895875
397.920919148615,184.37182593413925,10.151132201076173,9.107246571680895
397.6056331796412,184.25201808913283,10.176577409680267,9.044298897021982
397.7532903616334,184.42249139600554,10.183217035949214,9.005306273530032
399.0995229805582,184.14214765983823,10.203661847707405,8.963124845951846
398.7887989079988,183.85916637548772,10.222955853876424,8.926933275703039
397.00123318003483,180.8360882877422,10.188525062820311,8.957152372887194
395.3558407389165,180.22537493761024,10.171087826042736,8.975589211691364
395.2117810751666,180.81963711602953,10.15843499629701,8.990153483835192
394.47703765595577,180.80614413364935,10.123877617760442,9.017139448595502
385.2624338920894,182.3352275289445,10.210127372987357,8.966014915793034
384.9335707931078,182.8224033585889,10.26540703078397,8.895333066754198
384.45960875001094,186.68970414457982,10.310489650347229,8.985357538902585
384.46263029899524,186.63889877873632,10.304446552378634,9.086968270589555
384.79333988765217,186.42819809566043,10.252257474153856,9.203754587196803
385.86504372857723,186.68104360359933,10.248537200756624,9.309402830876907
385.5735363473077,187.09845897985034,10.216963770818209,9.396454367091128
385.1481484067724,186.5775062968576,10.143177845274113,9.513797926461798
385.1754879707791,186.6996940715245,10.08849871726063,9.57832218283744
374.6058902963868,184.73714456891915,10.21105768322032,9.485534820743384
373.84705964001387,184.77941169979218,10.181171612878241,9.401000558997325
374.0086644326197,184.80880262660455,10.165664615309984,9.342218705372595
374.46839076147745,184.83864053600553,10.165795275289923,9.282542886570614
374.3020365289598,184.87508741430105,10.192922375937695,9.2096491299796
375.1948429392043,184.90344536913722,10.236366955376065,9.15293322030729
374.5834015177699,185.06671147096648,10.2407970473156,9.131014204381064
373.5318419461532,184.31538071243054,10.213589894113912,9.112014081142144
372.9306089445417,184.91479464211517,10.201625246021926,9.127616873087991
373.3960817489531,185.36986225043663,10.181692600515946,9.128494619762021
375.2554687983714,185.64087092808163,10.103429518399052,9.193229100591982
373.299630294707,185.17538207463164,10.073611516138705,9.214631036048322
365.4362188199755,189.8664485405844,10.040852467934878,9.227633525828832
365.77820552219634,190.89545524723613,9.962411338926927,9.288983076543206
365.2025652749165,189.97745502281788,9.903616818017563,9.309871002176124
366.00264434155685,190.83453605363582,9.813125029454161,9.407308554200956
368.4615352768387,190.3330076396182,9.728330749159312,9.504180209060799
370.02155367821894,190.270560319822,9.630926816659542,9.629074848653154
370.6721714801228,190.36176912998644,9.540493205902406,9.749357726586958
371.02547136308874,190.00916580770163,9.440223769797246,9.848234041329839
370.1698600306521,189.81201843674148,9.332662195082774,9.939398076652154
373.8666860602746,192.1299782460076,9.510318604073193,9.846263539061185
373.0152279674906,192.4812639143483,9.692200247191987,9.752106019359488
372.30637592763304,192.83674692873382,9.887517269434152,9.652333519324904
372.07213336746327,192.42696815115158,10.048909215950925,9.55061155302106
374.70415576481145,192.10910605490082,10.021061166492553,9.570312599023984
369.8543834192841,193.08478164530916,10.176075879317326,9.466289801090515
368.6998107389026,192.82987144434935,10.324605847480957,9.358791519410298
367.5335455049845,192.41647464718474,10.492307050316127,9.257801143024777
366.9872184954217,192.46429030835637,10.654207964128766,9.162169820681523
365.5041250577963,192.51338772005545,10.819386586272483,9.063974997283369
365.11963177090513,192.87524103332254,10.96398971527525,8.964651815528729
362.8286365246149,193.08008028772605,11.166593863369721,8.86778661704218
361.6170110217958,193.1124350776573,11.38939246962712,8.803077037179667
361.2135526539419,193.4658198581849,11.562906028911504,8.729710652547835
360.5304477046946,193.1602560335396,11.656522144171436,8.70454141022105
359.97852359387247,192.8846435842392,11.802890108689986,8.617446137404714
358.78936495283335,193.73334451760843,11.941520228203363,8.51982081535553
