233.5,62.5,22.0,30.0
233.1069247462719,61.92759849504864,21.786150507456203,30.144803009902724
233.11712643865778,61.50199588175825,21.765747122684466,30.182491594660718
233.1834196203176,61.42792895457772,21.633160759364795,30.33062544902176
233.24233406646812,61.37719522979455,21.51533186706374,30.43209289858811
233.28688154309026,61.292830749877815,21.426236913819487,30.60082185842158
233.3104810451324,61.21531372223401,21.3790379097352,30.755855913709194
233.29031661436917,61.1832803710693,21.419366771261664,30.819922616038603
233.2857756328625,61.140869174022896,21.42844873427496,30.904745010131418
233.27972302081443,61.046984870442806,21.440553958371158,31.092513617291605
233.25637920134756,61.094188545919486,21.487241597304862,30.99810626633824
233.70947252748374,61.11087160823224,21.402536298444375,30.964740141712742
233.69035641301144,61.118097916099494,21.44076852738896,30.950287525978226
233.66669759837245,61.180341828119055,21.48808615666693,30.825799701939097
233.66995383735244,61.19472834593804,21.481573678706976,30.797026666301136
233.6876113214702,61.22458871071027,21.446258710471465,30.737305936756666
233.67083185605367,61.19954359777824,21.47981764130453,30.787396162620734
233.6674871012179,60.79670280737916,21.486507150976102,30.77489401990246
233.73819738926878,60.374216373167584,21.345086574874276,30.80176136159955
233.78071546750922,60.41612628227118,21.26005041839342,30.717941543392353
233.78886305824966,60.43131859249657,21.243755236912534,30.687556922941578
233.8182308781188,60.43570594881759,21.18501959717421,30.678782210299527
233.7753508594859,60.00323343652785,21.27077963444004,30.7320430150458
233.726159990125,60.026904728400126,21.36916137316182,30.684700431301245
233.70040594886424,60.12144556406047,21.420669455683377,30.495618759980562
233.7321303476873,60.14269520682271,21.35722065803722,30.45311947445608
233.70903177785036,60.13683258410308,21.403417797711153,30.46484471989534
233.28043326803777,60.25995857862107,21.44855389720492,30.218592730859378
232.87964122191826,60.244094138787844,21.441051035308437,30.25032161052581
232.5054648092402,60.190030495326305,21.379961186285833,30.358448897448895
232.53831020444582,60.09953975826147,21.314270395874605,30.539430371578558
232.53970387301638,60.01969730313076,21.311483058733444,30.699115281839983
232.54826574067533,60.06019342736772,21.29435932341557,30.618123033366054
232.51384945503256,60.067995613420635,21.363191894701124,30.602518661260234
232.50874830648232,60.06135340916373,21.37339419180162,30.615803069774053
232.52558509356555,60.07505260443574,21.339720617635095,30.588404679230017
232.50753517840488,59.69850512328098,21.37582044795648,30.52862501306044
232.50016411916607,60.0781340520375,21.3905625664341,30.581935440896892
232.45113872353647,59.67662203754783,21.488613357693296,30.571344397843866
232.4110744648272,60.06182813802498,21.568741875111797,30.616002764219978
232.42234173130421,60.05111423104903,21.546207342157786,30.63743057817188
232.4509068164554,59.99994410512949,21.489077171855445,30.739770830010976
232.4736928205997,59.56077006109391,21.443505163566815,30.800500560653784
232.52085027642374,59.9283016972382,21.349190251918735,30.88321983724646
232.54486980797984,59.926513132830266,21.301151188806564,30.88679696606232
232.50645029494314,59.88721861978786,21.377990214879972,30.96538599214714
232.93716282775503,59.86323327787131,21.335750612981357,31.013356675980237
233.3137039145495,59.465341847518985,21.401878595499827,30.989929380577472
233.31183075460208,59.51341831149781,21.405624915394675,30.89377645261983
233.2882314831902,60.38049723256813,21.45282345821845,30.796744809345658
233.30868479631658,60.39516517242947,21.411916831965712,30.767408929622967
233.31563382080435,60.371157242048646,21.39801878299017,30.81542479038463
233.33407148317158,60.78683428164034,21.361143458255704,30.801327962226846
233.25673452963844,60.41769676372519,21.51581736532202,30.723166456490866
233.25693519757374,60.76170148082542,21.515416029451412,30.85296563816172
233.28190037050447,60.79001369565591,21.46548568358991,30.79634120850075
233.28065793257997,60.781381165669245,21.467970559438935,30.813606268474075
233.30183828452272,60.77254877669105,21.42560985555346,30.83127104643046
233.28413689314172,60.70443265111555,21.461012638315424,30.96750329758145
233.73973941281696,61.15680562946309,21.37039518590094,30.88334492782232
233.69280080325282,61.57067805112677,21.464272405029188,30.873424701156846
233.66301263871108,61.60777321149514,21.523848734112683,30.79923438042011
233.63659542897528,61.55480742116039,21.57668315358424,30.9051659610896
233.665557093223,62.007777467315705,21.51875982508885,30.820781666315238
233.68603165963515,61.987600895003816,21.477810692264526,30.86113481093902
233.69368788090043,61.98227409656626,21.46249824973398,30.871788407814137
233.6480000025487,61.99882387383088,21.55387400643742,30.83868885328489
233.64603372835592,62.000184226284475,21.55780655482303,30.8359681483777
234.07617856994128,62.03656350946871,21.517718302996784,30.763209582009246
234.10770174545758,62.007013889954585,21.45467195196418,30.822308821037485
234.07189641298663,62.021465255233494,21.5262826169061,30.793406090479667
234.02310965938824,62.022885568757594,21.623856124102893,30.790565463431463
234.04460211851915,62.07538671784894,21.58087120584104,30.685563165248773
233.99768708836476,62.09182443308286,21.674701266149814,30.65268773478092
234.0282139241697,62.040913111501965,21.613647594539927,30.754510377942715
233.67764860314648,62.06851400789307,21.494885382803684,30.699308585160505
233.68079802600232,62.0914868685928,21.488586537091972,30.653362863761043
233.657944878235,62.1036481501196,21.534292832626562,30.629040300707466
233.6239017870547,62.09151899292713,21.60237901498718,30.653298615092396
233.573089042037,62.07586548480485,21.70400450502263,30.68460563133695
233.64037006082773,62.424555455833136,21.569442467441167,30.807550971963465
233.66961006168103,62.43018956413954,21.51096246573455,30.79628275535066
233.258239688807,62.517713508655454,21.51487214786842,30.621234866318826
232.8883058681847,62.46222010123002,21.438484152166254,30.7322216811697
232.85406963142646,62.44863567956956,21.506956625682754,30.759390524490605
232.86348936501884,62.42353811057931,21.488117158497978,30.80958566247112
232.81637607286598,62.384528024836335,21.582343742803697,30.887605833957068
232.84864484205235,61.949477400612025,21.517806204430926,30.936322720160355
232.81312333691534,62.01073943953139,21.588849214704936,30.81379864232162
232.85876710472533,62.03528879632186,21.497561679084992,30.764699928740686
233.2692945067434,61.59984602491178,21.494640918635156,30.817451427974515
233.32746108112886,61.14230958128404,21.378307769864264,30.913643177763074
233.34344308859676,61.47201053120057,21.346343754928434,31.072652796852402
233.36838142291583,61.45587241636347,21.296467086290306,31.10492902652659
233.30071127010766,61.528518880737835,21.431807391906638,30.95963609777786
233.2582624985042,61.51859311850599,21.516704935113562,30.979487622241557
233.24618756621695,61.522296770995595,21.540854799688063,30.97208031726234
233.2791204755293,61.48253310695178,21.474988981063326,31.051607645349982
233.3206418294283,61.49317066458572,21.391946273265386,31.0303325300821
233.34503776457117,61.49001610708257,21.343154402979636,31.036641645088388
233.30977679274693,61.52414989728757,21.413676346628122,30.96837406467839
233.3078011642881,61.53503120847991,21.417627603545775,30.946611442293715
232.91331295974646,61.53051147314341,21.387047030713255,30.955650912966707
232.86154039398178,61.50218340854866,21.490592162242596,31.01230704215621
232.8999377994189,61.49459402671532,21.413797351368363,31.0274858058229
232.93878670255432,61.49803667826049,21.336099545097493,31.02060050273254
232.87329172269204,61.554209629904506,21.467089504822077,30.908254599444522
232.89605140529295,61.57286177076452,21.421570139620233,30.8709503177245
232.8570352989233,61.563690285721805,21.499602352359563,30.889293287809913
232.82265853775328,61.58469460732471,21.568355874699584,30.847284644604123
232.79390112736894,61.62150241953179,21.625870695468308,30.773669020189956
232.81537808920388,61.58253195385626,21.582916771798388,30.85160995154101
232.78540322874414,62.00155556510994,21.64286649271788,30.83441380667759
232.77186953247536,62.42452981737717,21.669933885255457,30.8100447037812
232.73574447353428,62.010768207560645,21.742184003137616,30.815910374028416
232.74003123364014,62.42691252064981,21.733610482925865,30.806557249075297
232.75195748545255,62.44091270439743,21.70975797930107,30.77855688158006
232.76045210958878,62.500454765517965,21.692768731028572,30.659472759338982
232.78200086727838,62.48736705657521,21.649671215649377,30.685648177224486
233.20630948905654,62.493288017956615,21.620500857759087,30.673806254461674
233.18616766566956,62.4445803642517,21.660784504533044,30.771221561871513
233.17414982275133,62.457581453641964,21.684820190369543,30.745219383090976
233.1693686885668,62.42023592422333,21.694382458738552,30.819910441928258
233.58650097501967,62.38227955146927,21.682326843707436,30.895823187436378
233.99920616888863,62.380311157242,21.680072094279424,30.89975997589092
234.034924299592,62.27926811156743,21.608635832872675,31.101846067240054
234.04642805575352,62.26511334201987,21.585628320549638,31.13015560633516
234.0354742214109,62.30281581265507,21.607535989234886,31.054750665064773
234.0252069089567,62.33474607786887,21.628070614143255,30.99089013463717
233.971039979415,62.39330785145685,21.73640447322669,30.87376658746121
234.0082384266709,62.34809460608141,21.662007578714846,30.964193078212087
233.98953098271573,61.96081741290373,21.699422466625208,30.914895500768257
234.00988812640423,61.925362577567874,21.658708179248226,30.985805171439964
234.0022399705253,61.93787885515201,21.674004491006116,30.960772616271704
234.00103782626334,61.97846918431681,21.676408779530018,30.87959195794209
234.4952249167862,61.56315007995602,21.51084793265306,30.887416832494864
234.90666817803162,61.17005611710426,21.508164308294198,30.8534018600664
234.910227340899,61.17038506753692,21.501045982559447,30.852743959201078
234.9082132038619,61.10233083743151,21.50507425663371,30.988852419411906
234.9210727078535,61.12616831837554,21.479355248650446,30.941177457523835
234.9240089145378,61.115279429285124,21.473482835281864,30.962955235704673
234.8810916916912,61.174041456926645,21.559317280975037,30.845431180421624
234.483485165113,61.55823823894072,21.534161329233555,30.897406621291427
234.45477952161696,61.91007443813935,21.591572616225633,31.014472077430064
234.45103652523943,62.3134156046116,21.599058608980663,31.03123858515461
234.45151677164083,62.367322442806184,21.5980981161779,30.92342490876544
234.41179985331445,62.373470209150476,21.677531952830634,30.911129376076858
234.40219509867325,62.34501198799886,21.696741462113035,30.96804581838009
234.3697907710019,62.36981119676521,21.76155011745572,30.918447400847377
234.3777357439087,62.37388732540286,21.745660171642136,30.91029514357208
234.4160528112923,62.33860733081009,21.669026036874918,30.980855132757622
234.38971442382316,62.31307055539416,21.721702811813202,31.03192868358949
234.3235514505826,62.336799710560996,21.854028758294284,30.98447037325582
234.36650711083433,62.23500779944995,21.768117437790885,31.188054195477903
233.96682040878622,62.31179108327676,21.738514986741205,31.034487627824294
233.98002808438503,62.242485360667025,21.712099635543627,31.17309907304376
234.05668565140974,62.232268628078955,21.5587845014942,31.193532538219905
234.04140328897597,61.798057070191106,21.589349226361726,31.236350212679383
234.0441808024995,62.17272652432868,21.58379419931463,31.313766056139904
234.07817142863604,62.166671391606066,21.515812947041567,31.32587632158514
234.0295346051608,61.74428624021128,21.613086593992055,31.34375844640144
234.020059316902,61.79503326230663,21.63203717050966,31.24226440221073
234.06873976085294,61.805157884781565,21.534676282607812,31.222015157260874
234.03725565137708,61.7961363011794,21.597644501559525,31.240058324465203
233.98285059641043,61.85903225436719,21.706454611492788,31.11426641808961
233.9500087363962,61.846344918000106,21.77213833152127,31.139641090823787
233.9632564450246,61.823098929976126,21.74564291426444,31.186133066871754
234.003784624663,61.849619388654986,21.66458655498763,31.13309214951402
233.94451438501704,61.92838942509337,21.78312703427958,30.975552076637264
233.91428385958903,61.87493946225146,21.8435880851356,31.082452002321084
233.96290868978338,61.905721591034016,21.74633842474688,31.02088774475597
233.93744677098437,61.91956192887066,21.7972622623449,30.993207069082686
233.9402683727422,61.86073433631079,21.791619058829276,31.11086225420242
233.96907080371636,61.883753218676844,21.734014196880928,31.064824489470304
233.95534698422222,61.86118788849962,21.76146183586921,31.10995514982476
233.97013510348916,61.85114298884418,21.731885597335378,31.130044949135637
233.98838528768994,61.87288221618422,21.695385228933766,31.086566494455546
233.9532848852449,62.297061751138536,21.76558603382387,31.064454466559923
233.9726741790076,62.30668836644854,21.726807446298444,31.045201235939913
233.9710034038703,61.92804399023578,21.730148996573078,30.976348738700786
233.96189919113922,62.30214349030725,21.748357422035237,31.053307678282707
233.98241881291136,62.300497899906134,21.707318178490908,31.056598859084943
233.96893896498025,62.267120434713775,21.734277874353175,31.123353789469657
234.0123617116867,62.20894743619633,21.64743238094023,31.239699786504545
234.44003632633647,62.20519695865943,21.61984691238336,31.247200741578347
234.45041211551876,62.22923396322015,21.59909533401879,31.1991267324569
234.46853740156342,62.19372582404583,21.562844761929426,31.270143010805562
234.4493179793522,62.23276146322051,21.601283606351927,31.192071732456178
234.46035166073304,62.26983556389008,21.579216243590235,31.117923531117057
234.44353611541376,62.29472704355525,21.61284733422875,31.06814057178671
234.47144205159717,62.297058991523194,21.55703546186196,31.063476675850822
234.41916649511114,62.32029195636621,21.661586574834025,31.017010746164786
234.81009506143818,62.26283176713568,21.704370805227807,31.131931124625844
234.3635375280754,61.868621213919596,21.770406882099213,31.093273241203832
234.38628421070246,61.85168192996304,21.724913516845128,31.12715180911694
234.41142686030076,62.23840478949566,21.674628217648465,31.18105168732967
234.3282687121074,61.836166079511926,21.84094451403525,31.15820028720413
234.33144090364493,61.894509614777135,21.834600130960176,31.041513216673714
234.33307329084914,61.86883150222042,21.83133535655172,31.092869441787144
234.30896370504348,61.915238743672354,21.879554528163062,31.000054958883265
233.92356971082768,61.94328817918173,21.82236688179026,30.943956087864517
233.9608351544248,62.27369263201181,21.74783599459599,31.109334901018247
233.91793559514227,62.30257182924207,21.8336351131611,31.05157650655773
233.9532238769526,62.29815396482498,21.76305854954044,31.0604122353919
233.92400502119767,62.30750078681276,21.821496261050314,31.041718591416338
233.9676137411347,62.30511563666276,21.73427882117623,31.046488891716336
234.04256462057845,61.91584995239303,21.584377062288727,30.99873648493338
234.06814071930862,61.88991889379891,21.53322486482839,31.050598602121617
234.11589459411445,61.87664764311915,21.43771711521672,31.077141103481136
233.71902836645953,61.90703535367632,21.40959535299691,31.016365682366796
233.6752004879736,61.88026533428939,21.497251109968758,31.069905721140657
233.64051652113642,61.82959464099979,21.56661904364314,31.171247107719864
233.67971580670678,61.802420748335436,21.488220472502395,31.22559489304856
233.6262169547934,62.191799084668276,21.595218176329197,31.27176128984619
233.60621820201288,62.218967129823184,21.635215681890188,31.217425199536372
233.5606261989141,62.266305533799994,21.72639968808778,31.122748391582746
233.53028746718448,62.288119118911645,21.787077151547035,31.079121221359447
233.1238563886978,62.38802359603053,21.77229353899409,30.879312267121673
233.1438464080257,62.320780860106765,21.732313500338314,31.01379773896921
233.1326303316008,62.330490229737464,21.75474565318807,30.9943789997078
233.15567405914067,62.32664950488788,21.708658198108353,31.00206044940697
233.17865285757804,62.30902360964318,21.662700601233624,31.037312239896384
233.15070697126416,62.32988090780339,21.718592373861373,30.995597643575948
233.16678057691877,62.321443889940866,21.686445162552133,31.012471679301
233.17279227632258,62.32243193684794,21.674421763744512,31.010495585486847
233.1696677505866,62.328499669002156,21.680670815216498,30.99836012117843
233.23631781328373,61.897770316913224,21.54737068982221,31.035144132408305
233.24215663807186,61.87055758600459,21.53569304024596,31.08956959422558
233.2601261345096,61.438366824876795,21.499754047370537,31.130292555593392
233.70465872366444,59.446297462374204,21.434367580155087,30.996037725127167
234.62799365252977,59.00210637838823,21.228853034902084,31.063842236860282
234.73684938205486,56.82497016032519,21.011141575851894,31.327097776939073
235.27385601619184,54.645722192230934,20.7556837103882,31.592816699076312
236.33845662002554,51.47895871277859,20.263082348624444,32.19824419731837
236.39673950543963,49.01032244839567,20.146516577796284,32.220694701126725
236.4179070840617,46.28178213648926,20.104181420552123,31.955124378231314
236.33090698950323,44.85831452495127,20.278181609669048,31.55064655025082
236.3122499228725,42.953180902932004,20.315495742930516,31.31231713684034
235.46549634604523,41.35953445242339,20.395448959679968,31.272502164047417
233.0882685248467,40.58993169300203,20.30483259130785,31.196683679300406
233.0522007030093,38.17179775118632,20.376968234982655,31.203736985702513
232.67366566035975,36.441692871299736,20.32786325812167,31.439246496835327
231.47758659087486,35.555302596318555,20.293376265078297,31.594263625455582
231.0554892832023,35.02831537356536,20.326946237296553,31.837613427835088
230.58778121443382,34.20294937892581,20.447541550781448,31.8587037690101
230.57616934492486,31.196870518160907,20.470765289799374,32.15082646930023
229.86814372958665,31.034612689223675,20.243017436861805,32.47534212717469
229.47410396291914,28.87256357222859,20.20816442002514,32.68477761030649
228.30736583010088,27.133573410108156,20.065235495043847,32.86088434705694
228.3742479738397,24.69077772299765,19.931471207566236,32.79233056756337
228.0692743042436,24.632178628140803,19.71899416501374,32.909528757277066
227.28648890807926,24.188681890344753,19.643382539900955,32.97593102414845
226.8304206319228,23.77257388839185,19.735216110604156,32.987844046444486
226.36982843779745,26.238763613208945,19.834373578100067,32.98762612133906
226.3211072775143,27.506099771280113,19.931815898666336,32.92403318888735
226.33586615527048,30.746363345478773,19.902298143153985,33.03860723268128
226.34826094715035,34.1451778619148,19.87750855939424,32.845724761300524
226.3144400545944,37.26939486537202,19.945150344506125,32.35346671111052
226.16132983129282,40.216652878609565,20.251370791109316,32.17182954363009
226.05202821190963,42.811128596102165,20.469974029875697,31.89416096340252
225.96423509486652,45.68575715278012,20.645560263961876,31.87126709438361
227.22267993194586,47.49724991615332,20.590578438716662,31.530825366188463
227.19792669061215,50.54328388623105,20.640084921384098,31.141138475044137
227.2262311061009,53.49845930499486,20.583476090406606,30.898058009581934
227.58633254829448,55.648099425336724,20.668298021856867,30.623901848085467
230.00410215563113,58.48346997150372,20.646649879502974,30.569367006790742
229.52082925748115,60.099279203199295,20.812058243081914,30.54229827428342
229.95661037239154,61.243715211770194,20.743963915280197,30.663829963198598
229.98876544002724,63.30158126281067,20.6796537800088,30.56893750943993
229.96955319473332,65.64831936487015,20.71807827059661,30.68552589089
229.9872525391524,66.90875003414948,20.68267958175844,30.576860422672073
229.45871237568002,68.55944588583333,20.937913337779698,30.48285500299835
228.97350036481637,71.05192328710189,21.103683351827616,30.325824246537664
227.62445168583682,73.92697042925377,21.38670488851006,30.210906878546066
227.50576912437197,76.3631970735691,21.62407001143974,30.186174982788092
226.9417866694505,79.21786427556759,21.9405531139695,30.15721322998352
226.63553586877305,79.45840328784439,21.736818423627025,30.492371497127237
226.16433813809127,81.420689300113,21.86125216803635,30.657608057361287
225.7343054990131,81.75710040553695,21.898814055032705,30.807289237673444
225.23842099075858,83.4206929175437,22.06520104173675,30.781632332879756
224.82384276106532,84.18136506898533,22.066628954896423,30.915745122450204
224.8376378702248,84.98001344584804,22.03903873657749,30.978006368308574
224.8335127667908,85.74540752343887,22.04728894344549,31.107750514933116
224.83999551369263,86.10489720439065,22.034323449641803,31.221132415166238
224.9008770655944,86.42346996523803,21.912560345838283,31.417846422945388
224.85087434021042,86.09307735314917,22.012565796606243,31.243810759608486
224.8338525786229,86.08253438411138,22.046609319781282,31.264896697684055
224.8402327896816,86.13786423746075,22.033848897663834,31.154236990985332
224.9253162749044,85.64062890445486,21.863681927218288,31.3158656693675
225.35163740172487,85.58297333791944,21.84351752888926,31.431176802438344
225.36632276969976,85.55852133376874,21.814146792939493,31.48008081073973
225.38443812058009,86.28710957533768,21.777916091178835,31.691175413256442
225.77281415861913,87.95242956466706,21.83787980024126,31.707398575159715
225.68070007074093,88.8347269178785,22.02210797599762,31.618704635452744
226.11072708369628,89.59209317611077,22.001708401478272,31.78328102177087
228.16207357485106,90.75770348664392,22.10800317746928,31.97745305568494
228.50856918412507,90.72973653714601,22.26148818215195,32.03338695468078
231.35141854819898,90.73065525953271,22.52474816681381,32.03154950990735
231.684220409431,89.92352668627925,22.71330657370833,31.937482397697217
234.28252461877696,89.54343088861953,22.651766118350334,31.841829332461014
234.69738454282714,89.66020053214226,22.67543430565387,31.608290045415558
236.70719216474973,88.5334722663964,22.907057441437253,31.311003549130106
238.37683087028785,87.81452633526574,22.965967276705843,31.049801788219007
241.3880053600852,87.42393496385941,22.869476087179173,30.984433418164837
243.95536181479338,87.40288325324781,22.798652304977544,31.02653683938802
245.30667570663206,87.22303680239892,22.626407571021243,31.386229741085806
248.2618144363438,87.10522486671434,22.638722843807166,31.62185361245497
250.0488798686203,86.47002522108733,22.463991069952723,32.04240313103434
253.42845475774772,86.09256944055792,22.531442585545733,32.79731469209317
256.2064421997227,85.85475942295199,23.036145937570993,33.272934727305035
257.8735779984584,85.56051012852011,23.22709540824773,33.861433316168785
258.1035283722847,85.06377362147263,23.660512690557752,33.961588300301024
260.7943849319919,84.05904597341299,23.69068063604926,34.1670832414517
261.1596935375712,83.50874199816624,23.865637595251084,34.36211702158481
261.70900209586307,83.06251084176286,23.67841922188521,34.3431805911737
263.75452144175154,82.02858123289538,23.219475708035024,34.59499221994531
263.94162553825345,81.93088764813105,22.84526751503117,34.79037938947397
264.49901191506723,81.96943529763547,22.63143112180537,34.71328409046514
264.61552256276246,81.89628260732988,22.39840982641489,34.85958947107632
264.73890284801365,81.32785799639936,22.151649255912524,35.101906500108605
264.85692893747046,81.24619939749229,21.915597076998907,35.265223697922735
264.8907038385359,79.59941572881196,21.84804727486803,34.988727855470195
264.9608113693264,77.47368157991784,21.707832213287045,34.803874160191086
265.34916357852273,74.68379213281199,21.813289572549635,34.20852061081628
264.8893066260624,71.3848261877154,21.857960942485576,33.806112221132196
264.8911641516028,67.47905002376007,21.854245891404695,33.78970713262829
264.36504028245247,63.09915737433772,22.037027841214904,33.85483454656835
264.36402309579626,58.93621855065291,22.0390622145274,34.31935757037377
263.85222793208607,55.304503659152246,22.18218720098155,34.53906462564535
263.80170901955137,52.57761311963486,22.28322502605089,34.676030514181036
263.82634102006483,49.68177137060141,22.233961025023973,35.12850680051057
264.3952437419754,46.300626343838914,21.991959307488056,35.6201707700396
264.51365563067617,43.18847079451526,21.755135530086434,36.4499905857422
264.7080332400551,39.779011713881815,21.366380311328584,37.82429446879826
265.78407315562055,36.28352500335775,21.056704438214364,39.28805601579625
265.3866915220503,34.163419332404494,20.91398444413489,40.715817574042816
265.4388058068713,31.316397552102963,20.80975587449295,41.6299855419026
265.47459983672184,30.489929455823845,20.738167814791893,42.315375760889786
265.96957183727244,29.881021939687155,20.724534236467186,42.55688037038663
265.9633040787573,28.827420717251222,20.737069753497543,42.70489288936331
265.9738524931272,27.751877532879774,20.715972924757715,42.89204051905301
264.95080414934245,26.480290427738474,20.79341017980358,42.48222558055025
264.2615717120215,26.845676353482418,21.19217462493113,41.75145372906236
263.54607967349176,27.304069900762855,21.647238361267135,40.83466663450149
262.87123686358575,28.26085639360314,22.026616619340373,39.89140101055963
262.7750425304761,29.03850705116557,22.21900528555971,39.29901594312819
262.62350590071605,31.75420266863378,22.52207854507979,38.654878976414636
263.1401541109125,31.95920058647164,22.44184354626978,39.19794456232168
263.198847245407,34.67669443100181,22.32445727728066,40.481118891977744
263.73924173012523,35.53202076736965,22.220346179519204,41.70049983426681
263.6413185803564,38.72408226990862,22.416192479056786,42.266224838207776
264.5401101792105,39.73265214270662,22.627601562481516,42.25807737374454
264.5634640535948,40.11792251391516,22.58089381371279,42.49553227742728
263.78780147180436,43.7278208871032,23.121535123214205,41.33983865552845
263.4154230137067,44.91774035926084,23.86629203940953,39.962901769666914
263.0137682829826,47.114304323070755,24.66960150085776,38.555178378566715
261.745359400997,50.65852510035243,25.231137207633356,37.392582995590104
261.27181151770003,53.966279024286194,25.198674539038798,36.65442575885289
258.7695491010172,56.74729025289782,25.36358720088537,35.932015473148695
256.24571947705596,60.390031940442896,25.612478334214074,35.36480745848985
255.2827287903719,62.941100146127994,25.62791923361485,35.03902223203792
251.86782549500228,66.79708293003985,25.80359472699259,34.93177791834169
249.24101909816872,69.52460139092628,26.298008726433558,34.23593979079496
248.35481619637724,72.11480533884063,26.171757383617354,33.80217476096418
245.37082289244626,75.24188186630735,26.495750341509606,33.1920153560005
242.5472687480156,78.8424986986683,26.523247076446065,32.54699517085763
241.65778942638295,81.34629789985438,26.447871455682453,32.175232428557756
238.62377809168242,84.64561719416864,26.074159943423656,32.01832802158911
238.01084465108204,86.93421588359237,25.47640248596251,32.000191489396386
235.33814628676387,88.5145255947244,25.410572017530967,31.545185665666278
234.12564777942444,90.45213571582465,25.15404021478259,31.245337180035484
232.04722293331437,91.84757631515703,24.885368748488006,31.109768676479554
231.73743937212618,92.75465499621357,24.62625211081579,31.05297883446369
231.5606823318783,95.13600556214033,24.106145971772825,31.53199901984245
230.55236117138523,94.90439561030765,23.505342948500537,31.99521892350781
230.3345099345768,94.65234855357187,23.071334245775304,32.49931303697939
230.1074363840272,94.92669338059306,22.655264005374292,32.82084072443715
230.2100767345572,95.19982381536623,22.449983304314355,33.14279003730587
230.3316659517331,95.07574895447956,22.206804869962532,33.39093975907921
229.90053508206864,95.09138207259174,22.199711665090852,33.359673522854855
229.51470736158342,95.10433148215469,22.102598853429853,33.33377470372895
228.7318091988157,95.06449673726122,21.93485913586308,33.413444193515886
228.74645039196,95.09713349182643,21.905576749574486,33.34817068438548
228.7433261524732,94.67882805480372,21.9118252285481,33.32107077197144
229.18590253285777,91.84645720861077,21.89008112510647,32.94195186306461
230.90549208739955,88.96567643578939,21.880360029036456,32.70196188593364
231.31682585119174,84.89942173575861,21.91129509351807,32.29844536533551
232.2571017182668,78.7273819584046,21.726852325432766,31.921707674556995
232.594341227523,75.5701772683026,21.891712814110182,31.52140099724298
232.57373756767277,72.44298244097112,21.932920133810637,31.08748905173639
232.65076864908522,68.82526853343992,21.778857970985694,30.85135486675061
232.3288330329915,64.80746829980505,21.5986551524827,30.646214827115973
232.0427609677749,59.87944431219876,21.352787243987503,30.686118335187963
231.33222168201354,56.68220565345867,21.144740194959162,30.56409317046394
229.3930059744147,53.470980679029694,20.97671049160507,30.51220532963898
229.07386841995915,49.935106056841136,20.80924895997359,30.332324809133475
227.96577111024195,47.05535613439289,20.6246546286638,30.489983768960048
226.78893332564164,45.06413940760602,20.579588492620307,30.474514380460278
225.5179465204532,43.41876162191693,20.72575618351188,30.57086205919137
225.38269421344984,43.073913808786116,20.99626079751855,30.4580882082736
224.1578378522214,41.49946666935089,21.0302388397075,30.386002913453495
223.27333583876356,39.50019743531048,21.189802248272173,30.360939835656694
222.98147632852255,38.58090787791239,20.966546852566566,30.585570118077715
223.10321600760756,38.06051201410197,20.723067494396567,30.819689086903537
223.1670793346103,37.892285804000466,20.595340840391103,31.156141507106533
223.24348081540543,37.40635391526165,20.44253787880082,31.318913303640205
223.30211905032866,36.47723056969723,20.325261408954375,31.559179413004365
223.3490765577959,35.91644781622412,20.23134639401985,31.870113142710483
223.32663584816635,36.36902269184928,20.276227813278997,31.778673409543003
224.00693896462232,36.360968714027095,20.54180945056513,31.79478136518737
226.35642908620358,38.88623041438666,20.74941069410348,31.65083945116905
228.80621753099345,40.92836869459007,20.76422234515251,31.661886674619584
229.18492021856702,42.598870617821845,20.82629346761783,31.59878881860568
232.143711687945,43.765474017407655,20.645650669015087,31.724270650928304
234.30615891789668,46.41068695245832,20.41294608472227,32.162910606681685
236.58630889540314,49.68415919481018,20.779332667531975,32.18488150574146
240.38101167646647,52.53255052292239,21.46547905181862,32.28098521200636
241.29295828982745,54.574789502036225,22.16279889881446,32.3985290433084
244.4715358563052,57.441881800477404,22.635396496242244,32.64037808551142
247.31479421287494,60.82232718360898,23.005030314792712,32.80080221260814
248.9213159026205,63.81005094113709,23.286691616140974,32.941087889020764
251.8476310402007,66.77664555384948,23.597072314412742,33.17090963702812
252.7573619362518,69.65306553288904,23.555621627240058,33.64110854620238
255.4419972424865,72.57511136571623,23.55886992624627,34.064955610602844
256.69891520091454,75.18452894012354,23.75061633923861,34.25728512148507
258.8105139523094,78.29045617221857,24.0670282043803,34.40088377239908
259.0958640646215,80.51546768039675,24.41163132609855,34.527377487754535
259.4141839984384,82.44004129551074,24.697877612739966,34.36977487462729
260.25700119038913,84.74399765124946,24.86266284383572,34.38791120064297
260.16218879889004,87.12159249792238,25.052287626833813,34.27366362109628
259.54474088837225,88.61914233142126,25.357616505966604,34.0672647798072
259.4879901257046,89.51211334619299,25.47111803130187,34.144186646321984
259.44139725493085,89.86133294630858,25.5643037728494,34.38020135974459
259.43639969303314,90.29044852570628,25.57429889664483,34.4615293138229
259.455776663386,90.69433397429418,25.53554495593908,34.59471511506355
259.5056427717227,91.10107880378676,25.435812739265607,34.7235688841806
259.5999020108553,90.93306682656062,25.247294261000416,35.05959283863288
259.61896737411405,90.93822466624627,25.209163534482943,35.04927715926158
259.6867099790277,90.85568780543323,25.073678324655653,35.214350880887636
259.77168143089443,90.72629944676514,24.903735420922168,35.47312759822383
260.26890606283666,91.26627616438026,24.854544703276286,35.33843270923216
260.6560796134166,90.85004588798168,25.022614105919644,35.22847675822617
260.5811266098279,89.1024409640777,25.172520113097036,34.949597191750115
260.54988064808265,86.3993612972735,25.235012036587502,34.705136118388
261.03422022260304,83.70882906194964,25.205428508381296,34.45162686402817
261.5706839435198,79.96230642414633,25.06727237844769,34.46650164443598
261.7433311846032,76.01129301730863,24.721977896280777,34.90666406912368
261.28234966956705,71.68993820873828,24.710222767265815,35.14591025447791
261.68566255029714,66.49017161678329,24.840732452870338,35.23695352067537
261.18498859850575,59.97092101659464,24.90142245896395,35.1062441562034
262.2118529431803,56.05727467280489,24.727060491199644,35.416069957443554
262.25580227210924,51.68022088073314,24.639161833341767,35.696793734654946
262.53276416806506,45.000128007182276,24.085238041430145,36.78151443029904
262.87263454221227,40.22837807514856,23.40549729313565,38.714002856813124
263.6489806354163,35.625453288909455,22.821638648921216,40.169184091742714
263.838050572287,32.40052915888273,22.443498775179823,40.735859045149425
264.107720754902,30.15356838396777,21.90415840994976,41.29994620551552
263.7418805376191,27.686588295286857,21.654299699586208,41.3262106582308
263.34584285306914,27.71815044589185,21.468734489074883,41.26308635702081
262.8221828988447,25.927006054736747,21.54252516862991,40.95125822375535
262.8216089267265,25.9483671822342,21.54367311286621,40.90853596876045
262.813485853083,26.029618954537582,21.5599192601533,40.74603242415368
262.761623831879,26.145806968579915,21.663643302561333,40.51365639606902
262.76293054969017,26.666374030740517,21.661029866938936,40.43839633346692
262.84950327008585,26.62388540144376,21.487884426147666,40.52337359206043
264.41684602755623,26.67338803207093,21.242221627462627,40.4243683308061
266.9209055725002,27.33212019256072,21.0208201164376,40.06424752559908
270.41695176317006,27.876769921514807,20.666570276785077,39.923211287931935
273.4251216186311,28.907997594110363,20.29090422077426,39.74098049437792
275.8871996012591,29.502110654169567,20.02165027965357,39.483734779086596
279.6736125468075,30.282037111588025,19.82944624955145,39.76903732949832
284.1395683266631,30.5594034137716,19.208400505308347,40.13773426018317
287.9811933408254,31.492050973076868,18.86948204751963,40.108522034206665
291.68329676952646,32.9662192202951,18.75902468485194,39.89534160029559
295.2311783112609,34.56134787585214,18.916827346789567,39.42517144370895
298.5932131428362,35.32096404021795,19.413578071333617,38.80854166343916
302.01234296438827,35.08061143113805,19.793048882118295,38.387030574862855
304.20028435327674,35.747658349235394,19.930125420040262,37.95552860180791
305.4839901698861,35.40200505508058,20.058580612656566,37.74821291483917
305.895494450163,35.401096505984555,20.133353705193684,37.75003001303122
306.80837647773654,35.43703493257269,20.105766818193523,37.67815315985494
306.72458355525174,35.48220048964792,20.27335266316306,37.587822045704485
306.6943584501763,36.01976380651689,20.333802873314006,37.41179486507099
306.5871699659074,36.55593190217157,20.54817984185182,37.23700180007623
303.76964633942816,37.13132852450326,20.791473314701193,36.98483418543102
303.7923140607073,37.20607639191882,20.7461378721429,36.835338450599906
300.0935458413663,37.287686132858155,20.97511327313609,36.67211896872123
298.7420880779396,37.37264223181552,20.98539521839322,36.50220677080652
295.31280727478816,37.39521020314842,20.68230287979596,36.45707082814071
291.9711293945172,37.32026005041722,20.250447045400758,36.60697113360311
288.6671781430289,37.25781263821294,19.784175173057267,36.731865958011674
284.5976421548399,37.81244045477389,20.019853712141913,36.50076515125571
280.47605236489886,37.92351443034586,20.35402935845788,36.27861720011176
276.9632654446176,37.805125669787074,20.33006397155293,36.515394721229335
273.46630874308204,37.115005065826566,20.249759985049465,37.01135875545353
269.5505269754544,36.23338570255602,20.069379569277196,37.884381487435995
265.4448788258428,35.58582274219356,20.180984352080728,39.17950740816093
261.7388329318957,35.58148502869219,21.14698881940337,39.18818283516366
260.50705864810806,35.18985112733874,21.735419601362004,39.03389174506221
258.1557345537578,35.06692938485417,21.711465246773756,39.27973523003136
254.88058332509823,34.45863201891437,21.62201339721873,39.54779363235753
251.0605018345519,33.69482000832308,21.65450084984552,40.12445821248188
249.49544957904072,33.55500183900402,21.904612313024458,40.40409455111999
246.81966237503477,33.655080876898,22.414273136274282,40.203936475332036
242.8039019446459,33.78293201981242,22.652821542381695,39.9482341895032
241.0322620347627,34.09100603382852,23.272898275283442,39.33208616147099
238.48657961589566,34.28799208455651,23.48539191093613,38.93811406001503
235.6283334796788,34.34502704129876,23.360843024546828,38.824044146530504
234.27574886430926,33.95146695988571,23.156861404792558,38.641447359192185
231.37457565639724,34.762928496520026,23.177775950840857,37.98209626421951
230.95037169519154,35.55870496929791,23.072057074447383,37.344670117468574
227.71588520894295,35.9339131696048,22.940956424817543,36.594253716854794
227.34710583460136,36.74294224588647,22.749024446938858,35.90568629085335
224.71313717586918,37.03026403857777,22.520905429200813,35.33104270547074
224.28924120601573,36.903550531622955,22.465077435698305,34.68084978617102
223.538740228806,37.207677280034765,22.180138425513853,34.0725962893474
222.47988148014034,36.90003455262762,21.660480974034602,33.808756761224814
221.0737704342212,37.35041708780884,21.006621137538513,33.774512172945975
220.01814123873183,37.30997530938001,20.552640082692218,33.85539572980364
218.51662448009495,36.39642104388992,20.161009031034734,33.985171976318185
218.3164529525969,35.75180394787376,19.717352129671596,34.430406211991325
217.6136218785557,35.570417929676736,19.43682876650985,34.793178248385374
216.50187920041887,35.95351120040299,19.12925282892045,34.87067880488722
216.60462940575079,36.41423652636993,18.923752418256658,34.78882012064397
216.27178334155423,36.479694535254126,18.7545631754122,34.657904102875584
216.2866702863607,37.36259098686454,18.724789285799265,34.552244283192834
216.29602257522566,39.14715246857721,18.70608470806932,34.29513732806106
216.28841937321,41.748056486973375,18.721291112100662,34.036741133305924
216.35078156472173,43.088635121937976,18.596566729077214,33.81665508657406
216.71679091620757,47.25102602447505,18.679538014392293,33.64177316436743
216.54938124002996,50.78402519079314,19.014357366747493,33.086386166008495
216.86528208908675,56.986209708325525,19.193867426345307,32.85169349661457
218.83058093779835,61.96919697889492,19.317647944319482,32.61622667242948
218.7729533029313,67.29061551368916,19.43290321405355,32.49657586445579
218.67775565175668,71.3471748309301,19.623298516402855,32.47989073358839
218.50266884966305,77.09698494945609,19.973472120590092,32.35667243805701
218.83033503981227,80.77586359808322,20.13478796744003,32.348749185138495
219.59656246494907,86.10816518032064,20.24080039035423,32.334183296384325
219.55369240561825,90.57353335502683,20.326540509015913,32.43215252380456
219.47698583070186,93.86710970863157,20.479953658848654,32.43449461877113
219.38874821721524,97.13379298010128,20.6564288858219,32.51142767618606
219.41433414912916,99.57981811716314,20.60525702199405,32.6016830226056
219.0350745044518,101.51651119284087,20.53289976455624,32.88267960521279
218.21513297439682,102.28797991706341,20.505069004529428,33.00745597690447
217.74388234300284,102.61507586106171,20.612320151476744,33.18851420474847
217.68648632882253,103.03854893429096,20.727112179837384,33.181312264730835
217.67143715017926,103.01410126940632,20.757210537123935,33.2302075945001
217.63555745943117,102.63269998293029,20.82896991862009,33.15021817438109
217.5879977552293,102.22862605848512,20.92408932702382,33.11556584896534
217.59773454121182,101.0209596343569,20.904615755058767,32.99927777213993
220.14647549965258,98.9494920558619,20.858010235313724,32.93314926484956
220.2601674081068,98.857321188091,20.63062641840527,33.11749100039133
222.41228823820444,97.1903830182783,20.521348061941364,33.095396697031674
224.40557029637213,94.90367001920796,20.71894813549201,32.64782566730912
227.59634310028332,94.13994042515586,21.00512112597434,32.50835520583718
230.388987360476,93.44265537355152,21.272916822797157,32.23061553270065
233.67196098397932,90.57051742542225,21.398585047237866,32.119727891442764
237.3375271264086,89.13820862652076,21.599331824926058,31.63684368366942
240.68504687667416,88.89323036954633,21.5678677939053,31.29385326392948
245.29706260392487,85.93790157800625,21.443761590340745,31.41364932368623
249.1425603302161,85.44647559224853,21.195926809307693,31.569483442807282
253.14773137755003,84.91616213277085,21.438154615855318,31.804853371641094
258.14375707512687,84.35677254686605,21.439760969302505,32.090827731067264
259.90632144395573,83.95375585092471,21.263131535830247,32.0597362969036
262.611337214117,83.30144876486509,21.689193977907657,31.696895045480016
264.9452494368738,82.92419585495475,22.03338423714678,31.616065081175243
265.4776636389745,81.8768668607371,21.808356424040753,32.03112188741977
268.561797020108,81.20498405957503,21.536418930010985,32.53255473713859
269.00997069229504,80.8777473666964,21.485426010356882,32.3416736981759
271.12823555265953,80.49785998699407,21.457124427679435,32.259802829970226
272.07900628707836,79.24892548857221,21.235478948280985,32.23782784265521
272.51520366603063,79.83918613147495,21.19902220015842,31.893244566631765
273.3689552231332,79.86903430117974,21.151852594420518,31.833548227222153
274.1536841439406,80.02141989772606,21.239371903908673,31.52877703412951
274.11968509728945,80.04556897314907,21.307369997211026,31.480478883283492
274.0903019494068,80.08924731353213,21.366136292976265,31.39312220251739
274.0019504186616,80.12937252781322,21.54283935446673,31.312871773955216
273.6002551663264,80.17041134721936,21.519090970223026,31.230794135142922
273.580039517922,80.11486829806611,21.5595222670319,31.341880233449427
272.898140453954,80.41819811451245,21.267618252571467,31.563071671754923
271.7186996409508,79.84635768829096,21.14745428900264,31.88040399433949
270.5299471350316,78.8844118024476,21.03760455126605,32.14605926630959
268.3025237436509,77.29179955153872,21.336082208229172,32.00618846748876
267.50392163227946,75.76389194045484,22.099151267058026,31.725463034000146
264.6099538398268,75.82026650374495,22.831884085401377,31.61271390741992
260.964075135974,73.10762487807695,22.447698540210496,31.920701856824884
257.802598573719,72.90916165800796,21.960883352572125,32.31762829696285
254.55723457300752,71.94436957355241,21.658304455191796,32.54888574117314
250.40917760835922,71.56410070779638,21.478192969430168,32.46180093117937
247.11011033234314,71.66962895356045,21.329713112039933,32.25074443965123
244.13182239166917,71.49313205309547,21.422409815035017,31.766041215102224
241.16107077888327,71.47210939200856,21.540185662020864,31.80808653727603
239.1510773963222,71.37200271831244,21.387458203039806,32.00829988466828
237.62140794669057,71.32756479210845,21.10672113927525,32.09717573707627
236.0233820039813,71.35721167897101,20.9760099186725,32.03788196335113
235.51567339516194,71.42556302275398,21.162797678029467,31.901179275785225
234.7029262328486,71.48973728256709,21.128923019160865,31.77283075615898
234.3500615081146,71.47262135021613,21.007455102160527,31.807062620860908
233.54873172079468,71.1374712097303,20.95872678545704,31.651668956160904
233.3048911114803,70.59810504207246,20.623852779935717,31.907846067326435
231.35053196153524,68.194173289332,20.428463679465928,31.79078069237556
231.35513958239127,67.85323364452702,20.419248437753886,31.65684546028925
231.05043620862597,67.54079713987245,20.214996622047174,31.46805990636104
230.68954431533245,66.40236481372033,20.129349085278204,31.322630588597235
229.94956709958998,63.94013958768576,20.001644623634668,31.424104361280882
229.5687520463602,63.48049997481468,19.96006002533073,31.540168882259564
227.13822969583117,60.71419758127203,19.995587862521944,31.443003994833475
226.75408395371485,58.70807382854797,19.96048355817199,31.43827255736864
226.3310531975192,56.444878297261816,20.003806182380906,31.148230290846712
225.48414672427293,54.42222868756579,20.099360534409996,31.197883024080085
224.58536795855753,52.924742210117316,20.29398882548226,30.986997498259914
223.73069678634212,51.75097601157845,20.400232301405552,30.929881592576333
223.15208520078858,49.470876256779206,20.754995736285636,30.67532268481313
221.5552327228116,48.3113683606419,20.730607690875388,30.5807687260646
221.55839796005094,46.761303902813395,20.724277216396732,30.470103006085377
221.53469010340692,46.011718883983825,20.77169292968479,30.367412165609068
221.61895683115242,43.19955364727884,20.603159474193795,30.390551171264278
221.67297275199994,42.334527143490455,20.495127632498736,30.5251430634295
221.59613888469073,40.341481420137214,20.648795367117167,30.521418703948672
221.10349100774545,39.07260410643913,20.83363856355166,30.65781565897651
220.6198715574785,37.464188010455516,20.99531579813845,30.6524011871554
220.52587808771483,35.44150844043955,21.18330273766577,30.656991764108067
220.09259607560722,34.51350886868615,21.23853901166958,30.890335407191984
220.10280685781368,33.55547821641722,21.21811744725667,31.174891088601626
219.33460974452686,30.994446696426266,21.11511999914809,31.378779104536928
219.03518814486264,29.106289132091703,20.892908747262595,31.87087642835031
219.0143626136978,28.992509528628567,20.934559809592272,32.09843563527659
218.64929097653658,27.65507190247963,20.835856519131443,32.28677119322462
218.32952596552408,27.99678973173433,20.64536578674724,32.43335628912442
218.23492813180368,27.955418950716613,20.834561454188005,32.516097851159856
218.24481148214792,27.8339555163891,20.814794753499534,32.75902471981488
217.741727743029,28.60886097551746,20.9842364269131,32.88266541120666
217.72510142341736,28.530171365752427,21.017489066136434,33.04004463073672
217.71369058965905,27.997626368953526,21.04031073365301,33.26082798894764
217.62866992601687,28.394014498883017,21.2103520609374,33.31603544539854
217.66490891363878,28.353116768794667,21.137874085693568,33.39783090557524
218.10203095048652,28.409543652249397,21.11528871062746,33.28497713866578
218.09905769654068,28.299475279368984,21.12123521851916,33.505113884426606
218.11437293699112,28.176369281056772,21.09060473761827,33.75132588105103
218.13881514810586,28.57185164051861,21.041720315388794,33.81650175674383
218.25387195706486,29.321913641679604,20.811606697470793,34.02896444516757
218.31253973776984,29.64181060631317,20.694271136060806,34.244767847400084
218.81678714652313,29.53026212612243,20.542610040093784,34.46786480778157
219.34147320362973,29.841761437220697,20.350830907515878,34.70245916722034
219.8416467054596,30.6730688790572,20.208319683932828,34.755515843700586
220.8176309183136,31.12133709724196,19.96877745374167,34.7151925050895
221.39754207703635,32.40046685215704,19.660517907559814,34.711621309050294
222.33495956801798,33.022210223625706,19.478250435201755,34.31441832091554
223.65634289017626,33.16471975903106,19.34745732056848,34.02939925010484
224.11521588011786,33.331688295421934,19.260606793617633,33.69546217732308
224.5924010873033,34.318006330993576,19.130724837400823,33.37180302248788
224.58053594781154,34.51144596424666,19.15445511638432,32.98492375598171
224.47965059475328,35.15027523663016,19.35622582250082,32.51944711909168
224.8478468434658,37.732615854247655,19.428524147438935,32.20691081803544
224.72852912788372,38.55579455086092,19.66715957860309,32.171090414571594
224.76444980217514,40.8176956288069,19.59531823002026,32.49976875940218
227.18364192894217,41.470840532142745,19.631482611547767,32.81832849775103
228.07506075450306,43.657241047622286,19.4841723218979,33.352109551207676
230.1064362937891,43.109486910574496,19.537383433882322,33.62442538719195
232.80483266095064,41.999459819673284,19.93745783805926,33.36010793820863
235.3018119210646,40.12577836733261,20.76020985341001,32.952677603190935
235.76980387562205,37.43782722358795,21.501633476889502,32.457653526599884
238.4630044419905,37.0887595934478,22.020809311916558,32.31213493434248
240.76807040597595,34.13061936512711,22.51110966782435,32.27791105979199
243.62262141050724,32.70282752365801,22.805575710530334,32.560537006257974
245.65356870562806,30.21662764635731,23.07751482153152,33.19910305961649
248.1506150315048,29.515154263791125,23.36867501460111,33.72117435061169
251.26058849891854,27.585991781230646,23.403536837668053,34.00532288265012
251.63016725648947,26.61672902196432,23.56277764407733,34.14705175808064
254.7397754903104,26.444639715551283,23.66569186029764,34.49123037090672
255.16269348556142,26.397212095356146,23.729897828044724,34.586085611296994
255.6428893444491,26.25556338152467,23.682036297131944,34.869383038959946
258.0259540542762,25.20197328938413,23.49590458072465,35.14456414194226
257.71433173443705,24.633959483786477,23.20209972699219,35.36354225972677
257.79219741214183,24.58065629585722,23.04636837158262,35.47014863558528
257.88800957220633,24.5233553057862,22.854744051453565,35.58475061572732
257.9426031862711,24.013357347693162,22.745556823323973,35.69176613958178
257.9969760576585,24.37585675339121,22.63681108054922,35.879524865010936
257.9723267972346,24.7473685055451,22.68610960139714,36.05024501254558
257.9500961948505,24.976930477830983,22.730570806165275,36.508235813989444
257.7922876013123,25.19739931085,23.04618799324171,36.99198486120543
257.00620779470233,27.3361069123605,23.681166787821226,37.40047375138623
254.8990258526606,28.577189712129314,24.07995298204583,37.77999141924277
251.56303715097485,31.939507523620904,23.988384716790357,37.81890146488655
247.62079560508167,31.97034995230431,24.150686186803423,37.75721660751974
243.92984896753816,31.96144482259823,23.796090793491977,37.775026866931896
239.33623108841735,32.28848145726219,24.330688443373674,37.12095359760397
234.81311038364564,33.13794835603596,24.732054674272298,36.382561486572506
229.82449161339778,33.19249394321564,24.191980728035563,36.27347031221317
226.37727239396662,33.1024930984492,23.522147462381767,36.45347200174603
223.87847608720668,33.032280194335904,22.89717973663465,36.59389780997263
222.1967954184241,31.68211418008433,22.54552967458269,36.50797128876294
221.85886652746325,31.333538963855606,22.2998055466618,36.28353981137777
221.8877929579559,30.607489669250555,22.241952685676473,35.907399011408856
221.00563890054391,29.88914017620061,22.191161208177835,35.52899840518615
221.0361945536535,29.185426845651627,22.13004990195865,35.13430268661742
221.0566912227704,29.315787429275474,22.089056563724828,34.87358151936972
221.15400337914357,29.404287466340392,21.894432250978525,34.696581445239886
221.29386088983205,29.4617669596942,21.61471722960161,34.58162245853227
221.40060066028212,29.51701853793497,21.401237688701414,34.47111930205073
221.95730217795025,29.506899706241587,21.159903198652902,34.4913569654375
222.059461739386,29.50107497335154,20.955584075781402,34.50300643121759
222.93424288396858,29.587318103765604,20.93615123609127,34.33052017038946
223.3863757654565,29.679963177812684,20.894059245444673,34.1452300222953
223.83711172004428,28.895149180006776,20.851298455598055,33.997435779249315
224.71328323140804,29.388227758969172,20.810544612036196,33.86707321090735
225.19644364964537,31.13278513697476,20.697394663171558,33.79064200533634
225.16473822496707,32.08738046409009,20.760805512528183,33.58172072386889
225.13590460564293,35.63133879719689,20.818472751176422,33.27851580379208
225.2238796246616,37.53469538545404,20.642522713139073,32.84995280956823
225.2656799463682,41.21561561376619,20.558922069725924,32.16973946564673
224.87812532583064,44.42361996531479,20.510377820574682,31.51930519413429
224.63838791442805,47.43224247539185,20.176733834417046,31.193891836719644
224.82201380234477,50.66994255802882,19.80948205858363,31.140045717091485
224.53574498742097,55.11136450536874,19.586255290704706,31.010610197403786
224.658174507216,58.341186251504446,19.341396251114645,30.87179123095338
224.6792616290431,61.89819080616718,19.299222007460394,30.8132193546044
224.72964073580388,63.80968509126101,19.19846379393883,30.90202307665582
225.22757139373536,64.09235089026828,18.984597342957603,31.11868634352299
226.8735747041436,64.80650299024558,18.819119526078715,31.253646545537205
226.85238783813946,64.82487737599803,18.861493258087012,31.216897774032297
227.18935549449716,65.22614638483279,18.968580911485923,31.195382722477042
227.78691337932534,66.00494314413756,19.338472137481276,31.202796199519202
227.56388717883235,65.98709772264644,19.78452453846728,31.23848704250146
227.25949249929894,65.95751755581365,20.393313897534078,31.297647376167017
227.82161855562202,62.67387301463891,20.884767520595673,31.402113515685347
227.6832481679466,59.849646402258514,21.16150829594651,31.327470399429565
229.71168521664902,56.25311627360877,21.209894737823785,31.131061686021333
230.0511484385916,52.73671988393673,21.34986910955698,30.79374712479961
232.62096641087516,47.06836910753035,21.10705113265726,30.704540086388615
232.78751656707607,44.074618496911654,20.773950820255454,31.01655006765772
234.11933990280252,40.68229362201038,20.54018967664606,31.32150507654427
234.98706148386123,40.22166730161127,20.42605309850405,31.432104425354783
234.87628883484652,39.80206963420884,20.64759839653346,31.460889642325256
234.47195099715447,39.68357515606258,20.641747215335084,31.697878598617777
235.74261884841337,39.89317043211676,20.5543455173052,32.09666604800537
235.69575934368538,39.76965395535616,20.648064526761196,32.34369900152658
235.69336421389218,39.671606944452634,20.652854786347564,32.53979302333362
235.64016190212885,38.45860960344437,20.75925940987426,32.47354352743893
235.5153046068299,37.72979226084782,21.008974000472193,32.26810806260214
235.39185870026986,37.081467629783205,21.25586581359223,31.899508017837864
235.336474302108,36.01536945953118,21.366634609915906,31.53809261439625
235.37160984213764,36.09835075737912,21.296363529856627,31.37213001870036
235.69932149769573,36.25027682446235,21.464895701466943,31.06827788453391
236.5035323889958,36.39669105167637,21.500812812610416,30.775449430105862
236.48219642055503,36.526610351754684,21.543484749492016,30.515610829949246
236.1110255170276,36.56777371671042,21.470693642532396,30.433284100037774
236.55721205326645,36.220670167049455,21.391012926074204,30.31479884334018
236.49892738979156,35.958064616226736,21.507582253023983,30.03041726007134
236.87641046577966,35.67811816320891,21.559830099485055,29.783096167669726
236.88504105452242,35.441694462785534,21.542568921999518,29.45161269234766
237.77324568966128,35.585536029218204,21.364216966532098,29.16392955948232
238.32997521559966,35.63425934594059,21.042506944455923,29.06648292603754
238.48608021654738,34.461951327173125,20.730296942560486,29.056095190429726
238.20344879989992,34.39004517731512,20.51584130915397,29.199907490145737
238.06294065378498,33.794838821631046,20.01849599960925,29.611958599739264
235.94703509092682,31.504206227830778,19.592192243349675,30.311461385693278
235.28127749398558,30.039572229031833,19.36419190012483,30.90145607763014
235.32689027423746,29.062795901944927,19.27296633962104,31.28548630514026
235.01215202940375,28.023575092061755,19.113488836655666,31.786019939641005
234.61870811579465,28.293390076869386,19.106660401120987,32.04010623277867
234.2542224050541,28.07586530928568,19.0382587829509,32.475155767946084
234.70219398254986,27.80291558341461,18.944984994270843,33.02105521968822
233.93707622180588,27.55796714335274,18.85687926457326,33.51095209981196
233.60878688368817,27.22199545627091,18.698545513514173,34.18289547397562
232.78945186088058,27.883589942225267,18.692972971877893,34.50394908931832
232.4478194109622,27.66227495021813,18.549487599037008,34.94657907333259
232.50490929709724,27.479117116558747,18.435307826766973,35.31289474065136
232.5428724923675,26.880431980202427,18.35938143622646,35.676048495765535
232.1844572946855,26.70647156515348,18.237979555978225,36.02396932586343
232.6271374172379,26.60084657388169,18.1938513948161,36.23521930840701
232.66964785718656,26.528014000495254,18.108830514918736,36.38088445517988
232.74288331848308,26.412983622426175,17.96235959232569,36.61094521131804
232.86350522527704,25.797755350991032,17.721115778737758,36.99636143157025
232.89692165212858,25.256427982314428,17.65428292503468,37.232545997959306
232.93585860645493,25.13455452119389,17.576409016381984,37.47629292020038
233.4354119725523,24.47189589014424,17.428233518340516,37.95067894814646
233.45361837863476,23.461248112101533,17.39182070617557,38.26151027851811
233.3990247133616,23.39983649578622,17.501008036721906,38.38433351114873
234.22515523362546,23.51455824184412,17.574335457708386,38.15489001903293
234.98691044774233,24.020398314459385,17.77232221503948,38.00395846658482
238.0875034750177,25.088822812556096,17.605229818708843,37.59113622988285
237.95246754229174,28.039277881997258,17.87530168416078,36.80884005357568
238.57030551296833,30.58036260733132,18.332458168276894,35.958751666580845
237.67886558741927,31.600413890039388,19.273431471119817,34.76055564941995
237.2166642571247,32.54628827614834,20.197834131708937,33.70923285794868
235.49125801137194,33.05039063571198,21.127068534858704,32.7010281388214
232.94340628818202,33.54492292493261,22.017430826366883,31.71196356038015
232.08661921431406,33.55786803912636,22.890022347028037,30.845090704917858
230.32948163057895,32.32444376731489,23.87768647869695,29.943124534139066
230.35140686924186,32.269934311324775,24.678363329180225,29.207616118310177
229.61070806071524,32.135021737314005,25.31361127578653,28.63129159588479
229.41910455852388,30.563666069723183,25.696818280169204,28.384305249910767
229.2103763108432,30.708328993197977,26.114274775530568,28.09497940296118
229.49819790516582,29.476488071721874,26.39047049045773,28.00314453519616
229.4497629225541,29.45789295436047,26.48734045568119,28.040334769918964
228.90602248540503,29.892071205342948,26.717922437233483,28.028877160699885
229.3793275724692,29.85137881568215,26.63168035782448,28.11026194002148
229.77780488219372,29.41577874010909,26.695000637796255,28.121187191746824
229.82120566850105,29.367936893453244,26.608199065181637,28.21687088505852
230.0768008588997,29.964280089264854,26.958575731322274,27.885751540373295
232.9629235667395,32.7389051180658,27.219853582407183,27.50809285428383
233.62763864931233,33.39089961428985,27.61068484724946,27.064234576829662
235.3082609515425,33.965312802113516,27.686598385997986,26.774697736984542
237.05536898101627,34.01872751668954,27.61603341761321,26.667868307832514
238.85064493097812,34.42958578217803,27.437970308833226,26.699273974641443
240.87911661101208,34.18409056590686,26.784347095358765,27.190264407183797
243.41975268896337,34.223576322846824,25.94451430360258,27.959580766133136
242.02049913451052,32.20277716952678,25.354873307290408,28.61303096755529
246.57577981469657,31.887228810035893,24.72231601190463,29.24412768653707
246.4261943129579,31.555343928971567,24.174069140809202,29.907897448665725
246.98589391029088,31.87245740342449,23.903451178623047,30.122451732239735
246.25906555661828,31.692572085439984,23.66173426962567,30.482222368208753
247.32706448387182,32.331804047642464,23.224254507492567,30.902276536177748
246.95209530835774,32.236434542192896,23.125662331704568,31.09301554707688
247.44444444995887,32.75130224216236,22.990781358290032,30.913097456925684
246.9509644474312,32.41460466208835,23.132858888256816,30.741610141985134
243.86247731669854,32.50788046556015,23.397648806711405,30.555058535041542
243.413277446345,32.505748297200206,23.44997383909308,30.559322871761424
241.79929946129056,32.44959615334993,23.28996516100756,30.67162715946198
240.70098453647364,32.74556738890912,22.948309384259773,30.925779897137474
238.78833368129068,32.67655071684602,22.55170701067035,31.063813241263677
238.99033549936073,32.60863282591211,22.14770337453026,31.1996490231315
239.18670804871041,32.5531693810063,21.754958275830884,31.310575912943122
239.30678575291566,32.20286401546692,21.51480286742035,31.180581221208072
239.40584387536305,32.30209014864063,21.31668662252561,30.982128954860656
239.52085373729798,32.37095021090032,21.086666898655732,30.844408830341273
240.0569006780039,32.41556822501137,20.82712515614886,30.75517280211917
243.11992210625107,31.952720542851225,20.349502374785544,30.873951012849307
243.81103748225402,31.406044313422605,19.76805032167435,31.166524772811865
245.57300220602318,31.44686493557287,19.425991952170833,31.084883528511345
246.49394324452484,31.25517968074313,19.161169963360923,30.679723994074074
246.93713244710682,31.101256435051333,19.052849333688975,30.20951270996571
247.03008177823892,31.301247864734336,18.866950671424746,29.809529850599702
247.44652536898494,31.91011557893816,18.79422157785535,29.351952510114714
247.36160008852298,31.730292347564763,18.964072138779276,28.95948830244032
247.38819370604946,31.496115761931073,18.910884903726302,28.678772474947735
247.3849808984348,31.49785123176889,18.917310518955624,28.675301535272094
247.43415653411745,31.13594291865872,18.818959247590325,28.65508392515936
247.5218530369435,31.10237058532394,18.64356624193823,28.722228591828927
247.8448045661829,30.750351050407264,18.73784722746876,28.68608361765296
247.8314932015791,30.748396364835575,18.764469956676344,28.68999298879634
247.00082316911823,31.170818547427658,18.942382783968725,28.58686224242685
246.6154992185962,31.105877830027556,18.969905781348437,28.71674367722705
246.14137972870387,31.51904382999713,19.172615692964467,28.63594074545649
245.6859245482322,31.226166511393075,19.335845083599445,28.474014412356272
245.9967345759801,31.31542241547413,19.462177306183893,28.29550260419415
245.5657010873299,30.955644391311896,19.57688859693873,28.267702965973065
245.8890187418496,30.220803848718,19.679084210060275,28.239722206838817
246.26806067617906,29.174871116304317,19.67109533437403,28.081302692748235
246.23506862069704,28.8656752488606,19.73707944533812,27.952119502657077
246.61422405054867,28.16278502305201,19.72548106278636,27.864474999971154
247.0340752676057,27.86967577058985,19.630977235578634,27.7054948979891
246.71964888829456,27.50390888280539,19.518586339547614,27.69578501890471
246.73305026371105,27.554694877874567,19.491783588714583,27.594213028766365
246.7198305359265,27.57151382874433,19.518223044283708,27.56057512702684
246.72204501828708,27.575750280336457,19.51379407956256,27.552102223842578
245.1354437533659,27.205090883751314,19.738996702580224,27.556421040306695
245.13067130176086,27.485593365962366,19.748541605790287,27.73618312759022
245.97483159261287,27.691450542914573,19.54750177068203,28.06810914698366
245.6316982222033,27.210125181200702,19.4884295864526,28.285420945362844
245.66924211629097,27.896822770658382,19.413341798277276,28.407300750489085
245.25272419164506,27.56938644085812,19.498146771329253,28.31394253384976
244.46657904260047,27.53265509161331,19.573982423479237,28.387405232339383
244.89831555361081,27.8644366614052,19.461094949692733,28.47442764098976
247.35969340428292,26.19477791512652,19.03851938579968,28.813625041912992
246.4017571907138,25.45637485105833,18.710029092745152,28.794189356587516
244.63919967735893,25.741327648276314,18.523307187215792,28.22428376215155
246.5221663802998,26.01936730122979,18.411016713091783,27.668204456244602
246.81308316016845,26.608166625311462,18.549711279429186,27.21113393415595
247.22429821152016,27.155668588757642,18.443242190828347,26.832091021366256
247.56837600512188,27.25368074828033,18.463585513694426,26.636066702320875
247.97287283004528,27.520055202787727,18.360475042472128,26.809200971930615
247.43920654721913,27.677198304076438,18.014233790797515,27.201701678016626
247.64996649413382,26.34034854765785,17.592713896968142,27.75456296569447
247.11898044271413,24.42179757463618,17.238293497387442,28.05068365568756
246.4959900965659,24.734605851230913,17.070922501934433,28.13174294637283
244.0407102096512,25.200214170568156,17.045987946539075,27.905596926159028
243.2724000948225,25.58183772731961,17.180029500611404,27.843639150448663
243.26095943738937,25.227225866259488,17.20291081547768,27.850246100497106
243.6952959172833,22.500113596843864,17.037336668305844,28.382778951016228
243.62678844148198,20.24833836450189,17.174351619908464,28.636919747794906
245.03618363560315,17.583571763794392,17.21282092882352,28.966248479184422
246.45258197706596,14.928120516370722,17.259425393889227,29.238198965046948
246.7455743881834,13.026897438637857,17.398109619420477,29.417299881681956
248.879502112147,10.057842643233583,17.50823914007265,29.51809618105141
248.78254960445412,7.405404455010061,17.70214415545845,29.69185838279317
250.1836892476877,6.584633801894601,17.855315110098992,29.855674568470214
250.52577159528596,4.825559694286541,17.915024503085537,30.398326430954096
250.91713155657672,4.532671156911297,17.88523413727506,30.984103505704585
251.32274137412483,4.984441186961803,17.835114399563782,31.602763240373534
251.58086597285865,6.073285787777248,18.088257690279995,31.733251503294262
250.8094003485475,5.8912378810901735,18.07995827119295,32.09734731666841
249.69462434862663,6.042344556486153,17.966956153276755,32.575985338462424
249.13164493729195,6.064352038189586,18.306928079249733,32.53197037505556
247.51619731411245,6.060841450983602,18.37333714986348,32.538991549467525
245.16294702864403,5.560817191086365,18.32571927690224,32.74668699527899
244.919688803479,3.2653634151669984,18.01762674867721,33.36454965434238
243.36595621846195,2.5811468503480945,17.9312631060776,33.934525580821756
242.77270899022915,2.989299793776702,18.312405563902903,33.92357169260483
242.79237450465445,2.0081879937901057,18.273074535052338,34.2623674822432
242.39111591047228,1.8166654555690975,18.259571727264085,34.645412558685216
241.42189526619305,1.798591117106298,18.555189461545403,34.681561235610815
240.5132019222517,2.8716769669097566,18.718564550722597,35.01640693406218
240.09583876747453,3.8765507302043574,18.71857031616414,35.51082103981153
239.69626358013574,2.7019638941078696,18.675741259743283,36.17603584980771
240.15882904947563,5.97032152033152,18.60160595805081,36.44728569325869
241.4549055272256,8.973248122483227,18.57052481860756,36.41726672642096
240.808241738514,12.231696652076632,19.01113638710935,35.869381729684115
241.148211432541,15.418365154269608,19.183453012104724,35.46183681664374
241.1343218013255,18.572336487423573,19.211232274535693,35.0984059956155
242.02192776882896,22.298399597494452,19.12470574301571,34.40102138942136
242.05216870390458,26.300242086815047,19.064223872864446,33.89069081387794
241.67902481045235,29.257274630584206,18.986472488069673,33.74489992823422
241.61045855259962,30.651613724446314,19.12360500377512,33.41792177427958
241.64120332320937,31.566460610301988,19.062115462555674,33.224356396448414
241.59286844662418,32.49698000008621,19.158785215726013,32.991639189463626
241.5415541742965,33.90478908037291,19.26141376038143,32.613084650545666
243.50514951756236,34.09975109348794,19.376626284972843,32.2231606243156
243.8714163521724,34.67863312633261,19.44872921143098,31.870033154304473
244.70295345259174,34.75667920992075,19.38685712761214,31.71394098712819
245.02769791640438,36.096523582862375,19.53460871289614,31.425973779972853
245.75777268669702,38.540508298504605,19.665322879433234,31.31059547005554
246.01608902357512,41.46623955910254,19.944590385343325,31.030434206523584
246.7545399897345,45.02427802984041,20.0604508452418,31.08178803002548
246.81430467482042,47.132059477129566,19.940921475069974,31.66070656526628
245.01633482373808,50.41856048888454,19.508203977769956,32.33928750079281
244.65726625942918,50.74276784100368,19.417765748174265,32.499448154768004
244.99694101204807,51.17053293582467,19.54784724384141,32.45334896603104
244.5848913697086,50.23259257530981,19.56100994845749,32.707356526934966
