96.5,83.5,16.0,16.0
96.08785661251963,82.67689902029548,15.824286774960727,16.143272825550767
96.1495057181059,82.88920594999064,15.700988563788208,16.221071971026458
96.19601492664945,83.10941776202654,15.607970146701092,16.282335828921493
96.25023491056757,83.07727637693681,15.499530178864866,16.346618599100964
96.29616873080909,83.04467612988303,15.407662538381818,16.41181909320852
96.3461229572251,83.02548012161387,15.307754085549787,16.450211109746835
96.39595405602394,83.01571125083227,15.208091887952133,16.46974885131004
96.42120907040373,82.98426993019544,15.157581859192526,16.532631492583697
96.44024746316099,82.9585068912336,15.11950507367802,16.584157570507394
96.47966188068455,82.95723789528857,15.040676238630907,16.586695562397438
96.74419853497238,82.95244411557016,15.008526553363884,16.596283121834272
97.00676239971598,82.96341858138474,14.979959576857308,16.574334190205086
97.28099572554531,82.96822200239866,14.92725817427922,16.564727348177254
96.75657411933169,82.9569443270982,14.98654750938044,16.587282698778182
97.00164188076734,82.97296716016659,14.992483109136664,16.555237032641408
97.24844600414012,83.22095802179759,14.994543007371135,16.554923454359443
96.97062020238673,83.43812117322243,15.054498547764666,16.61629321462302
97.21430751413935,83.40376753258406,15.064727109082947,16.685000495899768
96.9581068080787,84.85723952038293,15.078295924608474,16.771052099876655
96.95960990187788,84.81600150302077,15.075289737010113,16.853528134600985
96.98881563189592,84.76507765574169,15.01687827697404,16.955375829159145
97.01062916238365,84.72748794602622,14.973251215998566,17.030555248590108
97.0127617632465,84.7186663320308,14.968986014272872,17.048198476580918
97.00501866857482,84.98641147488901,14.984472203616223,17.015641004705873
96.73046806686453,85.75924901272786,15.030896858204864,16.977995575524012
95.96876023248923,85.85338542343939,15.04580687509173,16.789722754100957
95.97917925764476,85.96455802242507,15.024968824780666,16.567377556129607
96.16265065154431,86.32577995960247,15.154399713115215,16.341307357908434
94.3944328936537,86.92008668205428,15.226429080865328,16.142524241013746
92.89964976457644,86.99985155460115,15.258244377532009,15.982994495919996
90.5016051379177,88.54153802982457,15.144624894985453,15.845446786991605
88.0389200070821,89.82512787459521,15.199742176903529,15.713393587326866
84.68825888428812,91.78587761872237,15.09943659906521,15.678538569601864
82.5039089183228,93.51849608358376,15.114821727158867,15.599213153974521
80.53644399521713,93.81946720397679,15.188126380945619,15.479974062241519
78.61650623467655,94.80739431811052,15.172075428975278,15.43208307049977
76.409106279117,95.04794423173321,15.25799248106518,15.431970227590954
73.04657440178319,95.518271935114,15.230325061724395,15.455990702830574
71.06970065129286,95.76932353314814,15.3258381973675,15.436166802429472
70.82272297698297,96.27923197655045,15.336322184906315,15.383292637786742
70.81180193453193,97.72707800707919,15.35816426980842,15.384435215891209
72.44982803588881,97.65582062261623,15.46428183598016,15.526949984817136
74.12732931622358,97.59210438850303,15.518801076812476,15.654382453043535
76.98499867224751,97.32612001145033,15.682661729406716,15.696417926762077
78.70325102656298,96.81004075570998,15.698349858424477,15.742235627486005
80.47077181742281,94.84098100807206,15.622266961699161,15.727259482768297
84.22050231467418,93.36781061490983,15.513384711227559,15.717368771480304
86.48961186808732,92.67012799478069,15.392695146273777,15.640224164447744
87.9562845899862,91.01056583226897,15.385706191894219,15.545265918483254
88.9623325097512,91.05800990140634,15.318114734865187,15.45037778020852
90.4483824646605,91.09169427415775,15.247452713402703,15.383009034705696
91.44508664215658,90.90229350423371,15.179658574820522,15.280407020451289
93.3123492312767,90.92672340336586,15.274941740096107,15.23154722218699
94.91157405159487,91.16036428241792,15.432685450181774,15.24372165704317
94.60337292816209,92.58117794754635,15.566963153721753,15.294841586739677
94.53623006378925,94.01334272901201,15.701248882467448,15.340727513771608
93.01690488039532,95.91935883499363,15.812714870976535,15.431607806180073
92.2950580979253,96.67781527542573,15.783278430281637,15.387824930950817
92.28306034277831,98.62399016789284,15.807273940575609,15.41460998371829
94.04099394986007,100.29178711615025,15.72623745594658,15.513846816737956
95.32896183208857,100.48220426207853,15.605216907670027,15.623995568117492
96.88709160473435,101.14877470143789,15.433847375277614,15.763299695848335
97.43934692381583,101.06918144015003,15.309945146927426,15.922486218424043
99.46292607651426,100.99326019880601,15.189522184705412,16.074328701112083
100.39047025954014,100.976329569045,15.299673920111431,16.1081899606341
102.33648597597573,100.71312887573886,15.356296494258139,16.14100959636914
102.80613635767502,100.43752059171987,15.40697565925492,16.197236200209467
103.32957314436331,100.18587478236111,15.353441561129003,16.203858081301668
104.8080863772087,100.2084414766015,15.371972371823212,16.158724692820893
105.30452865842491,99.98076926875888,15.370116999358052,16.118554513522483
105.05747254743912,99.76363375525071,15.369371489315313,16.05796780852451
104.81059989431763,99.55162885906805,15.369217664443102,15.988078469774662
105.29618224977212,99.08142323698347,15.383660882106104,15.942881785371844
104.56679484947689,99.09335827455746,15.365460602343507,15.919011710223856
104.27618122562347,98.39650068707743,15.45502365216787,15.837734291536478
103.48133137353787,97.23786984209241,15.56930983599479,15.695973447599409
102.51294029672282,95.8178109493262,15.540568308043468,15.587805710759675
100.03961646041952,95.61898421023712,15.594915462154844,15.496229137088347
98.25414012566553,93.97099803345283,15.7453569263738,15.371690285367896
96.1641049460305,94.05410181093512,16.013080691017237,15.205482730403292
93.26750975166436,93.1240979634985,15.91899370029027,15.103064632123443
91.13079383809658,93.12128416469471,15.80477299577166,15.108692229731014
89.25290009333341,93.13035545125089,15.673987245159818,15.090549656618677
87.88090006024493,92.8993378988705,15.517046655460927,15.069094652066795
87.4205944002327,91.51124011633856,15.476267509173145,14.961118818194047
87.47252593753991,90.85692282795891,15.372404434558712,14.834694206063185
87.78453777218233,90.91012096467466,15.223112821390593,14.728297932631682
88.27197679845037,90.25158322563368,15.189667336985831,14.633224558516671
88.98393209518413,90.29324829084909,15.17183291841283,14.549894428085842
88.99515584775594,90.31653710064639,15.149385413269208,14.503316808491263
88.52438138741464,90.09408676666348,15.158914375433303,14.482207497197818
88.77209310523892,90.57641534537794,15.129316208180143,14.449200876559665
89.28071134113539,90.57655900594058,15.041761666601774,14.448913555434384
89.53944317294194,90.58720135940133,14.98776573688545,14.427628848512871
91.17488212103791,90.83110189060267,14.952897205221584,14.402114838185629
91.88774203858557,91.96846526689757,14.911193478357275,14.434081599314165
93.51911547802804,92.19556626725232,14.8767818824644,14.441070353317832
93.54642002229369,93.78650991538481,14.822172793933108,14.484519093577429
93.9930064329815,93.76617053207102,14.85018394878913,14.525197860205017
95.7987371000849,93.76116041483301,14.932099712850349,14.53521809468103
97.29200658293179,93.76623097398341,15.187355952501868,14.525076976380236
98.34159016718432,93.54930160390019,15.422925718152252,14.491988329715578
98.2836073874497,93.5662706531578,15.538891277621467,14.458050231200364
99.63641103979323,93.83205752976117,15.661511003237354,14.397847649710759
101.28090508221582,93.83999768437153,15.678792186979175,14.381967340490068
102.884579613906,93.86063450465537,15.777827536106226,14.340693699922387
104.96623782014012,94.34195235808339,15.873522873441027,14.324505048578107
106.92495793170806,95.51773131290933,15.751695645028061,14.345205260628076
108.85158828406257,95.5153568548817,15.681549710088019,14.349954176683337
110.7490921452068,95.52462103924648,15.661539759813849,14.331425807953764
111.47947306113758,95.54072283691934,15.614585355021577,14.299222212608033
112.43253765569463,95.54041738831971,15.588565440145157,14.299833109807311
113.16390498811191,95.54523495136986,15.534728147861518,14.290197983706998
114.82011583807106,95.54712486138033,15.502800901335691,14.286418163686086
115.49035299766692,95.78022977492134,15.566582596313244,14.288293674660482
116.81774213488876,96.22334626301397,15.726447833323533,14.340275202293208
118.17775484748516,96.18230083646046,15.840934294981118,14.42236605540024
119.1967284023952,96.41563078772148,15.704999415796165,14.431209210536952
119.49989014919049,96.39607881865558,15.57220650382167,14.470313148668767
121.19430387453437,96.38003799803455,15.487971262456892,14.502394789910822
122.86771619893102,96.38613398829504,15.440111937436193,14.490202809389833
124.0521402014339,96.84804565992431,15.422970851786019,14.507062233873548
125.71105288641051,96.6317938211932,15.397533446601777,14.469224773511637
126.9250844612549,97.34836105644725,15.31619553974604,14.44412544870335
128.85539498069926,97.34045276164612,15.197004356150641,14.45994203830561
132.36976036888794,97.32263015466759,15.159298316771473,14.495587252262654
133.97248689107397,97.3343868233192,15.21614458462308,14.472073914959424
135.30925222815696,97.12197105675004,15.341968830278274,14.430346294794226
136.42452336153968,96.67068256026252,15.450739483470377,14.397198119786257
134.9925681083778,96.6955721064941,15.500453104941037,14.347419027323108
134.9462053352271,96.70892942875813,15.593178651242475,14.320704382795055
134.70334425084175,96.70773760607955,15.608864995002016,14.323088028152206
133.53356617037957,96.72790774892782,15.596832935984843,14.28274774245566
133.30326281001047,96.97030098947187,15.58795017513237,14.267450742958191
131.73426275927363,96.72497992786218,15.44219252346149,14.288984615728351
131.5568515301173,96.9520960625004,15.329832119624054,14.301935208601956
131.6034642389034,96.71407238289237,15.236606702051835,14.312344183055293
131.4055904365301,96.48269566749579,15.168004200268754,14.310747507318737
130.2813776214864,96.22985360367292,15.100156475042825,14.35317696390182
129.83244728003703,96.6853276778214,15.07228317780339,14.367962795743022
130.0762206057823,96.43757752122791,15.047401958421084,14.4007976768218
129.8693921912251,96.20365852025736,14.99826311963845,14.405840010865873
130.1013392592883,96.44213597970023,14.996476068641218,14.390992177109325
129.63045344715425,96.43659103417505,15.01455853515233,14.402082068159666
129.63637629649867,96.667588666359,15.002712836463491,14.402389324373242
128.708006187369,98.27939828382492,15.010964434323789,14.413625175139721
127.15374128634573,100.10608795625399,14.882493435148609,14.4596753173921
125.34411348198265,101.94991261417265,14.812587307525064,14.461187737904517
