201.5,61.5,32.0,54.0
200.93535604217936,60.61822311836841,32.12928791564128,53.423078437649096
200.8710597886758,60.03230531131357,32.257880422648384,53.26082214450729
200.90080853917962,59.243638510572296,32.198382921640736,53.50431113856453
200.922275667042,58.305232349097565,32.15544866591602,54.04466236396413
201.04067505777226,57.34914132157024,31.918649884455448,54.613085773242815
201.19890684373877,57.33143642726375,31.60218631252245,54.64849556185578
201.19431613767642,57.61541081888917,31.61136772464714,54.080546778604955
201.2519073604948,58.4675816904434,31.496185279010366,53.7113135576552
201.25921550885326,58.57015294483146,31.481568982293467,53.50617104887908
201.22378562637203,58.697627181325316,31.55242874725595,53.251222575891376
201.2662842770495,58.65650353959893,31.467431445901,53.33346985934415
201.23683326781554,58.67509792821934,31.526333464368903,53.296281082103334
201.24799333679064,58.61379373766791,31.504013326418715,53.418889463206185
201.22041087503055,58.60125513919482,31.559178249938906,53.44396666015237
201.12050606528726,58.51069080573643,31.758987869425496,53.62509532706914
201.16614743503413,58.50976096437101,31.667705129931733,53.626955009799985
201.14505693881964,58.40584753228954,31.70988612236072,53.834781873962925
201.07632288410855,58.475063473869454,31.847354231782894,53.6963499908031
201.06129995487527,58.46063693745518,31.877400090249495,53.72520306363165
201.0808498173944,58.41794398001291,31.838300365211204,53.81058897851619
201.21473130238243,58.355749248534465,31.570537395235146,53.93497844147308
201.48049079791343,58.17911106148853,31.03901840417314,54.288254815564954
201.69282026954852,58.046009725749066,30.614359460902946,54.55445748704388
201.73708561549867,57.859951709220546,30.52582876900268,54.926573520100916
203.87471994735122,57.68378744153485,30.23816451306768,55.27890205547232
205.06641497572022,58.52948822879752,30.513755891713593,54.91699119863892
205.35092835305463,58.862602632476936,31.27358388798656,54.25076239128009
205.75416803621277,59.69340295225886,31.799019152577305,53.921076382623326
206.0990006996468,58.8909603392967,32.445268357583416,54.1900470766735
205.84680804177324,58.6635506878694,32.94965367333055,54.64486637952808
205.69989105639004,57.61417820955444,33.243487644096945,55.377568872622135
205.0875779083997,55.907334920625466,33.08624513629586,56.02751784291665
203.22395874784024,55.64244479092262,32.64689876759415,56.55729810232235
202.7268591337718,55.59183912867054,32.25181595616554,56.6585094268265
202.9442925014955,55.522006068648885,31.81694922071814,56.798175546869814
203.03751885141952,55.56353990458827,31.630496520870118,56.71510787499105
203.12344118827326,55.419946084529315,31.458651847162646,57.00229551510895
203.21142259698604,55.249178797599654,31.28268902973709,57.343830088968275
203.94983556074413,55.05121892394878,31.183566287885334,57.73974983627002
203.93169745690764,54.768287008467375,31.21984249555835,58.305613667232834
203.8019352252191,53.901694770481626,31.479366958935426,58.64802579553904
203.59455000153721,53.881694074673426,31.894137406299176,58.68802718715544
203.46597329070391,53.79413542198084,32.151290827965795,58.86314449254061
204.13983790732996,53.64279736230305,32.21844534725777,59.165820611896194
204.71151395377558,53.53618534204234,32.49557729455847,59.37904465241762
205.28619131673807,53.45520285578577,32.774573012920165,59.54100962493075
205.15778353438102,53.41064198318094,33.031388577634246,59.63013137014041
205.77469634429423,53.355030874833204,33.23874220943395,59.74135358683588
205.66425207539157,52.591508904147375,33.459630747239274,59.82204954107388
206.36439111348443,52.65606446396923,33.51064775756818,59.69293842143017
206.33639428466194,52.68494518557487,33.56664141521315,59.635176978218894
206.38128367815568,52.72705630159194,33.47686262822565,59.55095474618476
206.4490958807964,52.021074901863855,33.341238222944256,59.51532921570626
206.4494633099512,51.9606068518667,33.340503364634614,59.63626531570058
206.43800184255647,51.90893950442603,33.36342629942409,59.73960001058191
206.45148767366396,51.90259823155103,33.33645463720913,59.752282556331906
206.4222035046772,51.915534920691876,33.39502297518257,59.72640917805022
206.4141158820436,51.92349859145557,33.4111982204498,59.71048183652284
206.4266492159063,51.93651752942631,33.38613155272442,59.68444396058135
206.40635663248779,51.965850985459845,33.426716719561476,59.62577704851428
206.411833890764,51.97507693909276,33.415762203009024,59.60732514124846
205.65586284388633,52.02226264484462,33.48032254456678,59.51295372974472
205.6098584928085,52.021965964929954,33.57233124672239,59.51354708957406
204.93137365513314,52.00853301099316,33.480643038797695,59.540412997447646
202.92208097217505,51.960359174355055,33.156737426887666,59.63676067072386
202.2890319682403,51.90141372468965,32.979424843486825,59.754651570054676
201.6640531298109,51.93026537277021,32.78725343426094,59.69694827389356
201.06215582125304,52.01063622246065,32.55304360353847,59.536206574512676
199.08523336332223,52.099967553179916,32.21195612660906,59.35754391307414
197.76193545277943,52.09934032897823,32.01216397627515,59.35879836147751
193.6708097744675,52.09571450472599,31.67561889844513,59.36605000998199
193.61665951476502,52.96136620966752,31.783919417850097,59.048896530310316
193.1480091389184,53.04749674989533,31.309877904707527,58.87663544985468
191.35493171413032,53.05725397210823,30.6939304754508,58.857121005428894
190.85786162462432,53.110411693512,30.298218411251938,58.75080556262135
188.94386413622064,53.17613383600252,29.981731009739065,58.619361277640316
188.293644706572,53.17585220104777,29.90804642727413,58.619924547549815
186.98859135647172,53.165745926483844,29.772427731653654,58.64013709667766
183.60759921728237,53.155115293636776,29.680304229111435,58.6613983623718
183.6356206562281,53.12271423334498,29.624261351219978,58.7262004829554
183.00486781355235,53.034808151538996,29.516242178144193,58.90201264656736
178.23231326719375,53.00237025381706,29.469744015382318,58.966888442011225
178.16411507738667,52.31118287714699,29.606140394996487,58.97888901140532
178.1503543034565,51.570302189276035,29.63366194285682,59.08774534645655
178.1759909873211,51.55133104060786,29.58238857512763,59.1256876437929
178.18236024600986,51.493184263138374,29.569650057750085,59.24198119873187
178.16391389990042,51.47303613749781,29.606542749968987,59.28227745001301
178.17412017597198,51.55825717029832,29.58613019782588,59.11183538441198
178.15860177092006,51.57929950744476,29.61716700792972,59.06975071011911
178.08444525728515,51.65620615731189,29.765480035199488,58.91593741038484
178.07002761375097,51.72735181501407,29.794315322267888,58.77364609498049
178.06967646092642,52.50406726913717,29.79501762791699,58.5933665633043
178.0885337896617,52.57153586687638,29.75730297044641,58.45842936782587
178.10164116025356,52.6461641410602,29.73108822926271,58.30917281945824
178.1642244302113,53.36215056605498,29.605921689347223,58.242467791329524
179.05877467493627,53.34797273950529,29.178956567701192,58.2708234444289
179.0771682204564,53.35515436482609,29.142169476660946,58.256460193787284
179.77721081407975,53.39402573103524,29.096422914138458,58.17871746136899
181.19741278027487,53.34823979942244,28.960844654566934,58.2702893245946
183.91991050663194,53.32685781314184,28.921477745326403,58.31305329715578
184.50418975486934,53.35154745639058,29.104269954364053,58.26367401065832
187.92388669266398,54.04072026330884,29.033822536182633,58.239117688303374
187.92066723324223,53.396570781503485,29.040261455026133,58.17520323818465
189.97548284904795,53.345484281852436,28.98480404985122,58.277376237486756
190.67510063459707,53.39090306295107,28.93749328908211,58.18653867528948
191.9950894426179,53.43671719298472,28.99707706807213,58.094910415222174
194.633893900013,53.488574065154154,29.117358070730333,57.991196670883305
194.3636630046787,53.534232399759304,29.657819861398956,57.89988000167301
195.6098750847402,54.13494584150618,29.881428990892893,58.05646976298774
198.34368735614237,54.03543465573496,29.870433302839352,58.25549213453019
198.8212823600467,53.95265236604038,30.2821250018852,58.421056713919334
202.82107357847724,53.74991391846753,30.540865975491535,58.826533609065045
202.40324482416102,53.68051949530085,31.37652348412398,58.96532245539841
204.36686335083098,53.63815464490811,31.658719268495062,59.05005215618388
204.93154105197038,52.94922345747707,31.938582210237463,59.01869618702476
206.2787462846225,52.86910226783743,32.0712541373677,59.17893856630404
206.84662004283246,52.86395254905484,32.35367067099193,59.18923800386922
207.41247963331318,52.7835572979675,32.645087452794776,59.3500285060439
210.95356232561556,52.71848635524784,32.71528302165362,59.48017039148321
210.73297664496823,52.71837739116695,33.15645438294829,59.480388319644995
211.41438135661534,52.57220636411555,33.234745182704934,59.77273037374779
212.09648098903276,52.446141133992356,33.31728847183797,60.02486083399419
213.53865201386992,52.351719510623425,33.336674539975775,60.21370408073204
214.20339443321188,52.33040565764364,33.46216702465946,60.25633178669162
217.77118225389742,52.34244807678889,33.61530101107509,60.23224694840111
217.5085415600233,52.582386471365254,34.14058239882331,59.752370159248386
218.89213235021765,52.73044995229681,34.29705454214647,59.456243197385284
219.66181930594675,51.93946473739836,34.21777974080448,59.57811451706597
223.9122565054296,51.9950328635657,34.48025960935859,59.46697826473129
224.49551257374318,52.19422192698855,34.77710574524707,59.068600137885596
225.6547304175361,52.347284002293385,35.383619146862294,58.76247598727592
226.26411955791593,51.660115246909356,35.63299547590141,58.668658888245204
226.2989091968886,51.6815688538303,35.56341619795611,58.625751674403325
226.89312863316826,51.615680683252634,35.844124393121106,58.75752801555865
227.55049289156966,51.595523044439716,36.00521872456159,58.797843293184485
227.7572144734792,50.66941181291709,35.591775560742505,59.17093822925685
228.04829817516267,50.5294839629235,35.00960815737555,59.45079392924403
227.92021850427062,50.684277801782784,35.26576749915967,59.14120625152546
227.94113768904282,50.80410358768051,35.22392912961528,58.90155467973001
228.11560406717044,50.62546482518139,34.87499637336005,59.25883220472825
228.27128314100594,50.52121135339419,34.563638225689054,59.46733914830265
227.66210678806928,49.71196244823076,34.317217074834275,59.62106310190141
226.36097850875055,50.05284586361712,35.45659533998496,58.93929627112868
226.36351281655024,49.93189376491397,35.45152672438559,59.18120046853498
225.30883222002183,50.131857294169095,36.08537273762994,58.78127341002473
225.2389918253867,50.2744985328534,36.2250535269002,58.49599093265612
225.28680468276187,50.348630606213575,36.12942781214986,58.34772678593578
224.70254848213915,50.45564103182096,35.82342893056526,58.13370593472101
224.10592553676867,50.5880491543386,35.55048068537378,57.86888968968573
224.38259895771165,50.72161912347194,34.997133843487816,57.60174975141905
224.58066687454692,50.82810038405636,34.60099800981727,57.3887872302502
224.7839569453394,50.98135921178677,34.19441786823231,57.08226957478939
225.06684564894766,51.00290585091329,33.62864046101575,57.039176296536354
225.32335833286436,51.86448567435303,33.11561509318239,56.72902758576369
224.92058084600717,51.93157898547479,32.5214184831607,56.594840963520156
224.44387910022806,51.98304917668199,32.087109387350075,56.49190058110576
224.58986707379205,52.13812507933384,31.7951334402221,56.18174877580206
224.75272846715973,52.99513944651719,31.46941065348674,55.83701353394498
224.90967214900846,53.14520668371827,31.155523289789308,55.53687905954282
223.7281440489874,53.89788453836404,30.820756867060823,55.3804346616366
223.07126199065743,54.10155975515099,30.793609797445104,54.9730842280627
222.45460698706486,54.246600441536536,30.692477873871375,54.683002855291605
222.44362529096045,54.407613969998906,30.714441266080208,54.36097579836687
222.49750695189684,54.54946017807253,30.606677944207426,54.07728338221962
222.56304713040703,55.47493859024415,30.475597587187067,53.544371803011984
222.60340465285313,55.743267309513115,30.394882542294862,53.00771436447406
222.69380143365487,56.04697558979719,30.214088980691375,52.4002978039059
222.75233579148087,56.917239810183375,30.097020265039372,51.94637550727339
222.84118171803473,57.21780022856949,29.91932841193163,51.345254670501156
223.0054881229036,58.20919860285203,29.590715602193875,50.628464062130206
223.1610691229931,58.33459658613851,29.279553602014914,50.37766809555724
223.32773281965092,59.1883967960372,28.946226208699283,49.910932081100114
223.49427884813605,58.62042366495208,28.613134151729007,49.818559874114655
223.61812490906797,58.06508097498654,28.365442029865164,49.707931691576846
223.67215173966642,60.25725254828856,28.2573883686683,48.97003050107566
223.78357588678293,59.801709530336474,28.03454007443524,48.67837632561505
223.93023388229915,58.68512370223117,27.741224083402823,48.52224128094326
223.91613475657513,60.74667936813609,27.769422334850823,47.961257064655754
223.96263992172769,59.07487376757975,27.676412004545764,47.766197077297946
224.02488258943552,61.55868085805539,27.55192666913009,47.4989706729411
224.09383105006617,59.19506042350514,27.41402974786879,47.55006624856906
224.1073644686493,56.86303507798221,27.38696291070248,47.54428214221211
224.15784597534795,57.29510976711852,27.285999897305217,47.84704763717261
224.13236503272827,58.36448117010427,27.336961782544563,48.047664884683684
224.0831288296038,56.66737586033187,27.435434188793533,47.921350319197614
224.1089152945624,57.12095649672493,27.383861258876298,48.187500348890374
224.24819820417602,58.8334340436377,27.105295439649055,48.291654310648156
224.3054254847375,58.33702127631895,26.990840878526136,48.11130238829393
223.7779464445807,59.47680634538672,26.877227671935035,48.1688748239678
223.77472051928953,58.18665426346284,26.88367952251734,48.414201242366225
223.86816146728472,59.69730136471426,26.696797626526944,48.90655411535066
222.59552591040978,56.5087773917368,26.89150258348963,49.407186669337484
222.60548836382694,58.091961177435216,26.871577676655313,49.79873804077438
221.32414608376783,57.533844114216365,27.051478635480763,49.7235803665657
221.4582764859683,55.665089570299074,26.783217831079803,49.88101265577536
221.55853814673932,56.18108182116128,26.58269450953778,50.040118843101354
220.29729403022168,56.17325915873681,26.72519047976344,50.05576416795029
219.07897867013943,55.491172441845336,26.77649012162127,50.22727206257992
218.58875737890455,56.69334837286179,26.560869971370554,50.21504566598804
218.6309546331569,56.69366074731981,26.476475462865814,50.214420917072
218.0954790298242,57.28387349061962,26.356692335247683,50.22472976475596
215.72366291318778,56.10530560155627,26.344999783539485,50.204203150392175
215.1463564320485,56.813157500706055,26.31128321527656,49.97682888263415
214.00168150091687,56.92750408127686,26.231801363362305,49.748135721492545
212.26994754812668,58.38884265916702,26.1561764577845,49.18485377315103
212.29970701357,57.85571099824023,26.096657526897832,49.080983411480624
210.0260963470924,58.693928412477476,25.973521914292714,48.57213781939621
208.372299468753,58.708408189444285,25.80709223866407,48.543178265462586
208.35322510845893,58.90007403562637,25.845240959252237,48.15984657309842
206.11775612996158,59.6905049823901,25.71715728743235,47.72874008677458
205.55432218783903,59.83397331483776,25.702796200388615,47.441803421879264
202.77188312052408,59.28965880665555,25.583852614550366,47.39366809415006
201.63643311118707,59.982329106994214,25.58670367580117,47.142351972184336
201.07340920858087,60.59451209841859,25.58237437326214,47.04836309708703
197.76603157903295,59.93766522068724,25.423606831517297,47.233136385742945
194.4082951763097,59.76203791993868,25.36552620116925,47.58439098724005
193.21040854820347,60.22364466134976,25.49511330387361,47.79427058117194
192.56240228530766,60.256026608570295,25.65273192272476,47.72950668673087
191.38227099331385,60.34660578927125,25.732716811933024,47.548348325328966
190.7237551014843,60.45262777797029,25.910906194235707,47.33630434793088
187.81540844516252,59.92973577709589,26.03378074880938,47.24332459806568
187.60027549406385,59.517332549735464,26.464046651006708,46.92864193712806
186.80002193416988,60.14429671598865,26.92238579287531,46.81688158254103
186.15570045076737,59.51388450375062,27.062738752376546,46.929415999713335
186.00346463297274,58.8464661298244,27.36721038796582,47.111921784611
186.55604764522167,58.731389405318126,27.422227756689466,47.34207523362355
187.0830711018412,59.19488250580318,27.532701131874408,47.579609321077434
187.77939879997444,59.02838183039114,27.30995009839488,47.91261067190152
188.52946764541474,57.71163932775152,26.98086732425837,48.20398584369259
189.19738464496348,58.316667781143494,26.814802417456413,48.16369802920414
190.47262839293683,58.844965372466454,26.5970161506899,48.27345346114832
194.68632546967274,61.654073152560386,26.319441997879977,48.47653790143326
195.34495925512908,60.321552888622165,26.164689483554234,48.81654831613586
197.8488662241642,59.64724311316265,25.816352941130827,49.00029851814317
198.9684287646456,59.565768637726975,25.900431304475614,49.16324746901453
200.5625239005672,59.96764487551654,26.20854359894167,49.52492918220512
200.9474183219715,59.79274866838173,26.614778076696307,49.87472159647472
201.25137667449556,59.066654218823295,27.194977882480813,50.13879398475895
202.20192092801886,58.88329792605078,27.697724010122656,50.50550657030398
203.31828130864648,58.7603591867682,27.89678855636995,50.75138404886914
205.00535583691732,58.08107637990818,28.191360036031853,50.887042817187954
206.8538626665323,57.2643709077578,28.184116729354628,51.290530310637806
208.0573688813731,56.97621935832299,28.248592821133464,51.86683340950742
208.4951990538398,56.77432037138871,28.618260076572753,52.27063138337598
208.9966852950935,56.537924810016314,28.872865106765918,52.74342250612078
209.49592171117507,56.39056126496757,29.143272192424025,53.03814959621826
210.00248300881566,55.72309847683242,29.407979522829912,53.095245246801504
210.58480155202002,55.68782703688029,29.52652298146565,53.165788126705756
210.57561269279014,55.697767806267684,29.54490069992539,53.14590658793098
210.59853377881907,55.71806651051808,29.49905852786754,53.10530917943019
210.623350383184,55.731968443488114,29.449425319137667,53.07750531349013
210.59126140715725,55.66547284589876,29.51360327119117,53.21049650866883
209.94152176223724,55.586730683577706,29.526405236905156,53.36798083331094
209.88013471286152,55.50292322357801,29.649179335656562,53.53559575331033
209.16745023456514,55.32742187346907,29.780771504771742,53.88659845352821
207.82327711467164,54.49776719582799,29.86673790338524,54.24471788822362
207.07772510334033,53.63153330014662,30.049911748648206,54.66925550218666
206.90740839070745,53.37080852237839,30.390545173913964,55.19070505772312
206.100334102213,53.167622986564396,30.67390391936818,55.59707612935111
205.9030382078839,52.31741958685685,31.068495708026397,55.95587912054357
205.65890985164472,51.44958012828823,31.556752420504708,56.33794774799199
204.70507704057746,50.58597158729795,32.09686852669349,56.69761531402679
204.3641087170539,50.411078862718895,32.77880517374057,57.047400763184896
203.9675144611211,50.262405537027895,33.57199368560616,57.344747414566896
203.65001869005118,49.5303055285107,34.20698522774606,57.392365166157774
203.3123208980207,48.68069279913172,34.882380811806996,57.66358865848357
202.82497196192682,48.65080300545576,35.85707868399474,57.7233682458355
201.56953334788082,48.70715302694168,36.907308186593355,57.61066820286366
200.9183112804098,48.778913737034536,38.20975232153538,57.46714678267794
200.2811862795945,48.0915216778229,39.484002323165996,57.345886346550344
200.60441574215756,48.13426425844376,41.86817814784774,57.26040118530862
199.7822740362898,48.11521894100885,43.51246155958322,57.298491820178434
199.38975040054635,48.04496544387092,44.29750883107016,57.4389988144543
199.02345229208692,47.15528797846747,45.030105047989025,57.62276008306367
197.97421083333188,47.02364850654067,45.51829043383451,57.886039026917274
197.67164015594642,46.949430169314525,46.12343178860546,58.034475701369566
197.539756601625,46.85385644079536,46.3871988972483,58.225623158407885
197.58612052903203,46.70840710695742,46.294471042434225,58.516521826083775
197.72340793505566,46.546635656239644,46.01989623038698,58.84006472751932
197.9423673858951,45.668840499946015,45.58197732870807,58.95071425505472
198.16867989051437,45.6524277335331,45.12935231946955,58.98353978788054
198.3924538369534,44.87699433989596,44.68180442659147,58.901752997376285
198.6147935953125,44.96459092792291,44.23712490987327,58.726559821322375
198.83462716432683,45.04367491608281,43.79745777184465,58.568391845002594
199.88781363387932,45.07872231077486,43.29571179081455,58.498297055618494
200.77182165355578,45.0937411119946,43.12306025874081,58.468259453179
201.73388520489678,45.109208519143806,42.79101829416361,58.4373246388806
201.65973798008704,45.245227624205285,42.93931274378307,58.16528642875764
202.54732781665405,45.36036639969093,42.74861785605302,57.93500887778634
204.9824931047258,45.436663289552044,42.611906928809624,57.78241509806412
208.28004286938756,45.49668137255249,42.31009849097223,57.662378932063234
209.97007357999408,45.461883791093896,42.063164845410576,57.731974094980416
212.57935715226185,45.40770536142982,41.535319028957794,57.84033095430857
216.7040780378285,45.40502852595117,41.068653317354695,57.84568462526587
219.3649222910901,45.324978885216325,40.393868105165765,58.00578390673556
221.8933527120775,44.61888049379084,39.95782155550948,57.877709258813695
223.06021013616106,43.91088250881773,39.155254502385404,57.762557433716935
224.1738368072148,43.92621407837833,38.444150583605136,57.73189429459573
226.51502870923204,44.033849902132694,38.27348257613541,57.516622647087004
228.3331474292808,43.177149963102494,37.63293358712414,57.73217829960424
229.24111237504937,42.398774515436614,37.30743387194192,57.79849901858117
230.75959551378205,42.30496055850263,37.242471739876365,57.98612693244913
232.16617192207252,42.270721938306934,37.40476743498246,58.05460417284053
232.96664428490905,42.22347186418952,37.29527637721092,58.14910432107536
233.7366825506463,42.10355401710325,37.24624049904553,58.388940015247904
232.40997225680113,42.066905006447215,36.912049647996994,58.46223803655997
232.46707486659088,41.97787776807054,36.79784442841749,58.64029251331331
231.85392732004084,41.99199231218727,36.53407550005501,58.61206342507985
230.3344405362388,42.0315832639605,36.60259236125424,58.5328815215334
227.2746830386561,42.78300990435207,36.78132627853723,58.51522351022086
227.19914286315995,42.827931540435024,36.93240662952951,58.425380238054956
225.1850042794303,42.863220211213005,36.49335944416127,58.354802896498995
225.09415496758376,43.65870896125519,36.67505806785439,58.24453773301373
223.04061747868442,43.64315369534298,36.33580957114738,58.27564826483815
218.6719653829097,44.46877694839636,36.21174394145754,58.10129672893795
218.38543296768404,44.50429461631386,36.78480877190886,58.030261393102954
215.4662823622159,44.50783998225072,36.70013097773284,58.02317066122923
215.18312965077516,44.505850222205126,37.26643640061435,58.02715018132042
214.84372598606166,44.445825264140765,37.94524373004134,58.14720009744915
212.96184699123913,44.39538503909997,38.70532242432163,58.24808054753073
211.72030532919635,44.37404121199059,39.67242394829172,58.29076820174951
209.38421582143368,45.31076837241128,41.27930980636682,57.94996045963323
208.3570398620899,46.12854188008325,40.225649120509956,57.86841974656153
208.16917725376288,47.043532004264954,39.06594706380887,57.5738667715532
207.91539031094925,48.702571726560414,38.06168546835953,57.27945828911554
208.53384937759645,50.55180838324766,36.824767335065154,56.56252940139598
208.28740192922317,51.746804165273744,35.858189037877,55.63201103127852
208.12907107240864,52.0480822451016,34.74539634138033,55.029454871622825
207.84922312757027,52.50222017823514,33.90321158715848,54.12117900535573
208.20571007344807,52.86480409294687,33.19023769540283,53.39601117593227
207.53358610603993,53.083010668160995,33.18298231457686,52.95959802550402
206.63834987014732,52.51070586280251,33.62857722814476,52.75933007800369
205.69221821757182,53.25308590639879,34.171504157716456,52.62390636639044
218.70786187803495,53.18233783920424,33.91111995419647,52.765402500779544
218.8090305519132,52.37688194745218,33.70878260643999,53.02217335952933
218.27943727445216,52.178435494214604,33.413368564620455,53.41906626600449
218.60985315613732,53.73308345152483,32.75253680125013,54.37651978401114
218.18628322404166,51.75121267403645,32.24093656113791,55.62278113038082
217.61377868167926,49.960006632396805,32.01736052723412,56.468022976402935
216.4393400230904,49.66515541382069,32.988945130815544,55.68043269995887
216.20854833177856,48.49873122188657,33.45052851343924,55.24913321548652
216.6364096611101,48.10787138627371,33.97825013372191,54.64740860776651
216.54611341030503,48.156344815830494,34.15884263533205,54.55046174865294
216.4285634146513,48.5249143996232,34.39394262663948,53.813322581067524
216.40686910494858,48.67508776616833,34.43733124604495,53.512975847977266
216.25423163790708,49.51089097495808,34.742606180127936,53.21545862624551
216.16107397920945,49.01261815589815,34.928921497523206,52.83728192663935
216.02721932663138,49.21257822227933,35.19663080267932,52.43736179387699
215.98883732264935,49.24982634858158,35.27339481064342,52.36286554127249
215.97391599426578,49.328333483876875,35.303237467410526,52.205851270681904
215.89583670704747,49.53472915504991,35.45939604184717,51.793059928335836
215.94072451226077,49.68399283782297,35.36962043142055,51.49453256278971
215.9576628883813,52.444195223932994,35.335743679179515,51.411273918388446
215.3650492196417,50.40125436137067,35.1634971585994,51.424734069335116
215.1838930695005,53.39638012324952,35.52580945888177,50.85380271707503
197.91456815108373,54.38291921627832,38.96356834820456,47.52851188112565
195.11374235603995,56.579414139128346,41.849856177418886,44.49320391586221
192.02611712078692,58.51251914359292,43.954544245585254,41.9838480410463
190.45621871257802,59.60391488176321,45.743776414483605,39.80105656470572
190.54927643625027,60.44558072596257,46.90131482269635,38.117724876306994
190.04623749338595,61.81925159810614,47.90739270842498,36.704796761327955
189.63306166064447,62.47575250383921,48.73374437390794,35.39179494986182
190.66942637932362,63.66653291523793,49.296978450657235,34.328215884118165
191.00640021551618,66.12385154996409,49.932033495311565,33.34058676578424
191.3726567396797,66.44890143143536,50.50174084307443,32.69048700284167
191.87876451456674,66.69759301746595,50.78947549955288,32.193103830780515
193.24789380590664,66.88637569382911,50.643121945304486,31.81553847805417
194.05662795651176,66.29588722356874,50.31311090687577,31.709058155793365
194.38761505988208,64.93610779340797,49.6511367001351,31.86710882517227
194.22478830649055,63.403285508078156,48.70328144342866,32.385735868852805
196.49458190978663,60.98422069483587,47.967529772009605,33.42002996016428
198.13095010275921,61.15668685839173,47.242775865701006,34.34908887287084
200.5415104970303,61.9852752015657,46.25660355906105,35.248544507791024
201.4860163254113,60.47618295385137,45.64563455719623,35.71064369342524
204.63589534104136,60.59377230112347,44.45085071856282,36.75170854703772
207.03243205897638,59.418821493249496,43.48212395869214,37.826827937452556
208.21026766890859,61.4524819395583,42.40357167612099,38.86798279400775
209.76581371644352,59.948502473292955,41.84648727479433,39.3219340327952
215.14949581821173,58.4419094913301,40.00784345116158,41.05958851387753
219.2352323911037,60.21223170596065,38.20673156805516,42.615233094758416
217.4310081235263,59.21721230593682,38.00587947185427,43.33550501768754
218.12669250681313,59.09700932481026,37.892226479944014,43.57591097994066
220.29169998383688,58.18103366658928,37.401055031710804,44.12824779444453
219.96728015027196,58.02037038659317,36.769631853252505,44.44957435443675
222.948282902812,57.826045911927444,35.90783167676426,44.8382233037682
221.82950355905047,57.91791842306626,35.611193218581576,44.65447828149057
220.6063282661035,58.05300082366259,35.53856984410302,44.384313480297905
218.77325981435965,58.071043303583934,35.442172005062844,44.34822852045523
219.35028465079654,58.21927847447265,35.54018868693762,44.05175817867779
219.12764207835406,58.32357907993589,35.98547383182256,43.84315696775131
218.22447397746745,58.444135581206396,36.53870704159179,43.60204396521031
217.3141225579629,58.413333127978305,37.10110345287731,43.66364887166648
217.94551604788643,58.25990085126638,37.106606339800344,43.97051342509034
217.3495682755286,58.222540889270476,37.0253971480067,44.04523334908214
216.12946128229578,58.09922729455437,36.91971126296049,44.29186053851435
215.05676805572287,57.94715076071007,36.51501000408346,44.59601360620294
215.3653603886366,57.042274387226335,35.89782533825601,45.132571088752584
215.6318010941871,57.470668353952874,35.36494392715501,45.54722265128708
216.59217318514413,57.18668350725585,34.713328715603296,46.11519234468113
218.16112568683275,57.672380989029065,34.10975952937247,46.41096528970792
220.57189028243013,57.475546436944825,33.07361422487939,46.8046343938764
221.0477767547897,57.81630554311104,32.12184128016028,47.37386116456937
220.84620693445126,56.84906797389475,31.281369164498592,48.06472454666336
220.45810199567666,57.970995541496,30.81755537166528,48.30091675222589
220.6396536575105,57.26094645592087,30.454452047997535,48.48519054645581
220.77239670027052,56.51825360274189,30.188965962477567,48.73806872897914
220.29013549689756,55.468116632025094,29.921657402768172,49.60651170395745
219.71312857243163,54.359850106107274,29.835411769386063,50.58278527347908
218.93051904039442,53.350968639300255,30.147337762892455,51.347255136525135
217.44422835081525,52.36932334637741,30.580142818378434,52.04065756053463
216.50742173221983,52.12513284998106,31.166285302035973,52.52903855332736
215.32037383613482,50.99563119884185,30.93117913869574,53.483440877850654
217.05174316823695,49.15950159521546,30.097975480531847,54.5261650790631
215.22444959547133,46.82064264235841,29.80451503456377,55.25583539327793
200.11561504022717,43.628579850417594,32.26548353138839,52.38772743927163
198.00983307247182,44.664093137365384,33.83507330327494,50.31670086537604
199.9055175891293,45.388089085213885,35.308471571917885,48.86870896967905
195.29279250343305,46.25116313830192,36.62197431733891,47.14256086350298
206.17086462273846,49.656316566752736,35.88790037918986,48.2155303692745
207.28026073756124,49.17421371897193,34.98735376989402,49.17973606483611
208.20990901492704,48.89460118630456,34.446143464372355,49.738961130170836
208.2872811606864,48.71812554346344,34.2913991728536,50.09191241585309
208.16395281083484,48.792242644700124,34.538055872556775,49.94367821337971
208.02768178266757,48.863437035907225,34.81059792889128,49.80128943096552
207.8026149558379,49.064603858390214,35.26073158255065,49.398955785999526
207.6054444766573,49.28468604780869,35.65507254091182,48.95879140716258
207.49527757381588,49.40134863875713,35.87540634659469,48.72546622526571
207.5064876333287,49.892687138124344,35.85298622756902,49.06856642143623
207.5232730860183,49.79661223289812,35.81941532218985,49.26071623188868
207.60578079289633,50.24552470674185,35.654399908433795,49.695861089552075
207.48836615792135,50.86432678781394,35.889229178383715,49.79510312529311
208.0125393848011,50.84772410942375,36.183084743778586,49.82830848207348
207.17729180445988,50.96804165139298,36.506055394905026,49.58767339813503
207.09827156119823,51.032655223518205,36.66409588142833,49.45844625388458
207.12248483476696,50.407488660201096,36.61566933429088,49.35898568789008
207.0967348975989,49.71776759973791,36.667169208627,49.39093488163073
207.2903519114248,48.69369527263095,36.279935180975215,50.09026000743492
209.57486591525546,47.56086340817234,35.77013999166242,51.00284613023595
211.4948121045541,46.877991609231614,34.647219701701886,52.3685897281174
216.24557454246232,46.58869029122283,33.30839304521129,54.307642067355935
215.9404454746686,47.342456910566945,32.55159397120539,55.534223247854484
214.34464962079426,47.80443943646438,32.99813520555587,55.98278343275871
209.32080486689844,47.900765184303374,34.72555531478955,55.790131937080716
212.41873339009663,49.342136246394155,35.59415222723399,55.73317139643545
210.68087623295628,49.44577330819318,36.21674118588804,55.5258972728374
206.2416803086252,51.167757180140654,36.49210528609892,54.94960544509288
208.29033684122527,51.27742962110903,36.684130296982964,54.730260563156136
211.4853152497852,52.307596573295505,37.44254056126801,54.099600075064174
208.30821931002308,52.50746690782907,38.06579454552983,53.699859405997046
209.69813371207496,52.65240570960342,38.15991533693635,53.40998180244834
210.46032599552882,52.88074016962424,38.069674029443284,52.953312882406706
211.82320942169733,52.588522268554854,38.19542231285662,52.111991116670275
214.99842463417414,53.90629606109618,38.920408283510525,50.89152681070915
213.08485784088535,44.90887470209435,38.5223970049244,50.577408446336726
213.67522843353925,49.45278474377376,38.73877526746971,49.8723050500962
215.04100193490711,53.42837634605122,38.787022750753145,48.87060806058915
215.11460432664066,52.501942175382915,38.63981796728604,47.972707580789105
204.84437853334651,58.70715642743423,38.79131308303694,46.436389194466415
214.6413916685706,61.91109218316702,37.93111884166494,45.381041119879754
213.1368759984143,63.05859723327555,37.015958669506766,44.39409485715297
213.77651876944614,66.52211110460402,35.73667312744307,43.85788902703841
214.49187259102115,66.56658547018873,34.30596548429304,43.76894029586903
215.16371885457548,67.13633783383625,32.96227295718436,43.85423820525533
215.63917582028395,67.07821564294636,32.01135902576741,43.97048258703508
217.13338872280937,68.11079336914199,31.403838771830884,44.28623268575812
218.55318357832,70.15813491629068,30.934755181231008,44.93256183230354
219.2166769606693,69.9473148733782,30.795034722587992,45.3542019181285
219.23274981400618,70.32710779546886,30.762889015914226,45.78591508016129
219.53843933591278,70.06737762051048,30.151509972101074,46.30537543007804
219.41178685770075,69.02217033961819,29.20992851211495,47.200903575452486
218.6083189626705,68.44060987210001,28.431806271027575,48.364024510488825
217.1923280049362,67.35131668393713,27.67363814062739,49.345894204858354
216.13781456023625,67.0012115941595,27.385882433166962,50.0461043844136
212.92435235828316,67.54745578106099,27.79375020666509,50.15742733669223
212.62080995357422,67.74721034795985,28.400835016082972,49.757918202894516
208.38164353956108,68.76545330257898,29.578251460723433,48.93825169088723
207.88513977142856,69.10012037870115,30.57125899698852,48.268917538642874
204.68292640137562,70.15221105416086,32.05075142844216,47.395969764886495
203.21290942954832,71.35778215088064,33.74801814447592,46.227594799067774
201.29062079684587,71.16090402304883,35.08641013743773,45.36825841850987
200.71477066988953,72.37171394807544,36.2381103913504,44.20851278343791
200.20402310290763,72.84095081143239,37.259605525314235,43.270039056723995
199.1311191360091,73.29309697204152,38.1406515896516,42.36574673550571
198.79955641940523,73.77242764712787,38.803777022859336,41.407085385333026
196.8197389521102,72.85379695948308,38.98200137829757,40.72340637452144
196.55596293838965,73.15760050188749,39.50955340573873,40.115799289712626
195.76548982294847,72.92739815145964,39.83907406405907,39.32477841800632
192.27297188870492,71.90384507820983,39.3590605190738,38.883534760015166
191.40688416577424,72.0108658379571,38.63184232374128,38.669493240520616
190.5523746910351,72.20979356802373,37.9110429867243,38.27163778038735
190.2006552314653,72.3372627969168,37.41715747078183,38.01669932260119
190.47450609427383,72.44380103479821,36.86945574516476,37.80362284683838
190.1346310368021,72.01970135602295,36.37562682580303,37.47824317008365
188.63045917460937,72.15968026110917,35.90188706735896,37.19828535991121
188.80119729793037,72.31353634291858,35.56041082071697,36.89057319629238
188.9735682338701,71.99446232321705,35.215668948837504,36.390090948599166
189.67049809103077,72.23320094451755,34.94716570329121,35.912613705998155
190.95566544920558,72.29837963718299,34.60411956286734,35.78225632066727
193.19330257161357,72.3239377004832,34.553609612337794,35.73114019406686
196.4935430026244,73.58728525138483,34.580691835679005,35.413632787384536
198.76435264004405,73.68980757972963,34.43926748792643,35.208588130694906
202.60272710003724,73.85218059859055,34.42476217124448,34.88384209297308
203.60318271762182,74.4468079685245,34.60242120982411,34.78387248997957
207.557971767698,74.40067258454074,34.326421562543764,34.8761432579471
208.222188843674,74.45023840840116,34.08560335932354,34.777011610226246
208.34409539287944,73.74448442346213,33.841790260912674,35.10625154477933
206.74060386734038,72.68777690905311,33.7980375082433,35.05250937109904
205.31784280714353,68.9716722809762,33.39741870391077,34.91038980289168
203.7983476899751,69.17976265374833,33.21592096390275,34.4942090573474
200.13595315141376,68.41220680289055,33.09186264690055,33.90107864645587
200.29887691362813,67.99752834924347,32.76601512247177,33.67755789826143
198.8207769334614,65.07145384409853,32.58950077402696,33.264278290994696
198.45674838673926,64.65595042072181,32.282578253344816,33.06030552362169
198.60463443572982,61.13930596253054,31.986806155363702,32.9049760125018
197.81003485173235,60.168788727131115,31.53630858628122,32.806313746223225
197.44520900897078,59.895824361711455,31.254766613764367,32.34104881902259
198.03297474451927,60.21211921020249,31.078704430204944,31.708459122040523
198.04262940017605,60.47672376558036,31.05939511889136,31.17925001128478
197.15314842941868,61.81044434476074,30.8820062279319,31.4463351016353
200.05186171588372,65.85907703016012,30.962032695191617,31.1856737844229
202.48486518413515,70.76432474768939,30.97975097658343,31.142628785153747
204.8818166994938,73.93496864920144,31.067586647781937,31.635775164811754
204.97452806103266,78.30111665367285,30.88216392470424,31.772704225513134
206.38875475138886,82.49693778956176,31.007788009481978,31.258601861709167
207.20573591518544,86.83345858244817,31.331045541763856,30.414439715436277
208.298408351482,89.47899778407758,31.086497204252108,29.975352649881014
209.37446378239022,92.16244915323426,30.853668030463705,29.40665413163775
209.52083850527825,92.35178655111137,30.56091858468769,29.027979335883522
210.0822499904912,92.84691466242364,30.374548852616133,28.97417635161337
210.67692372565267,93.19053878913802,30.117892547526964,29.219619263418338
210.8175064947632,93.03749430631333,29.836727009305864,29.525708229067707
210.92590513304276,92.9436387582676,29.619929732746737,29.71341932515918
210.52642683301974,92.86591854026199,29.48637194051983,29.86885976117039
210.97467745185588,92.4690339824873,29.522724443382025,29.729775136185363
209.24536592321093,93.06568193467494,29.256377172489383,29.46772181385571
209.3968700415515,92.82740480662008,28.95336893580826,29.021338187751045
208.2493563681205,91.56585965643029,28.514912138016744,28.810944343477118
207.1389164360003,90.30742995266293,28.03290948435861,28.62492123311329
208.40173702675386,89.65335959957567,28.17862611076741,28.1521567340105
206.88317585300402,86.05447699309552,27.67444957818809,28.267324186812743
209.2372113864422,85.873677643573,28.241569366973355,27.74972440991417
207.7422915595298,83.77056918010759,28.59146712916753,27.556038184127324
206.63275071692243,81.09001562102199,29.045735628688895,27.622705745218326
205.10588368736487,80.56268280273305,29.427786448764564,27.78681030211637
204.57906499599179,78.61904384389102,29.582301432404797,28.07759862337685
204.0506943457913,77.08633642206578,29.732906325944565,28.42460424644362
203.94642233312703,76.47828299755429,29.941450351273065,28.726734573541663
203.85229204131372,76.33876703474104,30.12971093489973,29.005766499168146
203.88050727505026,76.15195042936375,30.07328046742664,29.379399709922712
203.91673092427882,75.98141442790259,30.00083316896952,29.72047171284503
204.27113566915696,76.39671606605074,30.2306330874438,29.828477844779272
204.5293801452311,77.22930756741755,30.65805996886065,30.051126509175987
205.37614977863365,79.64092800414697,30.87277292603874,29.998516195675144
205.80944793464968,82.61528184168826,30.962837619149006,29.78977455144646
206.16626599833373,83.69643992977126,31.203977395616747,29.537010182952063
206.59591875064348,86.25887715389104,31.299219534629035,29.184873952871577
207.50554740169437,86.37219791241581,31.380871434565837,28.95823243582203
207.99825885456156,88.92422784946264,31.343578313460668,28.59482148487435
208.25855033148852,88.88644474270514,30.822995359606747,28.67038769838937
206.34809919336254,89.22620793539144,29.969516518402354,28.925737536508024
207.58050569274639,89.08961802597685,29.355889237846952,29.198917355337205
208.64807568273713,89.07308285343926,29.061304983027686,29.231987700412397
208.77391923331422,89.64574345260405,28.809617881873542,29.00283411630314
207.6273644021695,89.68760327049415,28.376897014398534,28.91911448052294
208.23032451658298,90.2236003129371,28.071461459233202,28.74760506929867
207.98522590711661,90.29124069364126,27.668675676398465,28.61232430789035
206.92465877316465,89.44056184976814,27.1362765782741,28.544659751617708
207.55441587417545,89.06982122258543,26.751803516912013,28.41109986532365
206.04440941790665,88.64552780326443,26.304331341098752,28.39281543187796
206.61057620335376,88.70156060546294,26.031490110322885,28.280749827480918
205.03063717831665,87.00427640780897,25.777702197911204,28.26165226030299
205.32755639449658,84.87279661959269,25.183863765551365,28.27918087397407
202.35881641632446,80.35429143697178,24.40214145723419,28.917188408389173
206.3750379613665,75.25390305323002,24.74210505244864,29.07107715351439
200.9321899117137,70.99599244007332,24.641896135763403,29.136202213680907
201.07039532801562,67.89377836601673,25.209949524420903,28.584916591703262
199.69671864753485,64.81636929195783,25.422149362201054,27.979325344670826
201.40218546213725,63.059086908820966,26.20643874885522,27.298667095085634
199.7950162897966,60.29367841577176,26.898164356033725,26.943387693677533
199.1744609404083,58.43196286508426,27.293072469172174,27.282008452500058
197.67022702652704,55.23231434347073,27.728346731002834,27.67718717521948
196.5263609566085,54.65621507841024,28.27451298354215,27.958602761691566
196.30629754742816,53.648975399101175,28.714639801902834,28.20550960925499
196.54700414254785,53.94227795834699,29.127805174190467,28.5134830532904
196.80188614581644,54.24814848820556,29.523949602289452,28.807650428209406
196.61704015809664,54.47631341550188,29.89364157772907,29.26807388254803
196.8880058785359,57.25461835836582,30.281514286983047,29.290288897614975
198.6058701146733,60.67899052565371,30.590705106976074,28.99515332450797
198.14435821703162,63.57598526144873,30.577329922907253,28.819557729030933
198.98307742160617,64.9702596560658,30.7667128718792,28.83124097697825
200.33827543376847,68.7514483787521,30.865964946143144,28.761258461175167
200.87912528393377,71.91626275516701,30.72125206784259,28.990537462555892
202.37647161141655,74.3929637465677,30.541649928145063,29.66731651029047
205.35330658971304,79.37901101653834,30.265487833791013,30.10398638445387
206.739363274695,84.34602961401589,30.33976884910854,29.657930473770424
207.18800992790167,87.89741617270535,30.3854162259876,29.15574213943844
207.8170537461952,91.83773234326394,30.063059221220296,28.76095485287896
208.84395527623607,94.32701440876185,29.858161857467124,28.40465496270457
210.22683918233184,93.22171341680345,29.839248341496052,28.78402074914102
213.02062110594642,93.92751175573538,29.779587813722337,29.21505851109567
214.2396972736739,95.8972679535122,30.12297786012768,28.984269291355723
214.70110959505973,95.36344044737464,30.129071090227416,29.12300643075943
213.86499180421941,94.75588437390225,29.938899309657984,29.406914896579188
214.25694867260006,97.2588147776039,30.087686758442025,29.064560016902607
214.75844768721524,96.40246802444597,30.014322205486216,28.917986570669424
216.1504700799775,95.86458859656118,30.008791887408144,29.06757393729017
214.69394595075195,95.3652973604509,30.136501491779953,29.13771019148429
213.32372266937642,94.74526145876008,30.082291900593074,29.446229943553284
212.88597209252384,94.57010258456029,30.02222433694358,29.796547691952867
211.09119819221365,93.09020710857331,29.851203454354305,29.935912131519615
208.78440325923435,92.90542106027152,29.766562901232426,29.36583814430707
208.83986961896738,92.71103420140682,29.655630181766384,28.82526074217197
207.9699355805381,89.23455178381322,29.55731078242849,28.425475672573477
207.1181423939003,86.6867354410729,29.43840727927421,28.053638728764575
206.59272449850553,83.67895718920505,29.585733083114565,27.744625323855853
206.04789554167738,80.41550273837288,29.774473016762457,27.96510836546113
205.5410886611298,76.99673806302042,29.880732444758955,28.451157384475586
204.95236747063626,74.47177116699089,30.14146872063268,28.91756065096789
203.51778329037188,73.42589339565633,30.226177187268355,29.153009597708255
202.95519771812098,70.60444892886919,30.41815149608133,29.196717517149523
202.91078849265492,70.61782642457915,30.506969947013502,29.16996252572961
202.0465226581558,70.23796055921376,30.35979053942832,28.991838718168687
201.79945656289422,69.37557200828465,29.92118293694921,28.851136234022363
202.33259682792027,69.41509232152119,29.77856121566363,28.772095607549286
201.69774288026642,68.93988029495848,29.207910416926893,28.802340313652472
202.59906453792553,69.50964707780632,29.228696238059037,28.574521316182008
202.61926088986957,70.44153946244322,29.188303534171,28.527639974385266
202.932734385592,70.83089806517984,29.468436297181018,28.65600252336693
203.69005558860735,70.735628062991,29.780778697691915,28.84654252774461
203.3203419707792,72.31728914601854,29.59881692668985,29.368776388323113
204.54503041656756,73.46803779936126,29.929733533982734,29.847572580507293
204.50762062234907,76.5746953346833,30.004553122419725,30.210700998168694
204.9820599964778,79.30222816591579,30.002048157102102,30.433878033342438
207.25209200714391,82.78718948029851,30.21117058240585,30.112816429867358
208.0600769649918,85.37723761835483,30.491368192792134,29.67313896895996
208.5160521861596,88.43433953860334,30.524973409791485,29.23226908447266
209.08770384148877,88.53059432333916,30.320791757910413,29.039759515001016
208.8821017769925,91.88538585902629,29.799108210140645,28.860390180962703
209.98218030923914,92.9727923712737,29.442740053766876,28.529366064587386
208.87168597698596,92.97722518140492,28.93045189381236,28.520500444324938
209.60944585020158,93.32776898802376,28.357856305481167,28.722336989187305
209.84686158803294,93.23620474949969,27.883024829818478,28.905465466235455
210.09484763340365,93.61530696816435,27.387052739077024,29.039743038482477
209.8634846575898,93.12363537773021,26.96304043863229,29.13634796727827
208.34878244973834,93.10193315044059,26.466357092455524,29.17975242185751
208.12751322284262,92.68437845031104,26.03459250720875,29.140558783078337
208.25271541566917,92.7684878694606,25.784188121555637,28.972339944779225
208.3565979841307,92.09034663054749,25.576422984632607,28.608189032461222
207.34570085094052,91.23956425149395,25.044438113139407,28.607234365319236
207.0690943082101,88.77529557180094,24.754899580421654,28.47926201563383
206.49790680133364,86.59852472596997,24.224989632185963,28.65209130232414
205.48885766051794,86.0706925104889,23.752148633553283,28.877442639864938
205.33316867054498,83.10033237034905,23.23735685855084,29.03497463550621
204.97277426472667,82.78358626848117,23.13787503291092,28.848196201965433
204.6138735295379,81.27178478037266,23.03987371056978,28.60858800730783
204.88354762716193,79.77531695830973,23.311075238338724,28.35932475936569
203.28500051814186,79.39780809850637,23.263744497448773,28.3032362392399
203.38774646040292,78.25751345497787,23.058252612926655,28.155378698360092
203.57129573969613,77.77363069530348,22.69115405434022,28.319244613325274
203.6713328353142,77.79821491770352,22.491079863104094,28.270076168525208
203.6897630175844,77.85069531248054,22.45421949856369,28.16511537897117
203.65165355783492,78.74204422877997,22.530438418062673,27.970994932898794
203.68228387158715,79.61548325863004,22.46917779055821,27.809218155912006
203.75244460467644,80.09050622666668,22.328856324379625,27.648254918829032
203.74351231788938,80.54702105914507,22.34672089795371,27.519574739021273
203.39051624473268,80.59156360022516,22.270046780117305,27.430489656861084
201.04128356671688,80.62286625452964,22.288136156996373,27.367884348252126
201.12453389486433,80.58901085637518,22.121635500701494,27.43559514456105
199.32540847462806,80.16245054489171,21.831170142307784,27.510972527754713
199.40904777108443,78.6733101279611,21.66389154939504,27.392465913494597
197.50914686703464,77.2889847349067,21.615316522516224,27.08241523162068
197.8891806124938,74.69600353068702,21.619397070871443,26.919341365145332
196.49139334288444,72.38992093198765,21.368097652403225,26.961195626013616
195.20859598427697,71.54817151310552,20.900527400663734,27.128111979300673
193.25597337672895,70.6937012879959,20.286276280133198,27.330553650977734
193.86475623816304,70.65279510761061,19.815023818219533,27.41236601174829
193.95016061664387,68.48493336954706,19.644215061257842,27.30907131207035
194.02018586683423,67.78337701756979,19.504164560877143,27.241242349765542
194.08287652100944,67.44823497976591,19.37878325252673,27.179380865193245
194.14335859838025,65.67582111793394,19.257819097785077,27.078455681446847
194.2138349867309,65.03048741427882,19.116866321083826,26.917848156441885
195.03486531656068,63.963054477767216,18.916593738684018,26.89003191357542
195.51692229360674,63.99482686744166,18.669658422913827,26.826487134226536
195.21501349037678,64.43645847103036,18.56132460922204,26.65537534720086
195.17326234445588,64.84922236629404,18.64482690106383,26.537633808753
195.13022491372402,64.91167130387336,18.730901762527544,26.412735933594337
193.37179686648358,65.31572331890177,18.713165125850054,26.311550449769186
193.02379970613546,65.80504324274406,18.704060728086876,26.03800932054406
192.41183003548943,66.2637416895885,18.526369803173903,25.82142755995769
192.07501445579555,66.36469211245874,18.505378228004634,25.619526714217216
192.47724734170842,65.29796805831668,18.39213699398479,25.679301209083714
192.62380152644224,64.2386352009446,18.099028624517157,25.7271581946479
192.63393004563002,61.79998053119985,18.078771586141556,25.801263637254742
192.36205244102442,57.93706819966663,17.93557063147942,25.970570497714405
192.40228031657978,55.88975881749301,17.85511488036874,25.942313624189822
192.88866758765656,53.34995534105554,17.5677323845691,26.22417625258707
193.12204851518476,50.85290016359882,17.10097052951272,26.42417116815826
195.20111132160716,50.88720238326738,17.023528540063595,26.35556672882115
195.3446238714597,50.71660080910724,17.414301115382028,26.01897220211784
194.85271549985976,51.23355295197105,17.71886802001927,25.664317754952926
189.64907972790746,50.49619027303733,17.262826775574815,25.781129014276722
190.2588479189066,56.7456844010991,16.716458976711944,26.0723438377255
185.69999481081126,63.799965234752506,16.475941628216706,26.001117517447508
180.5277517441954,68.73624951702968,16.20657544347985,26.74240127086178
178.62537205691345,83.6112961487331,15.991983829176283,26.467548592483162
180.16789599893377,88.49475271306513,16.217932408610096,25.9714255615475
180.06978756541653,91.25169050267806,16.414149275644547,25.726413568296564
180.94920432732312,95.58082343420115,16.63001224071962,25.625165823766114
182.55168827301682,101.9110185886723,16.726630530605572,25.510803003662534
182.1555191127798,105.58393395161167,16.858755942633557,25.42731427069021
180.87556941073856,105.17975938325732,16.774027586492455,25.574506467343006
181.23380287680342,106.45899560106841,16.71951578060299,25.663854536681725
183.44495792154422,107.22070747251226,16.933908815440045,25.46520311502791
183.78223800915976,108.49939257148982,16.922321202221294,25.559723165122083
184.61719906636324,109.38371610371415,16.58079431414847,25.783668940174714
185.1009143823533,109.26482167069446,16.275231303441494,26.0214578062141
184.3512214011143,109.44531266830468,15.793678641217904,26.320788685894204
184.8678697661594,110.98670713300805,15.417064614243934,26.52141327206866
185.02603146025524,111.92475163160759,15.100741226052271,26.605231728862933
185.47249594478063,112.79235428328208,14.856995943825813,26.817577485987133
185.88979334722316,113.72348870713928,14.670574898862636,26.89982991803825
186.0164711654294,114.65111413428966,14.417219262450171,26.9832020154705
186.15536330582182,115.24277105022003,14.139434981665346,27.08609645921861
186.301427220912,116.47632977043548,13.847307151484975,27.178389525143487
186.39432813508685,116.76064405741977,13.661505323135252,27.24594100948615
186.45339339431587,118.36625846501168,13.5433748046772,27.204527242969252
186.54732981020345,119.32159908647225,13.355501972902045,27.187797948787306
186.57757295252196,120.67420595708622,13.295015688265057,26.99387542633266
186.63802392999,121.05768569427967,13.17411373332898,26.850862771756592
187.0417409617441,124.08840434805795,12.986447003936668,26.987098805359125
