32.5,21.5,36.0,48.0
32.029797553287366,20.677247776789912,34.623601599271645,48.645504446420176
32.22062495750233,22.823806503205304,32.93791056837388,49.568531883460764
33.030742929179404,24.941762017204766,31.317674625019734,50.49296666299237
32.36836428150353,26.4630426241371,30.088663829943343,51.281057584769904
32.645256606368434,26.92770614005477,29.53487918021353,51.61964705623371
32.39175371880107,28.1461181862367,30.041884955348273,51.70993897504971
31.15710643326338,29.032642408873187,31.237702336177705,51.210367720022674
30.51860107264415,30.894781370333884,32.51471305741617,50.05852847528204
30.026844314764414,31.560117613878624,33.498226573175636,48.72785598819256
29.784486604358726,33.79133170272382,33.98294199398701,48.125627616707305
29.508023012372465,34.6319467568576,34.53586917795953,47.7300459102049
30.022625047793824,35.43921044873557,34.79541953684779,47.40427295617992
29.95827612398985,36.75182996687039,34.924117384455734,47.35518151741013
31.293411791586262,37.82817298218958,34.8327174023161,47.78136683982494
33.37840444070848,38.36307130989695,34.545925665306704,48.00596803815521
34.887735672479735,39.54249619282441,34.11345055470143,48.23330562523752
38.87532474382361,39.50551220197843,33.874800562170435,48.30727360692947
39.45139117570619,39.42924192705283,34.00927615524961,48.45981415678068
42.70773403042853,38.03449073539831,33.952212090147654,48.667067882352626
42.7197001806543,37.4209756037466,33.92827978969613,48.60078899046484
45.31729091302445,34.8649297290725,33.90076042420263,48.54521864056623
49.062947629081506,34.99481897271805,34.15319206509799,48.28544015327513
49.37460947848201,34.68568650500501,34.820730641159756,47.61284281383845
53.16365810085274,34.20564007187994,34.99252591584664,47.28128692685052
54.03250304815017,33.44357779030536,34.54426980198808,47.515977709263396
55.05754134814775,32.75918566737386,33.77984510544568,47.59911005167362
56.15041348111086,32.690322269039854,32.86845891761524,47.73683684834164
56.598492158880276,32.5125046683587,31.97230156207641,48.09247204970394
57.00470611499979,32.84246581717872,31.159873649837376,48.68447241441942
55.914151250651955,33.34156420849018,30.846450107237473,48.933542267444274
55.65620576861386,34.07034165771857,31.362341071313672,48.72173803858282
54.853808770217185,35.15850646371037,31.715934949715653,49.04780866338195
54.09568897879839,34.989560741541844,31.970205973807655,49.385700107719
54.03590682852447,36.22622409595458,32.0897702743555,49.45489002341514
54.040046418720195,37.505706236847956,32.08149109396404,49.44449507620798
54.09743956360563,37.65675097953015,31.966704804193164,49.142405590843595
54.10739555523752,38.47686426039212,31.9467928209294,48.769738874504505
53.99652984835503,39.984678765224615,32.168524234694374,48.27740865866367
53.95947875835684,40.86004286052846,32.24262641469076,47.78463316220079
54.09748882969283,42.80802357493903,31.966606272018783,47.64402214557592
54.211737011924626,42.880585860927965,31.738109907555177,47.498897573598036
54.25672511673459,45.52432790470223,31.648133697935254,47.16794276408493
54.29325432036181,45.630413323305994,31.575075290680815,46.955771926877404
54.30157168538639,46.377928146125015,31.558440560631645,46.689018960054035
54.21109921856956,47.1133957649452,31.739385494265324,46.442078148036686
54.127831333131816,47.81207348416224,31.905921265140808,46.267998539864415
53.961412662980905,49.57160843203698,32.23875860544263,46.41915149823646
53.85980822973882,49.433480967927736,32.44196747192681,46.69540642645496
53.77995229762335,51.097048348290414,32.60167933615773,47.084345697851035
53.72770186611825,50.946733114216435,32.70618019916793,47.38497616599899
53.62806774838599,52.65578691664747,32.905448434632454,47.7271820791284
54.19291243070621,53.35028603928161,33.03763928022262,47.60006404409072
54.055729417784434,54.75601570230688,33.31200530606617,47.31289959494985
54.52426145248952,56.79091903917231,33.63728064527187,47.03011114706661
56.298737920778024,57.44111558678647,33.87858312476248,46.99313652386084
56.20703195575163,58.277040410988285,34.06199505481528,46.58810833107283
56.18601329648244,59.052384199625564,34.10403237335365,46.30111776670578
56.29297029189634,59.93001253553945,33.89011838252585,45.80589669556457
56.420080718677816,60.6505036975231,33.6358975289629,45.61394057423455
56.532687592547816,61.28413365059714,33.41068378122291,45.58863751149382
55.97871662964762,61.39804626436604,33.280738419269085,45.36081228395604
55.429365951573956,61.4399290665401,33.147132591941165,45.2770466796079
55.40477182445232,61.525605251857044,33.196320846184435,45.105694308974016
54.12757750499753,60.874977256454144,33.29659272843916,45.1798919214524
54.19749131438522,60.776123084438275,33.15676510966378,45.37760026548413
53.53537691089596,60.7454317191706,33.250462503739975,45.43898299601948
52.83669906495534,60.79632803601123,33.414822202490605,45.33719036233821
52.14031173664781,60.76684679991281,33.57345335515363,45.39615283453505
51.91038453662419,59.61162756506216,34.03330775520086,45.23132639487774
51.71823682419902,59.06713805936863,34.417603180051216,45.077664281274814
50.99925118726743,58.50732749474907,34.60900703120631,44.950717987805874
50.74460426534472,58.476579965160646,35.11830087505174,45.01221304698272
49.96224859973554,58.42954666746843,35.42605004879603,45.106279642367156
49.84680556422102,57.75359275151721,35.65693611982506,45.194795473287215
49.73327447674892,57.03404302653039,35.88399829476928,45.36540707169867
49.04595396508295,56.38789073647014,35.98386441248111,45.382936746199086
49.070119614079985,56.341758935389166,35.935533114487036,45.475200348361035
49.105992607253526,56.284469521339425,35.86378712813996,45.58977917646051
48.468768007497616,56.2560947272635,35.86036119469685,45.646528764612356
48.482063880220025,56.237963758034915,35.83376944925203,45.68279070306953
48.5008513504017,56.15938999642053,35.79619450888868,45.8399382262983
48.497493805414244,56.831549918823875,35.80290959886359,45.776215903473386
48.527489788409966,56.854083345509096,35.74291763287214,45.73114905010294
48.58234622602608,56.907783892348306,35.633204757639916,45.623747956424516
49.33989934529171,57.659269477408074,35.39275116033216,45.395429427528484
49.45979322607006,58.387036197097615,35.152963398775455,45.20716112184841
49.594721718216014,59.08433934277956,34.88310641448355,45.07305394310189
49.83889575456496,59.75867441993805,34.39475834178567,44.97845348033759
50.098243284142924,59.74972639446398,33.87606328262972,44.99634953128575
50.329936919523114,59.68458771537432,33.41267601186935,45.12662688946506
50.51141749824973,59.69551104650547,33.04971485441612,45.10478022720276
50.676029846161114,59.113605323217016,32.72049015859335,45.04394695037585
51.45456589226778,59.04631573034219,32.38174747680779,45.17852613612549
51.55660890081488,59.09907189247179,32.17766145971358,45.07301381186629
52.798207421843024,59.13174142805481,32.11418366484945,45.007674740700246
53.445498952719674,59.26038431735689,32.02742977439804,44.750388962096096
54.60521093570291,59.36148958909759,32.11303686166373,44.548178418614704
55.15117193345476,59.39712229097632,32.22197837033614,44.47691301485723
58.69192800970434,59.33821636282492,32.34990063132907,44.594724871160025
58.68697576956809,59.44727302198304,32.35980511160155,44.3766115528438
59.158844157647444,59.39963110891802,32.618381436305114,44.47189537897383
60.24357666689466,59.89425373103538,32.86489982877562,44.69064184022159
60.741420234519424,60.36050080154074,33.08455518752559,44.97349019321036
61.76491197676118,60.80777371325734,33.48402196256093,45.30216949953659
62.24277777197911,61.38717626845724,33.76303472234105,45.37810873935277
62.75128810943804,61.36446645531365,33.986471691212685,45.42352836563996
63.308423892251284,61.377181582335226,34.11699689478206,45.398098111596795
65.73941184606966,61.367808346841116,34.241184678478255,45.41684458258502
65.71469129613035,61.40077009322786,34.29062577835685,45.35092108981153
65.72629185443554,61.49249587642407,34.26742466174648,45.16746952341911
65.70306949384897,61.513983664099875,34.313869382919606,45.124493948067496
66.35578000926515,61.55622866160009,34.25403896004981,45.04000395306707
67.04875639429096,60.99010480248293,34.111416559396574,44.92892130190295
67.07125876461652,61.05429730041904,34.06641181874548,44.80053630603076
67.17336019612806,60.41964017833567,33.862208955722394,44.83322039115645
67.83436539234994,59.88810307523193,33.773997557537776,44.6624956031048
68.01169015772233,60.01548788375726,33.41934802679298,44.40772598605414
68.82236978145201,59.505261239993885,33.0180967616216,44.208071291292924
69.00561418633208,59.522433456206485,32.65160795186144,44.17372685886773
70.41051953790162,58.981472240116545,32.24982675050908,44.05163454015426
71.10246405154115,59.07834204134336,32.06152636232498,43.85789493770062
71.77518058787444,59.192439714885154,31.90566272756086,43.629699590617044
73.07872492586112,59.239864813781075,31.665692962880463,43.534849392825194
74.86664414613004,59.219994360275805,31.624427848732985,43.574590299835734
75.96510255162414,59.11611046078567,31.783743653274826,43.782358098816005
78.82923297889445,59.53822194168322,31.97485024263902,44.12200862580187
81.50602428624404,59.59015347619807,32.58200874167204,45.21029377951859
81.77445734678756,59.944762084948444,33.26371788701949,45.719651828452314
84.77825616213434,59.82132390321191,33.44344175861796,45.96652819192538
86.02242683265925,59.60585386505179,33.4433966087308,46.39746826824562
87.28024876600114,59.99064896635249,33.429091254994304,46.87854732211785
91.73413357239288,59.77122343067995,33.325271931312066,47.317398393462916
91.67581581687813,60.26065442487775,33.441907442341574,47.601162113125085
91.70610066106046,60.11378648182385,33.38133775397691,47.89489799923288
92.96530826796318,60.13773679032384,33.40743969610679,47.8469973822329
94.25440055498717,60.18239125566372,33.37318875948328,47.75768845155315
95.57775900303103,60.192964821515545,33.26658359904806,47.73654131984949
95.65553057534132,60.14065848027078,33.1110404544275,47.841154002339024
96.2537888886673,60.05715791448185,33.181514073872016,48.00815513391688
98.23886023262028,59.406984533132785,33.02337683770047,48.03783341270354
98.51788606881377,59.32984063189552,32.46532516531347,48.19212121517807
98.7461947686212,59.39348174187636,32.00870776569862,48.064838995216405
99.52140034713112,59.4040594534241,31.710408877835963,48.043683572120926
100.24263794718966,60.080800561521855,31.514776438923384,47.937044117129915
100.20955953057467,59.54834959474748,31.580933272153388,47.75995201459014
100.22405154370098,59.509523362279936,31.55194924590075,47.837604479525226
100.22262987710369,59.486303593201484,31.554792579095327,47.88404401768213
100.79798980450661,59.4452679449332,31.645937643013184,47.9661153142187
101.41129703272877,60.03652167316554,31.66393236572778,48.02821703691294
103.90852987749426,60.14185747178048,31.65282200472889,47.817545439683045
103.95653682193286,59.44013638930534,31.556808115851684,47.97849108919934
103.96001811441174,59.40342265060137,31.54984553089392,48.05191856660727
104.67501323775237,58.73781744280774,31.364153167136713,48.13883109927048
107.8847950277095,58.12156898060023,31.15714282259089,48.1288173766118
107.87551438819352,57.495894106041675,31.175704101622838,48.14125294915462
108.58173524984595,57.071442172051945,31.002671742459956,47.750747452992094
109.10197773699328,56.78540809881394,31.192872298926364,47.09213006870705
109.59121284303696,55.881604487915766,31.438385388032803,46.45177068811586
110.67958643984714,55.528829524792755,31.69852234343506,45.93887853985058
110.53799037802634,55.77595251628044,31.981714467076664,45.444632556875206
110.4978657511869,55.39161005824135,32.06196372075555,45.00106971763485
111.10552750133579,55.539414791825806,32.053511337235236,44.70546025046594
111.14516715231372,54.96034192491511,31.9742320352794,44.661341234099154
111.21825125045368,55.00402926626851,31.828063838999455,44.57396655139236
111.27523923457177,55.06374575032877,31.71408787076328,44.45453358327184
111.25717303147883,55.08620853772316,31.75022027694918,44.40960800848306
111.18432633189934,55.086782463306335,31.895913676108147,44.4084601573167
111.07126095255325,55.02518941848573,32.12204443480032,44.53164624695792
111.00708815142714,55.024538221323915,32.25039003705254,44.53294864128155
111.511697386218,54.91546716449183,32.44405798851993,44.75109075494573
112.01437496499165,54.91331218201631,32.6480668267323,44.75540071989675
112.52716353892357,54.95694406832631,32.83526282128454,44.66813694727676
113.18163044999704,54.9864264539685,32.740845292814804,44.609172175992384
115.17437280832296,54.924561707436524,32.39159177831326,44.73290166905634
117.75204613800105,54.721470147832434,32.06915831742303,45.13908478826451
119.71094818400442,54.46104006810356,31.778576754409087,45.65994494772227
120.4584915683877,54.71780838233623,31.49563722106052,46.35855555467492
122.8791890184662,54.494723731981594,31.526196810027784,46.804724855384194
123.53595787166032,54.23079695909344,31.437857628416445,47.3325784011605
125.89330121546584,53.610463344849464,31.649794234608564,47.34158980619765
126.52598750449283,52.9823313607135,31.619728711063303,47.362546719960854
127.1027068619542,52.151949018107814,31.70141292595345,47.78818847535933
128.26740428295415,52.106559959736344,31.857744270991446,47.87896659210228
128.89030166909524,52.14217491023185,31.858768684625694,47.80773669111126
128.84625499129737,52.252314631570286,31.946862040221475,47.58745724843438
129.43887403821898,52.356606071034875,32.00554632669383,47.37887436950522
129.43434385880107,51.695891512991416,32.01460668552964,47.45854158299589
129.36212670852314,51.81428465915096,32.15904098608556,47.2217552906768
129.36288351854535,51.84120147244569,32.15752736604111,47.167921664087345
129.38787286842782,51.80838653276337,32.10754866627614,47.23355154345198
129.34572263147393,51.76783333056699,32.19184914018392,47.31465794784476
130.02922729200034,52.36248446809072,32.068719993958155,47.369235847624324
129.9758379509015,51.64858981330596,32.17549867615584,47.55436216453156
129.9838638121587,51.64777514961219,32.159446953641456,47.55599149191911
129.98879391318133,51.720889763591096,32.14958675159622,47.4097622639613
130.6699692883809,52.40499765382885,32.0318465126693,47.28615699495809
131.2760265121257,51.83814280248534,32.060536242624366,47.179062520200475
131.900491218214,52.001650860917785,32.051276126937715,46.85204640333559
132.5113296308961,52.768828588826175,32.06419782347525,46.55228946942056
133.06470640637787,52.1991567596218,32.18774540133356,46.46133199900755
134.75242082787597,52.20346933358488,32.505229283178615,46.452706851081395
135.1833603605275,52.1677329782015,32.87942625745097,46.52417956184814
135.66647297557157,52.56162865471681,33.15651716813304,46.979704349587735
136.83464860374713,52.55044741710329,33.3296694167035,47.002066824814776
137.43651903605505,52.39497477026487,33.38386680744001,47.31301211849162
138.10938810179732,52.759127004110994,33.30165273569243,47.84823171053631
138.72813748166556,53.326970059476096,33.33439532457344,47.98278694842361
138.87923640781764,53.29782404499108,33.032197472269274,48.04107897739364
139.03392928149984,53.852270852917684,32.72281172490487,48.200883989313276
139.7681969389763,53.476772379392074,32.52026373397371,48.95188093636448
139.82519224999226,53.77266480984278,32.40627311194182,48.360096075463076
139.8621800104383,53.91595958303207,32.33229759104971,48.0735065290845
139.94403295627626,54.07526375152003,32.1685916993738,47.75489819210857
140.6566289863463,54.16988836784887,31.99351022947077,47.565648959450904
140.82113484275558,53.501870687108635,31.66449851665219,47.65731640379562
142.747917599728,52.79549840930696,31.531796164131023,47.82977323892442
143.4724348754833,52.60348986037939,31.323431157415307,48.21379033677955
144.10011820379057,52.26679128517735,31.311019143688334,48.88718748718364
146.46613877043933,52.668562995921945,31.590246365726667,49.33646115452839
146.95579485301747,52.376012617590156,31.875122534264253,49.92156191119197
146.87574321587843,52.932695903039544,32.03522580854235,50.085878378104105
147.28195766919657,53.51913328693115,32.50560632948026,50.195813037895086
147.91788207685795,53.54676995175669,32.5260519722727,50.140539708244
148.59191840327688,53.456228915832206,32.46978738744808,50.32162178009297
148.60171028443278,53.26422501093528,32.450203625136275,50.705629589886826
149.22422798815043,54.043828303603846,32.50416085406296,50.44541564091161
149.21584310196047,54.78472285490849,32.52093062644285,50.25962973995705
149.23058458552677,54.76582363299742,32.491447659310246,50.29742818377919
149.31195165668206,53.93912600662647,32.32871351699971,50.65724499191113
148.66299351015735,53.90278169402554,32.330387305419784,50.72993361711299
147.94541283295294,53.427680371212034,32.468192542738294,50.382780145649726
143.37209082143272,51.925703042735435,32.5535661683649,49.5033332037113
143.4129991567256,52.271390795313124,32.47174949777917,48.81195769855592
143.46732130240113,52.34493220023582,32.363105206428095,48.66487488871052
143.47192509961855,53.13614055884224,32.353897611993276,48.34945173093149
143.4471797650072,53.468239368574984,32.40338828121594,48.94736231895615
144.0707110356825,53.81706223898934,32.42822411441048,49.52161495267259
144.09788968377515,53.08333613591154,32.373866818225245,49.708151484976874
144.03491336197007,53.57563371199576,32.4998194618354,50.0063604227005
144.6761841698787,53.41582961967826,32.50664143320988,50.325968607335504
144.65181914155906,52.73402497925335,32.55537148984916,50.395319458787604
145.30907013341258,51.99044829286234,32.53697702900646,50.58636530870535
145.2196380237391,51.55968258741875,32.715841248353385,50.14923927534101
145.14447605620563,50.34835275952679,32.86616518342031,49.98170405172662
145.06715210770682,49.85423940291856,33.020813080417966,49.674842451033086
145.6099679984777,48.68793734441131,33.22823809113,49.42133298353995
146.16895027803236,48.90524131931353,33.4029654516039,48.9867250337355
148.60937257570527,48.52790788209141,33.67833424508812,48.4523385609722
148.60921751844165,48.643551606954304,33.67864435961538,48.221051111246425
149.23838180137295,48.497318546103514,33.70239188048983,48.51351723294801
149.89694451545273,49.010354454912864,33.672142028641225,48.774320991640266
154.61082607314805,52.23429309743621,33.27651206140676,48.777967383847965
154.70667624851004,52.39383624964431,33.08481171068282,48.45888107943176
154.73024144109033,52.446222394541834,33.03768132552222,48.354108789636705
154.74361906574865,53.26666790386016,33.01092607620558,47.98671690855035
154.6698189696907,53.379662990516145,33.15852626832144,47.76072673523838
155.18912681792483,54.06146343372193,33.38647276275571,47.66368803972931
155.76852457777238,54.752914050629585,33.496534616887494,47.54964417974093
155.78477464303282,54.898179871942006,33.46403448636662,47.259112537116096
155.84511916752862,55.58228420206565,33.343345437375035,47.15493349176526
155.93181652015798,57.59711862939382,33.169950732116305,46.90667822588072
155.88300966226294,58.187323979212664,33.26756444790643,46.980138083353175
155.8622965957672,61.272560609189306,33.30899058089793,47.09259263006122
155.90253017081716,61.15605714513257,33.22852343079794,47.32559955817469
155.93745421428025,61.63376496625382,33.15867534387177,47.63134021228373
155.3951603727159,62.658907660724665,32.97864804001221,48.11028479731858
155.4826976963304,63.56462244994009,32.80357339278322,48.836565950621186
155.66256866860044,63.284349449682665,32.44383144824313,49.39711195113603
154.30779961516666,63.18269086213947,32.59474880588347,49.60042912622243
152.86557623600748,62.73062369007654,32.90946580952827,49.21969859301152
152.04531615961633,61.85977105435816,33.265604867954515,48.392641675736144
151.91199463507849,62.129115045539145,33.532247917030205,47.85395369337418
153.27578615128274,61.509797986347905,33.3529217170876,47.81845939552368
156.99226018989518,61.40417864937602,33.543801254171385,48.02969806946745
157.1768106194,61.99208695675015,33.174700395161764,48.13085020217589
157.2942994589775,61.090328974366244,32.939722716006784,48.6619627386151
156.79437753706287,60.88097523823003,32.663059728795275,49.08067021088753
151.57610337230633,51.30829138647124,32.87394548749107,49.052920594122696
150.8330766542225,49.517701915622695,33.078709972040514,48.79023268096518
150.74898555719133,49.56449541662497,33.2468921661029,48.69664567896062
150.66265356961839,49.53390592408202,33.4195561412488,48.75782466404653
150.60402499776325,50.12214523900991,33.536813284959074,48.86723050430748
150.4952534972174,50.559122978797944,33.754356286050786,49.282743275200254
150.44528303341966,51.04481327962786,33.85429721364626,49.61067778702866
149.20040473233001,54.247651941868554,33.73225365450878,49.734500865839216
146.53106021795568,53.740171987759425,33.84797145849869,50.74946077405747
142.6579762342833,55.02814928905983,33.656731010859176,50.81930897645144
137.94005798431627,54.234209078853176,33.84714136370621,51.08641423299518
133.81874998639952,53.50235649482292,34.12210854415913,49.89423646259551
130.08881937689344,53.206140603823556,33.69441320062481,49.172075484169824
125.7712657495706,51.62719538123275,33.252904428929924,48.439987632348334
125.99026322939412,52.00065449482067,32.814909469282895,47.693069405172494
126.75014429706832,52.017112450836926,32.555018843361715,47.66015349313999
128.68567500002987,51.96519029314102,32.449202234405384,47.7639978085318
132.01784493332687,52.05588346486944,32.05932695576517,47.58261146507496
132.13722728169216,49.704856291717995,31.820562259034602,47.301813735301025
132.06078809165072,49.258444105918464,31.97344063911751,46.957097637440214
131.93010625038505,48.69796810655759,32.23480432164884,46.84315821166162
130.12777899930032,48.24916249882871,32.12696723399773,46.50327223051253
130.20012434779002,48.31433050541223,31.982276537018333,46.37293621734549
129.70524552522403,48.74963167389123,31.745785924201908,46.72858213833587
129.77686758062652,49.238596108215305,31.602541813396975,46.978343092600475
129.813208107584,49.144807994427424,31.529860759481984,47.16591932017624
130.32202466047877,49.00498179689009,31.74290955318146,47.44557171525091
130.28952567349978,49.451274287758295,31.807907527139434,47.791398351704174
131.4040681595239,50.085386492219754,32.06817993009557,47.767852630283436
132.4883583963136,50.26521983612159,32.396882248664745,47.40818594247978
132.41561783729873,50.41573022395763,32.5423633666945,47.10716516680769
133.0216764456772,49.898790991457375,32.576796424163675,46.89449335758206
135.5251859139925,49.919148649754746,32.545437480534076,46.85377804098733
135.53433119468372,49.23727446965525,32.52714691915163,46.97474212666494
135.6019321110889,48.653879020140266,32.391945086341224,46.89722823027535
137.63046317930448,47.952327547936264,32.057600757700975,47.05942523875305
137.9332680753863,47.7328836762161,31.451990965537306,47.49831298219338
138.20913666989512,48.2185602541109,30.900253776519712,47.76133547093784
139.06139225122595,48.24871016763312,30.424880837586315,47.7010356438934
140.4011321400348,47.62273604201914,30.18602125156739,47.73267379932196
141.74573853109257,47.54299034742042,29.930394690674877,47.8921651885194
142.26125122267084,47.56574754670099,30.11426572382243,47.84665078995826
142.8009499764227,46.97673419900113,30.252162307639683,47.807383394037
143.40827171887327,46.359496679901625,30.25653216754612,47.822845087428384
143.49728729442992,46.50606685999228,30.07850101643281,47.52970472724708
142.96872709401157,47.201169811035534,29.923654158611072,47.35146608381906
142.9637505682511,47.33523128419822,29.93360721013198,47.083343137493685
142.94400299514058,47.50238241696273,29.97310235635305,46.74904087196466
142.80856504750034,47.691009457349416,30.243978251633536,46.3717867911913
143.43586394365337,48.28273610750676,30.186799768695042,46.38575280024425
143.52739383580266,48.769758617464916,30.003739984396454,46.60838455153987
143.58585934586733,49.09385536181384,29.88680896426709,47.157148670739474
144.7712191907037,48.820949737833914,29.922496887918033,47.70295991869932
146.0618686540752,48.961541987139924,29.765084831984975,48.633718855492255
147.9001923479504,48.66205911589351,29.757939874769818,49.23268459798506
147.870156521308,48.490304823223255,29.818011528054612,49.57619318332558
147.8711618183554,47.81929780041184,29.816000933959792,49.680142026170344
147.8172329235065,47.22050903754891,29.92385872365757,49.63814464043231
147.7245213390655,46.57215546432484,30.109281892539627,49.69408538389757
147.60258996037027,46.51569565037499,30.35314464993005,49.80700501179727
147.4425709290801,45.62952514455974,30.673182712510453,49.078360385542325
146.61948673609578,45.44497947386998,31.074339456881717,48.20244008532455
146.50698749997116,45.27571109212578,31.299337929130978,47.30234128973224
146.4546967783377,44.91612299723706,31.403919372397866,46.7926147421682
146.3946364965109,45.63381800324121,31.524039936051434,46.58021533814291
146.2417006428087,46.303116965887256,31.8299116434559,46.463407495565754
146.0421870531703,46.37830139966545,32.22893882273269,46.31303862800935
146.43269302180926,46.34521570066816,32.67734304208598,46.379210026003925
147.4551088751226,47.08475229518664,33.1081156187894,46.13793897863202
148.129085842687,46.983954988464106,33.00140215228721,46.33953359207708
151.2089555041048,45.49223652289544,33.05433255490503,46.837902633033025
151.04978218780784,44.78401298137851,33.372679187499,47.0034199239687
151.52241055160215,45.37184485333361,33.68608850579191,47.086422225940055
151.39593428529614,45.37385242209897,33.93904103840396,47.08240708840934
151.26581281527928,45.5933903273035,34.19928397843765,46.643331278000275
151.1025428933381,45.94199377846456,34.52582382232005,45.94612437567817
150.92130459210577,45.69768148895911,34.888300424784696,45.173209586017165
150.80509881920784,45.95089178285782,35.120711970580565,44.66678899821975
150.7521178308264,46.10027498055919,35.22667394734342,44.36802260281701
150.59135051780373,46.874350455953255,35.548208573388735,44.06875198469068
150.58319907890336,46.84809618774521,35.564511451189496,44.12126052110676
150.6398236831568,46.79815049822719,35.45126224268263,44.22115190014282
150.74725769624897,46.76615823020417,35.236394216498276,44.28513643618884
150.85104773801763,46.74732979191655,35.02881413296096,44.32279331276409
150.93906437826996,46.79216057973018,34.852780852456306,44.23313173713684
150.90327147280166,47.38073100521048,34.924366663392895,44.296750946406156
150.93208411345762,47.31400401559368,34.86674138208099,44.43020492563974
150.97958576363874,46.77407208626299,34.771738081718766,44.26607258921666
151.0267236654326,47.30587721494295,34.677462278131,44.44241127115925
151.08602999293907,47.252794852262596,34.558849623118064,44.54857599651995
151.15857972501502,47.13039961542389,34.413750158966195,44.79336647019737
151.22358161183763,46.96546717904374,34.28374638532097,45.12323134295766
151.20704385410968,46.83827804874741,34.31682190077687,45.377609603550326
151.1385558439845,46.68852591603266,34.45379792102721,45.67711386897982
150.37437132226665,47.17668516679094,34.725891092743076,45.95707123918312
149.55319465271356,47.63031380696708,35.103275272522666,46.31478311815752
148.75271904420177,47.499424911069454,35.42766550263224,46.576560909952775
148.07282603037223,47.922124880510225,35.50162241442054,47.01699008694204
146.9790816741548,47.75004833593715,35.101644770725486,47.36114317608818
145.84632332451318,47.65767893996865,34.78230271682309,47.545881968025185
143.64723209910147,47.6578608073814,34.02046558855473,47.54551823319968
143.48630069153347,48.261591722160865,33.064824974769635,47.61555983256183
143.4013711809404,48.87698990950119,31.97185463687964,47.64759281695734
143.21068125870423,49.46884785764323,31.107995044847208,47.70911635717805
139.06373200522538,50.75460864925394,30.779184224013868,47.60122601046836
139.21705149860742,50.633920213059895,30.472545237249783,47.84260288285646
138.60038368972488,50.57969670931767,30.482660764490703,47.95104989034089
137.79378565377158,51.20019121896124,30.870848447359585,47.935069260091495
135.71538642861788,51.97510615877472,31.333908193087865,47.616485615324216
134.91319174605286,52.72476208883889,31.70411232604411,47.35135898736967
134.17696325931206,53.55326301478371,31.940214986949652,46.930711448056115
131.74854645697408,54.25730204678537,31.861268139239215,46.7565784971494
131.16365824588013,54.84151797638909,31.80102350405636,46.81816769531268
131.19217568863638,55.24881790241187,31.743988618543852,47.23351827845571
130.68427645345275,55.021212737174004,31.52454093323523,47.68872860893144
130.06582298292437,55.51421815865734,31.52301282880942,47.941152811447324
130.0840750782815,56.30711721445777,31.486508638095167,47.59754718937579
129.4521878483995,56.300336136393796,31.513846549118774,47.611109345503735
127.57875808382154,56.297285369848396,31.549424536373607,47.617210878594534
127.58391176053755,55.576384200755456,31.539117182941588,47.82123713868855
127.01376782728774,55.517336171921585,31.438741794555973,47.939333196356294
126.24558811541684,54.958011177909825,31.734336902477704,47.81721886855977
125.05191721486199,55.03052193891143,31.63398877731457,47.67219734655656
124.3671165636618,55.17531207219267,31.76358559999,47.38261707999407
121.22294102613343,55.42330592082551,31.862889454669833,46.88662938272839
121.17989164308311,55.06730794227598,31.948988220770467,46.36662216314612
118.6234631363158,54.685524332383345,32.15943108342796,45.90458584521211
117.98676311433032,54.83060373056702,32.210718251473885,45.61442704884477
116.78643891397323,54.3666366826977,32.174207158565466,45.3237813977721
114.21328566523218,54.47700830523138,32.466149527775364,45.10303815270475
114.01220943512986,54.565153967484086,32.86830198798001,44.92674682819934
113.28553341260353,53.97686523106755,33.10267765486449,44.884347922864244
112.0437696631299,54.08740012641927,33.14186499180313,44.6632781321608
109.12104420302205,54.174797768951684,32.89002860911616,44.488482847095966
109.31298119427282,54.20391188420311,32.506154626614645,44.43025461659311
109.47278033321028,54.17446890262337,32.186556348739714,44.4891405797526
108.40106743133258,54.06747323502164,31.927629167136782,44.70313191495606
108.49781129807147,54.09062438421681,31.73414143365899,44.65682961656572
108.60378358693937,54.13803851616093,31.522196855923205,44.56200135267746
108.03283992556479,54.21517741563433,31.472720457065744,44.40772355373067
107.4828768345187,54.24282441180651,31.384426107521787,44.352429561386316
107.55894719396171,54.326362833623946,31.232285388635773,44.18535271775145
107.62579897767137,54.99142257688581,31.098581821216484,44.03614094431887
107.00507897054999,54.87817325466824,31.16356660702789,44.262639588754006
107.08741565504482,54.978733529836965,30.998893238038228,44.06151903841656
107.20438604282477,55.60511703793918,30.764952462478323,43.98394919887849
107.37350926783058,56.07515026927482,30.426706012466695,44.21405638326213
107.70515166896038,56.36354284702564,29.76342121020709,44.80533128785796
107.54695205427598,56.066082238709996,28.913858230484685,45.40025250448926
107.39254855940808,56.27344774964908,28.06194144519049,46.14624525764108
107.81244243929238,56.11243415891566,27.222153685421894,46.46827243910791
108.22129229473063,55.959005029930516,26.404453974545397,46.77513069707821
108.63710567695138,55.682730667284964,25.57282721010389,47.327679422369314
108.91862761251394,55.47085216470744,25.00978333897877,47.75143642752436
109.126894734473,55.335035124698166,24.593249095060656,48.023070507542904
109.25075663249272,55.284622101017526,24.345525299021205,48.12389655490419
109.35260296283045,55.77903887234796,24.141832638345754,48.25853668577578
109.41726015960244,55.332716547748504,24.012518244801786,48.0292555685894
109.41438968744984,55.42394269559027,24.018259189106985,47.846803272905866
109.44696217806565,55.46320243888705,23.953114207875366,47.76828378631231
109.48436581369847,55.96240527235379,23.87830693660971,47.88138273853527
109.58989076839985,56.92275966205328,23.66725702720695,48.18440283521392
109.67209007617687,56.344314034496634,23.50285841165292,48.22865822691773
109.80520391876802,56.869608356775444,23.23663072647061,48.28850214721414
110.01059732759146,57.483550711139486,22.82584390882375,48.16730217552939
110.21255942540711,57.9337231069795,22.421919713192445,48.36473632247254
111.05362986931367,58.422370144400006,21.833385254262772,48.48104867651497
111.40194727048492,58.07559398473945,21.136750451920236,49.17460099583609
112.97389495536184,58.43040699005135,20.158401451730406,49.54774816999429
120.75282747608256,56.53593057250792,20.662829441446164,49.05342286343924
149.39653493868454,43.145562627008744,21.298571782258147,47.9452311819114
149.21845743838995,43.15492619955593,21.6547267828473,46.85864890256229
148.9936745077288,43.63781701514287,22.104292644169643,45.89286727138841
148.78065220329188,44.105269565076966,22.530337253043452,44.957962171520215
148.61305508109095,43.861730694869735,22.86553149744534,44.39916187260186
148.4712644184887,44.568006384070635,23.149112822649816,44.030092530595894
148.35667197722555,43.775082806842455,23.378297705176116,43.53005178930404
148.23308000432425,43.59026876776298,23.625481650978692,42.86015292488715
147.63398770847647,43.88289681970339,23.789776757248596,42.274896821006344
147.60599250790466,44.5170922867549,23.845767158392192,42.03456115344316
147.53583602652733,44.72210118624811,23.986080121146877,41.62454335445673
147.50858422128044,44.8435248752858,24.040583731640645,41.38169597638135
147.4750590902846,45.02963583463231,24.10763399363234,41.00947405768834
147.39422217460498,43.83885825400247,24.269307824991614,40.346853608972665
147.78252835726306,44.562443129046365,24.500316264060146,39.907304663269585
147.178279116983,44.785802552405855,24.703845870865024,39.4605858165506
147.56193951418493,45.014811921565716,24.93825117326915,39.00256707823088
147.60808198107983,44.11682085125542,24.845966239479388,38.80093401621052
148.15173859597945,44.16738614299487,24.752908332795755,38.699803432731606
148.20600448794067,44.256198269961516,24.64437654887329,38.522179178798325
148.2848163683599,44.76690415538576,24.48675278803486,38.48749454026131
148.27271410745652,42.93535927194765,24.510957309841636,38.21627166806257
148.2749569871893,43.574015651720885,24.506471550376016,37.918889359956445
149.25970017772437,44.10714697814285,24.487804715192457,37.82803648005578
149.95945942691665,44.83561849935164,24.06202612450711,38.31857325303657
150.6735075643104,45.560813910840054,23.60788889342724,38.816100517475014
150.1733701413428,44.69601945564605,23.634410523866784,38.59818299687164
150.19888786048983,44.69095072013139,23.583375085572676,38.60832046790097
149.80826889525872,45.09678433754916,23.394361217236252,38.76690503186414
149.3069484069028,44.256008450815976,23.42757000196986,38.50959242137401
149.30589837850658,44.88422570897379,23.429670058762298,38.21932443798907
149.2756126841013,45.04676940574361,23.49024144757282,37.894237044449426
149.8889151326412,44.97693581323531,23.221697952447144,38.03390422946603
150.017413908464,44.97567733694011,22.964700400801526,38.03642118205643
149.53181804195503,43.756982986532776,22.984539229202746,37.61975116902111
149.57774030364442,43.85279301714381,22.89269470582402,37.42813110779903
149.1356431411352,44.50891048353505,22.835788665434183,37.05699654042481
149.10676433748182,44.68217472837271,22.893546272740963,36.71046805074948
149.13414812802534,44.77339645631137,22.838778691653857,36.528024594872164
149.05508156052588,44.55100878590706,22.9969118266528,36.046006553928535
148.52036142449637,45.25489123643921,23.144108035717387,35.560485715858626
148.85259328748907,45.01518623638094,23.39708258930765,35.12245743639949
148.8673916147746,44.2621593769929,23.367485934736607,34.798353822122
148.8426989492446,44.477603993014604,23.416871265796622,34.3674645900786
148.42517870928947,44.15469324906985,23.347844725096667,34.10921905735787
147.93801784659047,44.736057232549086,23.423124816835603,33.84553272405848
149.2556721139312,43.96211096063186,23.47676355303402,33.600793753973015
147.88111630164167,45.431444223463025,23.54533785085931,33.34266455506443
148.28340974348401,44.674915379651175,23.631498925524305,33.07422632598879
147.8116240279566,44.758904395348594,23.686959746007922,32.906248294593944
146.87710129234614,44.847408743608035,23.783041495943902,32.72923959807507
147.27848037162616,44.97792300704706,23.86566275509394,32.46821107119702
147.68625525837305,45.11076546034383,23.932891365950816,32.202526164603476
148.54512273304294,44.396922738910924,23.97485254770695,31.870515476373356
147.6308198024099,45.387083315380686,24.052476317869328,31.641176414537593
147.15122699332113,45.45365400080969,24.13839260339583,31.508035043679577
148.91982083465362,45.04537343296406,24.091772092200348,31.45195438650347
148.1045202799928,45.12631670743991,23.980315052994076,31.29006783755178
148.1958706093259,45.07473320294498,23.797614394327844,31.39323484654164
148.29430154511118,45.47607114376675,23.60075252275729,31.455903557590393
148.31472563228618,44.612069024483525,23.559904348407294,31.457734833103743
148.383690567779,45.005945414010455,23.421974477421642,31.5324295853585
148.4318599196894,45.38072028005208,23.325635773600887,31.64420846855595
148.42423701978475,44.62009281217428,23.34088157341016,31.442565576303792
149.42931079673596,45.830142131601505,23.04801302085462,31.598385439469673
149.90031856033164,44.61302633749947,22.962206637557692,31.463989595990487
149.93714433678403,45.920473320928075,22.888555084652936,31.407398795324795
149.49840185708968,45.077733078786466,22.91533617483105,31.39147154118689
149.85414326929688,45.58405934147605,23.054754777453674,31.229720442844794
149.3796144554093,44.43686074996485,23.153080290550598,30.971921281832365
150.71407435298653,46.133450320284204,23.02944058300283,30.97244892466927
149.83961405050124,44.915526073673696,23.08553113734424,30.86905234194647
149.3779897540426,44.957323823847744,23.16301828219521,30.785456841598368
149.2586931522605,45.05584168723166,23.401611485759435,30.58842111483053
149.62737689954767,45.10368507149405,23.510891181214514,30.492734346305767
149.24611314696548,45.07566025412595,23.426451085810108,30.54878398104197
149.68165813979388,45.086300690293434,23.40180899512409,30.527503108706995
149.3278523831609,45.429575860963226,23.263697702489463,30.686675573268012
149.26835797024856,45.92437940574834,23.382686528314164,30.542964536513722
149.59198503899677,45.2679035693955,23.581079419954637,30.164622150945593
149.76381485523694,46.15375853521343,23.237419787474273,30.079120315371185
149.8327964345563,46.15298323403009,23.099456628835583,30.080670917737855
149.4429848250333,44.530831800445924,23.045082114491233,29.988982851344836
149.89081722013333,46.125514958750074,22.981133831948952,30.126482565367702
149.92404135132057,44.903344470333785,22.91468556957451,30.072515566984105
150.0636148370256,46.166057688429234,22.635538598164413,30.03968661950509
150.14400575859906,45.718308076224346,22.47475675501751,30.10936916543847
150.16475870266564,44.97372664616837,22.433250866884375,29.95003002280153
150.25687726990714,45.45733634466524,22.24901373240135,29.803964025288025
150.3257197007239,45.377880194578935,22.111328870767828,29.96287632546062
150.36205664166897,45.010158818388966,22.03865498887768,29.88223136347797
150.37604990564657,45.9770803114542,22.01066846092251,29.57574020698986
150.74650826472873,44.899012374900835,22.078320153331813,29.30617084837575
150.32414604024618,44.97072601873669,22.117466283310332,29.162743560704026
150.32414376290455,45.42120342261733,22.117470837993526,29.06582451814035
149.8901357975476,45.92969033823492,22.182925400239416,28.85141205537324
150.2586982659431,45.57792508805627,22.246162899883583,28.75458011929538
149.79736960179426,46.05992956351752,22.368905170383492,28.590486226170725
150.70184530160006,45.907396393764714,22.15876463241866,28.895552565676343
150.80980406376324,45.76668531488545,21.942847108092273,29.176974723434867
150.89249656844345,45.6627532521392,21.777462098731835,29.384838848927373
150.93353635854223,45.579808094648726,21.695382518534316,29.55072916390832
150.52095638392024,45.53399837695492,21.717509715179002,29.64234859929593
150.9368579103415,45.92079598129108,21.690490161623813,29.673536889910928
150.60225099851564,44.745000140245125,21.55489043702236,29.61068792724341
150.1364133646687,45.55803201997732,21.68492573906559,29.587904099080365
150.94528712212463,45.5611474316169,21.67402812702875,29.58167327580119
150.51374003912872,45.57047842150014,21.733970195721835,29.56301129603471
150.00073504414792,45.59465944000175,21.956129658849065,29.514649259031497
150.00436629819052,46.044632263899224,21.948867150763853,29.421453594486067
149.9802538665435,45.29984833482309,21.99709201405791,29.300588333696712
149.52181287091759,45.727502236142904,22.10980582886853,29.249448707498335
149.08065564420008,46.14636238190249,22.186890790686114,29.21695790759657
150.35792307788975,45.32676902285178,22.050331270450673,29.24416106093542
149.8917148402304,45.77231890216458,22.178568512053644,29.157240536025554
149.49463914078297,46.16227253355272,22.167772270197922,29.182280913999843
149.49347840803796,45.400125169247005,22.17009373568793,29.09627019709618
149.4830678001863,46.18159124096831,22.190914951391296,29.14110167313613
150.022765032518,45.64383361184363,21.91642366625676,29.411713751856517
149.5420605450863,46.10138351666227,22.073293920384238,29.30115266295524
149.4975766672896,45.34952831469873,22.162261675977643,29.194022951863012
149.04514329334918,45.76842224148852,22.261886863586078,29.161476658555753
150.3396310450025,46.06582376358757,22.092018615875062,29.37304269955621
150.2871776579118,45.33212378527508,22.196925390056496,29.226806427398028
149.84248415001827,45.764352577425164,22.28000729329008,29.168653955651376
149.41839408641897,46.17905803866209,22.321414043980887,29.146016409685252
149.39878149007907,45.4062475297241,22.3606392366607,29.077431902050343
148.9788167058137,45.820922101777704,22.39387238798851,29.054779175146063
149.81881639566677,46.14057186610257,22.32765657891117,29.22237143181073
149.81586780124843,45.385591156978315,22.33355376774786,29.11559906448268
149.84388645067827,45.78401051476524,22.277516468888194,29.12559746330054
149.4234786067947,46.18099802314438,22.31225481309895,29.13769979009861
149.42272568863982,45.39317998507909,22.313760649408735,29.09968176081638
148.99651611270886,45.768444769360414,22.359907181712984,29.15542481181138
150.2815853800205,45.640445431103984,22.213386072620086,29.411423488324253
149.7944872893333,46.087568083722594,22.37820111720902,29.32655931987249
149.7686571393775,45.29171586962641,22.429861417120588,29.29671210878806
149.3156181100758,45.725149889835556,22.52477701561869,29.241006528475083
149.27977707294258,45.720160749623204,22.59645908988512,29.25098480889978
149.23093590595252,45.730054666813615,22.694141423865258,29.231196974518966
149.16855952683244,45.743710489901616,22.818894182105396,29.203885328342956
149.09867971291206,45.36551827744242,22.958653809946135,29.144199086644747
149.1156158761699,46.5951516534151,22.92478148343049,29.13721216886931
149.5333704768619,45.3482386493678,22.90604293683778,29.180726212590052
150.03090125069312,46.53462483549984,22.728112635804944,29.259347580214808
149.6033783259713,45.3137523166564,22.76771577508957,29.254764487424765
150.04487682534932,46.55000539911729,22.70073482599556,29.230306471488888
149.62120773348613,45.297754365558106,22.73351794628664,29.29114334830141
149.6238103555001,46.52059357455572,22.72831270225869,29.29351119236416
150.0606314402193,45.616395530845494,22.670637494588295,29.469973356248516
149.62065836967582,45.20491016369776,22.732864638452963,29.475225093321676
150.09228148916353,46.395513449043065,22.608429409662392,29.550451553185532
149.607507845507,45.191843862876894,22.760044250616183,29.50399338644008
149.21558677270224,45.60815012142519,22.724195044772536,29.491072220796656
149.6380242388314,45.572123398517746,22.698231627861524,29.563125666611548
150.0425916860259,45.13778864380434,22.70868361798005,29.612208291530827
150.10106618253812,45.52395536583602,22.591734624955595,29.66037934514994
149.6287163791603,45.127360532795464,22.71710034317708,29.63423512269687
149.6867532862052,45.53392504056456,22.601026529087274,29.64208301768123
150.09859968323218,45.109852661984874,22.596540509418972,29.671021000455006
149.2444001295202,45.99800903390532,22.66579140119288,29.53385647226412
149.17227096934053,45.60110568965817,22.810049721552218,29.509049893216833
149.25106232361185,45.983977283398964,22.65246701300956,29.563888080475053
149.63722251460004,45.556933960181524,22.69900043349256,29.599120924450542
149.66560956402208,45.95806400533995,22.64222633464852,29.617008448927415
150.0361881493025,45.565396621425904,22.720565089901008,29.582847290942148
149.6411994554523,45.960415584116596,22.69029184301749,29.61306000014463
149.1828198595728,45.610063427193296,22.7868328665517,29.493546145766427
148.78795143219668,46.385789874475705,22.75660206638542,29.582028561038637
149.5942678517167,45.98626919327087,22.785618016944344,29.560245528648814
149.1615790110742,45.622737756669366,22.83003129564507,29.46634399926756
149.25811796429272,45.99508993738358,22.636953389208053,29.541894721654124
149.6396173479061,45.59290106826195,22.692221035005883,29.52800604687276
150.07068204862225,45.568113579548196,22.649045784658608,29.57758102430028
149.6269351872661,45.54582770814141,22.717532878344223,29.62215276711385
149.2162661922591,45.942160813561266,22.718070922159676,29.65028650247274
148.74402592506706,45.58322648431614,22.841314315890244,29.546918020309523
148.68318803476672,46.00157951431514,22.962990096490977,29.53187876183139
149.51611891698434,45.5951613380802,22.943957403001313,29.521300578828452
149.15857884738506,45.994655029546884,22.836093491677214,29.54525724641776
148.69377022546792,45.63535786011365,22.94415411401131,29.442294963784036
149.0908425867633,46.0343875958364,22.97175145404771,29.465977554965672
149.1222873267542,45.60684324449088,22.908861974065942,29.49851477601346
149.22197231305591,45.976780990663904,22.709492001462465,29.580665727787395
148.7549819312083,45.62709736391794,22.823435515585786,29.459995731707405
149.6168809043005,46.00649952198677,22.739739792507468,29.521242527122762
149.11061168834416,45.66033966018832,22.932654203466072,29.39393822976558
148.72122620876456,46.06427506127385,22.890607623545197,29.40688496667461
149.53131939101291,45.66079791924349,22.911085944968704,29.393506907775205
149.15771539825738,46.02765557822005,22.83783314959109,29.480252370710765
148.73714458367684,45.63259619665558,22.858380857286125,29.44977721237363
149.12196489717982,46.01160454668353,22.90920332287643,29.512223604913995
148.62993958177304,45.65287435422378,23.071012898920028,29.4074429350635
149.0768231837867,46.02497279045749,23.000514736384666,29.486515104088085
148.62476428302074,45.65397294427921,23.081300703403514,29.405182961931512
149.03418692393842,46.044877485986106,23.085856845068434,29.44677530201799
148.577556856411,45.669126402429136,23.17500661038778,29.37416709939646
148.98080170056446,46.068528562378475,23.1929641446918,29.399810002108737
148.52126814494434,45.31152124183261,23.286901168620805,29.26356446857804
148.93398404301308,45.70065245274508,23.286038790904264,29.30987146517404
148.5720560910229,46.08300525524474,23.18463114617969,29.37042940887968
148.96727764751012,45.659839092706335,23.218734160522242,29.392215606639525
148.58854222592893,46.04933898442961,23.15077324493739,29.43864758194013
148.98353724359694,45.6580535797723,23.185822461824493,29.396179139031645
148.5984334301381,46.043835829076926,23.131071243499175,29.449573485665443
148.96757749209786,45.66160657228695,23.217669683619008,29.38914543520599
148.62815402640953,46.04860022044754,23.071149021217515,29.440525732662973
149.4277810646601,45.275527615957344,23.11944760893808,29.339118277421697
149.09207971086886,46.065752199657105,22.96783922710653,29.404691288850174
148.60704119661568,45.70792666504613,23.116363453780288,29.298789556239523
148.57453982398485,46.122115210742734,23.181366199041975,29.2927574592332
148.96598375580393,45.71695830813158,23.22178464748438,29.279764952374965
148.60669211105287,46.5394291033802,23.116605388356824,29.282348459137012
149.0314258846531,46.114480413285854,23.089235563164134,29.31014811731798
148.53400759481676,45.78047346848999,23.261993422441414,29.156083286514342
148.99829154946156,46.17839298812725,23.155947785711163,29.18276651979913
148.543280375131,45.794288762302905,23.244756877082455,29.12976171415802
149.02724825402453,46.164000785898594,23.098661755948505,29.21217830361973
148.62809042434384,45.417029696325834,23.076242730492275,29.064651113130015
148.717252514739,46.66605193985922,22.897918549701963,29.02095608474764
148.69009997167575,45.05813669228729,22.952223635828407,28.978549598270394
148.36594388656061,45.866974646987394,22.78574452327314,28.990456254441302
149.6480992534203,45.05479534636238,22.658257427768287,28.990265763548315
149.35802697179938,45.032374265209654,22.428198789133024,29.035107925853787
148.65981476525255,45.373360317672976,22.21032297074399,29.160285936668465
150.41450554184274,45.24480362088688,21.92298635941584,29.417399330240656
150.0608344049029,45.71228666535498,21.82559638856924,29.287165486030805
151.31187343818291,45.742333365612495,21.72701075836961,29.22707208551578
150.60986200258668,45.76833925891137,21.533751251699574,29.175060298918034
150.73480105272782,46.52881279969606,21.283873151417303,29.243497967521055
151.1764206768515,46.12583775816306,21.192272029815392,29.257809923941583
151.10629205286656,45.79541883563412,21.332529277785287,29.128294736529448
150.26268995767884,46.285583879243305,21.438353100290556,28.938654833246165
150.20575550703137,45.95229614833002,21.55222200158549,28.815683912817576
149.27793915071743,46.48864833890923,21.8287742488747,28.53251976432852
149.1355834835,45.87841183527152,22.113485583309576,28.17350682401179
149.07828096811204,46.338049049606205,22.228090614085488,28.043127927642335
149.06689553855355,46.78253973924807,22.250861473202487,27.942908063109243
148.60907687719472,46.88766935658788,22.378900856416784,27.73264882842964
148.91656213032707,46.98868014937034,22.55038129323166,27.530627242864718
148.88359077362344,47.05497064298263,22.616324006638948,27.39804625564013
148.85211473367474,47.09947698099255,22.67927608653632,27.309033579620298
148.85578425261863,47.10121152817068,22.671937048648555,27.305564485264032
148.89576402729702,47.08964539288023,22.591977499291772,27.328696755844923
148.88369008986325,47.12380721588866,22.61612537415932,27.260373109828066
148.96530770646027,47.10062519668159,22.45289014096526,27.306737148242213
149.00022875709956,47.10317722994398,22.3830480396867,27.30163308171742
149.73787011249675,45.642650948463135,22.46758539814593,27.103045506171977
149.34834986102823,46.399160041204155,22.46840279544803,27.146473531959863
148.8889371507239,46.393965083183986,22.608324756468683,27.156863448000195
148.93244940037465,46.748169494768504,22.521300257167162,27.229770519322862
148.98695274449673,46.376413181106116,22.412293568923012,27.192248122109014
149.37346396667328,46.36811238259725,22.417973617263726,27.208849719126732
148.55242443540016,46.35335625283647,22.50195481543673,27.238361978648303
149.30193332664427,46.75562023166886,22.564647720168708,27.21468936459363
148.90881905973112,46.39149095937859,22.56937479050162,27.161446445680745
148.4886649568374,46.764018087214176,22.628923598221427,27.1971515880772
148.8192779153853,46.362126418423614,22.749964398263458,27.218668208520533
148.41064268213,46.761778758301844,22.782689739374945,27.20390865416314
149.61178118760196,46.6797900050896,22.734946057300945,27.367886160587624
149.16308103523903,46.64495753668246,22.84574887830361,27.43755109740191
148.31973277285928,47.02542434812005,22.95354190110595,27.466069225505294
148.27823896771017,46.59982319723752,23.036529511404158,27.52564693363972
147.85257179486496,46.967810814023,23.093988152328297,27.583547404835098
149.46037152264785,46.52584196139325,23.061150248620645,27.67179472213006
149.103153150218,46.47576537361561,22.979067787570788,27.771947897685337
148.73395369161196,46.457156955966525,22.92072986863701,27.809164732983504
148.34464061449793,46.46055280348333,22.902987519498048,27.802373037949895
148.31049853567097,46.48480986270685,22.97127167715194,27.75385891950286
148.6849231968249,46.13624469240287,23.018755747477925,27.654655867476947
148.7117377126727,46.14324214616919,22.965126715782375,27.6406609599443
148.7341548453812,46.16634708556663,22.920292450365345,27.594451081149433
148.73331280067896,46.182119320352776,22.921976539769844,27.562906611577134
148.73526194584332,46.595067097855136,22.918078249441123,27.529616564129093
148.7592279077067,46.62482416025388,22.870146325714373,27.470102439331598
148.7825873524969,46.59386963618944,22.82342743613394,27.532011487460487
148.7716487929574,46.88481825548289,22.845304555212973,27.740658371565335
