11.5,121.5,61.0,90.0
11.149151893836184,120.69032559462084,60.70169621232763,90.61934881075831
11.577084851703233,120.37356074085532,59.84583029659353,91.25287851828935
11.866660415699933,120.20028980864411,59.266679168600135,91.59942038271177
12.259557679779618,120.05608077144309,58.48088464044076,91.88783845711382
12.553346986486627,120.01785464075232,57.893306027026746,91.96429071849538
12.9959797175784,120.09407106366164,57.0080405648432,91.81185787267671
13.30955581162005,120.14635542192443,56.3808883767599,91.70728915615116
13.58986279772505,120.21279231355388,55.8202744045499,91.57441537289225
13.792578239011267,120.40485087846636,55.41484352197747,91.19029824306726
14.1358557990775,120.62286580639359,54.728288401845,90.75426838721282
14.506337706554525,120.90136901144388,53.98732458689095,90.19726197711225
14.898814959598077,120.94822046009497,53.202370080803846,90.10355907981004
15.157451499287511,121.05280606615683,52.68509700142498,89.89438786768633
16.516077595938192,121.28198163283051,52.18946412167577,89.436036734339
16.685130726412297,121.49922908594228,51.85135786072756,89.00154182811545
16.6827634685975,120.60981685190833,51.856092376357154,88.58605870510145
16.922204142403302,120.86821477659288,51.37721102874555,88.06926285573235
17.181440075402858,121.0233734266424,50.85873916274644,87.75894555563332
18.518690053383892,120.7675775014015,50.34336689660624,88.2705374061151
18.640721947576672,120.53551519702964,50.09930310822068,88.73466201485881
18.7006930512487,120.40831228796651,49.97936090087663,88.98906783298507
19.867281474538363,121.5474566980443,49.80857935407402,88.87317431260624
19.95624895527601,121.74272318171022,49.630644392598725,88.4826413452744
20.101404101325954,122.10482616248633,49.340334100498836,87.75843538372217
21.345734577061307,123.58882002056116,48.98505054560796,86.92382506415234
21.45761019537381,122.80985872502133,48.761299308982956,86.36672348234092
21.65939547687134,124.2667958536924,48.3577287459879,85.55584982227445
21.85381445710709,124.45698355957096,47.96889078551639,85.17547441051735
22.142962447256217,124.80265340718744,47.39059480521814,84.4841347152844
22.29416091482036,125.18535520780469,47.08819787008986,83.71873111404989
22.17904757416097,125.62047977420985,47.31842455140864,82.84848198123957
22.000877158431024,126.1964876425047,47.67476538286853,81.69646624464986
22.02319707331204,126.8670879639966,47.630125553106495,80.35526560166609
21.884948985704902,127.36642375925693,47.90662172832077,79.3565940111454
22.078975329437284,127.91885241372717,47.51856904085601,78.25173670220494
22.20111855372741,128.2177275502761,47.27428259227575,77.6539864291071
22.282823943114444,128.54898085304686,47.11087181350169,76.99147982356554
22.34994050348837,128.59743900350855,46.97663869275384,76.89456352264216
22.412949934263864,128.71757664937613,46.85061983120285,76.654288230907
22.411457548585403,128.8494626356715,46.85360460255977,76.39051625831625
22.343291099572703,128.80920620596333,46.98993750058517,76.47102911773257
22.318312702450847,128.86583104275454,47.03989429482888,76.35777944415021
22.29520189962328,128.93599987690197,47.08611590048402,76.21744177585535
22.282965458329393,128.7986429208276,47.11058878307179,76.49215568800403
22.42270703349662,128.9411560996299,46.831105632737334,76.20712933039951
22.433263880110765,128.99288427764625,46.80999193950905,76.10367297436676
22.489929997649043,128.95352985287212,46.69665970443249,76.18238182391502
23.57409312265007,129.05045703184845,46.44555977781728,75.98852746596238
23.46803154149731,129.30255870510518,46.6576829401228,75.48432411944889
23.336467564379994,129.10639366504773,46.92081089435743,75.8766541995638
23.240659197892807,129.2606351116342,47.112427627331805,75.5681713063909
23.1613436371211,129.27754350793276,47.27105874887522,75.53435451379377
23.071537790452098,129.23660598426395,47.45067044221322,75.61622956113136
22.878364896728286,129.11283531598627,47.83701622966085,75.8637708976867
22.79688352065783,129.1727465322908,47.99997898180176,75.74394846507766
22.636818663546002,129.18631048822684,48.320108696025414,75.71682055320558
22.39003193718458,129.10216067698892,48.813682148748256,75.88512017568144
22.259374095709994,128.91252881821345,49.07499783169743,76.26438389323236
22.064909858367574,128.8100665623901,49.46392630638227,76.46930840487906
21.878545558562333,128.7020398019211,49.83665490599275,76.68536192581709
21.675846617991496,128.56827717080904,50.242052787134426,76.95288718804116
21.526563502944423,128.64207290935704,50.54061901722857,76.8052957109452
22.366410868344317,128.52783635974177,50.85164743181119,77.03376881017573
22.5245969402154,128.70789906331754,50.53527528806902,76.67364340302416
22.503354527131997,128.33506809585492,50.57776011423583,77.41930533794945
22.693009432126654,128.35132775971948,50.198450304246514,77.38678601022032
22.677965187317902,127.88290606175443,50.22853879386402,78.3236294061504
22.586289344462617,127.53326161891478,50.41189047957459,79.02291829182971
22.62343171205071,127.30751401422981,50.3376057443984,79.47441350119966
22.57907968977283,127.15726741532922,50.426309788954164,79.77490669900084
22.52037253299907,127.96776678075682,50.543724102501685,80.1871294854098
22.410774706115745,127.90408798633366,50.76291975626833,80.3144870742561
23.531612568593133,127.89890450946005,50.56814323772609,80.32485402800333
23.429688051680785,127.98654009577069,50.771992271550786,80.14958285538205
23.390807362373064,128.04277185633308,50.84975365016623,80.0371193342573
23.406490658416097,128.02175920747334,50.81838705808016,80.07914463197679
23.40811424490476,127.95729645631566,50.81513988510284,80.20807013429211
23.391676175599525,127.85149051341601,50.848016023713306,80.41968202009141
23.400675819538275,127.71985620933295,50.830016735835805,80.68295062825754
23.344883986662854,127.7623950420776,50.94160040158665,80.59787296276825
24.307238019091812,127.80213400718421,51.071006678481425,80.51839503255502
24.298658724013393,127.79898462528541,51.088165268638264,80.52469379635261
24.29741667262596,127.63272833495854,51.09064937141313,80.85720637700635
24.411689140372467,127.18175949593578,50.862104435920116,81.75914405505189
24.442431248837423,127.1468787508469,50.800620218990204,81.82890554522965
24.465976260172155,127.08216797539212,50.75353019632074,81.95832709613919
24.453588408039877,127.03902319052116,50.778305900585295,82.04461666588112
24.48928865062561,126.91499531843536,50.70690541541383,82.29267241005272
24.51452393052872,126.60896847015988,50.65643485560761,82.90472610660369
24.369796239757292,126.71273915147731,50.945890237150465,82.6971847439688
24.23491547206632,126.84412853081817,51.21565177253241,82.4344059852871
24.10139910262609,126.86033838366043,51.48268451141287,82.40198627960257
25.134864724587693,126.80328542095098,51.50582471903736,82.51609220502147
25.15642576617191,126.35610903589664,51.46270263586893,83.41044497513016
25.11818714828304,126.21527366887733,51.53917987164667,83.69211570916876
24.91840216290573,126.21362448073006,51.93874984240129,83.69541408546331
24.74178685969322,126.0411844790831,52.29198044882631,84.04029408875724
24.524020090267715,126.287699720059,52.72751398767732,83.54726360680544
24.369569181990666,126.47893654193254,53.03641580423142,83.16478996305837
24.25298803092374,126.52815903472603,53.26957810636527,83.06634497747139
24.345707628805883,126.38340538972108,53.084138910600984,83.35585226748128
24.411476920020633,126.23286438248192,52.952600328171485,83.6569342819596
24.414482919488123,126.22771330511372,52.946588329236505,83.66723643669599
24.32991356724725,126.395989395963,53.11572703371825,83.33068425499744
24.232618233642498,126.45042488104187,53.310317700927754,83.2218132848397
24.17755818874695,125.3113936591993,53.42043779071885,83.36702831287664
23.959350919554858,125.24420950377194,53.856852329103035,83.50139662373137
23.877096939758587,125.24513942004006,54.021360288695575,83.49953679119511
23.80567632652067,125.14575650102549,54.16420151517141,83.69830262922427
23.876253859765214,124.79716132259652,54.02304644868232,84.39549298608219
23.82148767158162,125.86582046537906,54.13257882504951,84.42044930655405
24.11424694033488,124.41839588603519,53.54706028754299,85.15082380634621
24.07807195171745,124.07235033041778,53.61941026477785,85.84291491758101
24.077477498738844,123.62655410322554,53.62059917073506,86.73450737196549
23.846767161636564,123.52316110907708,54.08201984493962,86.94129336026242
23.67747623127987,123.16263430199119,54.42060170565301,87.6623469744342
23.568580470456986,122.90542896193548,54.63839322729878,88.17675765454561
23.324946021007687,123.5984518057835,55.125662126197376,89.01968206764826
23.071850672966143,123.75255302566214,55.631852822280464,88.71147962789097
22.874978258348555,123.70932499370531,56.02559765151564,88.79793569180462
22.46351436443565,123.80695382977578,56.84852543934145,88.60267801966371
22.35711714905444,123.53466189939192,57.06131987010387,89.14726188043142
22.1169249207669,123.11976854260577,57.54170432667895,89.97704859400372
21.95508958883964,122.55647641471373,57.86537499053347,91.10363284978781
21.720245894050294,122.32495474656665,58.33506238011216,91.56667618608196
21.53395763163642,122.0391074051,58.70763890493991,92.13837086901526
21.633123466565593,121.43594698658833,58.509307235081565,93.34469170603859
21.765627671642726,120.94171395247591,58.2442988249273,94.33315777426344
21.96388767145786,120.59188839482924,57.84777882529703,95.03280888955678
23.383123453649056,120.20508572708849,57.39415392315719,95.80641422503828
23.572767246016483,120.1194727331177,57.01486633842234,95.97764021297984
23.58324749995841,120.12016585779307,56.99390583053848,95.9762539636291
23.701930631309743,119.94610650063287,56.756539567835816,96.32437267794953
23.752853770006368,119.76607586034174,56.654693290442566,96.68443395853178
23.987148656902207,119.47863388173447,56.18610351665089,97.25931791574632
24.165027325139995,119.38812028913377,55.83034618017531,97.44034510094772
24.14577598921258,119.43654731384296,55.86884885203014,97.34349105152933
24.0690618214633,119.60147335322127,56.0222771875287,97.01363897277272
24.05533521276635,119.62730150401164,56.0497304049226,96.96198267119198
23.766744965926662,119.60764542817023,56.62691089860198,97.00129482287481
23.259541108446907,119.59229767392156,57.64131861356149,97.03199033137214
24.06322257897847,119.6011316116825,58.445016149940045,97.01432245585025
23.903921012878016,119.54709334483417,58.76361928214095,97.12239898954691
23.727046245892794,119.43012212744893,59.117368816111394,97.35634142431742
24.72270693861651,119.58891296433065,59.566770259678705,97.03875975055396
24.644547616397773,119.73199903624018,59.72308890411618,96.75258760673489
24.76732632845909,119.5831188578854,59.477531479993544,97.05034796344447
24.750125097328628,119.607968956382,59.51193394225447,97.00064776645127
24.690977786590487,119.39877843817844,59.63022856373075,97.41902880285838
24.481394306242237,119.43303145426407,60.049395524427254,97.3505227706871
24.495649930387252,119.36394146736505,60.020884276137224,97.48870274448515
24.380713484496244,119.41251902097424,60.25075716791924,97.39154763726677
24.18491469473982,119.67612986128796,60.64235474743209,96.86432595663932
24.046399217709485,119.83638435411194,60.91938570149276,96.54381697099137
23.907332836830932,120.00108461814753,61.197518463249864,96.2144164429202
23.808900717216474,121.18387557186334,61.39438270247878,96.30739210111031
23.77729940825484,120.79162511299569,61.457585320402046,97.09189301884562
23.644780508159652,120.48679826562118,61.722623120592424,97.70154671359464
23.672076118049574,120.00442819684312,61.66803190081258,98.66628685115073
23.73396947133739,119.50399166525888,61.54424519423695,99.66715991431923
24.954432358601487,119.29747942032836,61.61915927451676,100.08018440418026
26.43340978521787,118.9070143505773,61.184449102165374,100.86111454368239
26.68739466940579,118.47139650113739,60.67647933378953,101.7323502425622
26.787011204013588,118.33443656319898,60.477246264573935,102.00627011843903
28.128613466622685,118.21030125235201,60.32669685035949,102.25454074013297
28.05662050827356,118.25498250153305,60.47068276705774,102.16517824177087
27.980392794768804,118.31481489424027,60.62313819406725,102.04551345635646
27.80311091103328,118.51158660548877,60.9777019615383,101.65197003385944
27.795939370957733,118.63747956502152,60.992045041689394,101.40018411479394
27.77851463540609,118.71211067144927,61.02689451279268,101.25092190193845
27.744513007470342,118.66199135979936,61.094897768664175,101.35116052523827
28.91920310912184,118.61343383612859,61.2788531701235,101.4482755725798
28.976315811531975,119.75643645674896,61.16462776530322,101.70014308779965
30.341425782110054,119.75652589139783,60.974099945571574,101.69996421850189
30.47560789639629,119.71110563771842,60.7057357169991,101.79080472586071
29.262743380502336,118.54076548763857,60.59815439123096,101.59817466846435
29.09823966177583,118.63391273992784,60.92716182868398,101.41188016388583
28.996947578680032,118.88126215497286,61.12974599487557,100.91718133379578
28.919722695649114,118.87440434898467,61.28419576093741,100.93089694577216
30.1124632212874,119.06884709426174,61.42898878721185,100.54201145521803
31.30988274516188,118.99282521484601,61.56107409879132,100.69405521404948
31.338899281708994,120.5101457156329,61.503041025697094,100.19081795723386
30.097895936505566,120.66798892072175,61.46210479396787,99.87513154705616
30.22640263193883,120.37003363146523,61.20509140310134,100.4710421255692
31.32606866174235,120.35830345751731,61.52786774011282,100.49450247346505
29.97979754262955,120.3705412180978,61.69253211656876,100.47002695230408
31.421098804440366,120.06991966601154,61.34020705484516,101.07127005647658
31.544818558198976,119.97519117985122,61.09276754732794,101.26072702879722
31.655555280723732,119.96934702452734,60.871294102278426,101.27241533944499
31.608116482852985,121.36778168410288,60.96617169801992,101.00394937693689
31.699785959904823,121.21244451841923,60.782832743916245,101.31462370830417
31.732481825944205,121.20614183766767,60.71744101183748,101.3272290698073
31.71052394774904,121.13330137905598,60.76135676822781,101.47290998703069
31.697862268410518,121.17836574825276,60.786680126904855,101.38278124863712
31.595956960083647,121.19616204925767,60.990490743558595,101.3471886466273
31.55295308686889,121.34023468484591,61.07649848998811,101.0590433754508
31.49518590155123,121.09964037444935,61.19203286062343,101.54023199624393
32.68126810083855,121.05861714120788,61.35764673377031,101.62227846272688
32.720188524490986,121.34592554757499,61.27980588646544,101.04766164999265
33.89658029330916,121.45884983667341,61.458958152849505,100.82181307179583
33.78980501068983,121.91660798967965,61.67250871808815,99.90629676578334
33.92666801420284,122.21456511078823,61.39878271106214,99.31038252356618
34.014255002398386,122.56267958725415,61.223608734671046,98.61415357063433
34.19539298210437,122.83013039992514,60.86133277525907,98.07925194529236
34.38233202524653,123.07308212449111,60.487454688974765,97.59334849616042
34.453607823746395,123.30231974166033,60.34490309197503,97.13487326182198
34.394811944130865,123.59255344900126,60.46249485120609,96.5544058471401
34.388497280874375,123.75784285945582,60.47512417771907,96.223827026231
35.709380061759674,123.84259292650346,60.27998390088962,96.05432689213572
35.75891805781871,124.11016520724577,60.180907908771545,95.51918233065109
36.98239605656471,124.3036218965782,60.1651463862959,95.13226895198622
37.17820588341552,124.76812516537095,59.77352673259428,94.20326241440074
37.32706668391252,125.19048590979789,59.47580513160028,93.35854092554686
37.247274142466715,125.42347040361965,59.63539021449189,92.89257193790334
37.22728408032579,125.54991525183868,59.67537033877375,92.63968224146527
37.331995549635444,125.82440193935889,59.465947400154434,92.09070886642486
37.36984554226092,126.86708601599958,59.390247414903484,92.37339334285987
37.43007922710922,126.91924048547921,59.269780045206886,92.26908440390059
37.43013919287437,127.00542854078061,59.26966011367658,92.09670829329778
37.432362633443844,126.8378663857736,59.265213232537626,92.4318326033118
37.383602633467284,126.6153235603767,59.362733232490754,92.87691825410562
37.3214781630611,126.57905060567546,59.486982173303126,92.94946416350808
37.31567916483047,126.43936125782425,59.498580169764374,93.22884285921052
37.328969719044984,126.4375988861506,59.47199906133535,93.23236760255782
37.33422203693972,126.37641407942078,59.46149442554588,93.35473721601743
37.38955575952757,126.25795965356039,59.35082698037019,93.59164606773822
38.641790596120494,126.39377734402383,59.234914753075955,93.32001068681134
38.58493231731222,126.39711933850089,59.348631310692504,93.31332669785725
38.54410764381222,126.21662823030695,59.43028065769251,93.6743089142451
38.48568536547223,126.30880415528294,59.547125214372485,93.48995706429312
38.5047195626684,126.42027595944536,59.50905681998014,93.26701345596828
38.52661744577223,126.23218509665375,59.46526105377247,93.64319518155152
38.6181156922169,126.1504162245532,59.28226456088315,93.80673292575263
38.71445592229962,126.04502442499401,59.0895841007177,94.017516524871
38.73514620323825,126.02242169787915,59.04820353884044,94.0627219791007
38.73520682281834,126.16404917367049,59.04808229968027,93.77946702751804
38.66848995985677,125.97350643193857,59.18151602560341,94.16055251098184
38.610364625418285,126.29274835408296,59.29776669448037,93.52206866669309
38.52092380217338,126.16468160031353,59.476648340970186,93.77820217423195
39.66845267492534,126.42467540912372,59.5750347284622,93.25821455661156
39.61550652264617,126.06365167900937,59.68092703302054,93.98026201684027
39.440713808298355,125.8371670257804,60.030512461716164,94.4332313232982
39.35688309868543,126.11800225706689,60.19817388094202,93.87156086072522
39.130635324104816,126.32715626065755,60.65066943010326,93.45325285354392
38.971051191948696,126.50528261774116,60.96983769441549,93.09700013937669
38.92686881311257,126.59862365246344,61.05820245208774,92.91031806993212
38.84700517966215,126.76191336541186,61.21792971898859,92.58373864403531
39.95809479174404,126.79999247687893,61.40032971819629,92.50758042110115
39.95821879873225,128.20576777573447,61.400081704219865,92.10249566836667
39.97071783167632,127.92850790377796,61.37508363833173,92.65701541227968
40.09261073704466,127.70163627248937,61.13129782759505,93.11075867485687
39.98517284779318,127.76981975702503,61.346173606098006,92.97439170578555
39.63849621654674,127.81662559030751,62.03952686859088,92.88078003922058
39.46352799487734,127.97572320627461,62.38946331192969,92.56258480728638
39.25605717882242,127.97576973472177,62.80440494403953,92.56249175039207
39.16347813292949,127.94880673407938,62.989563035825384,92.61641775167683
39.03995223322736,127.95437850435675,63.236614835229645,92.60527421112211
38.84986346440844,128.28540051044968,63.61679237286749,91.94323019893625
38.93370223293995,128.31020383001328,63.449114835804465,91.89362355980907
37.90477348389466,128.38617353619418,63.075817727649074,91.74168414744726
39.12212247282622,128.9052077893462,63.063822626896666,90.7036156411432
38.08084995839596,128.99310357835662,62.73949587196599,90.52782406312235
38.03973124132659,129.21045885970045,62.82173330610473,90.0931135004347
39.34939207780238,129.25538957837597,62.596090666402205,90.00325206308364
38.12925924385776,128.15691184097335,62.64775223963207,89.81160344322956
39.43824181850388,127.77425486683835,62.41635457947555,90.57691739149956
39.054383322379856,127.94312111636778,63.18407157172361,90.2391848924407
41.41893724062962,126.38691982398589,63.25866993322213,90.94973437820546
38.614208753407766,127.98991584902349,64.04053890298641,90.15753633046998
43.57917328129271,126.33174608454536,63.76948421538569,91.05915726738397
38.72325070839508,126.41339295501558,63.785874253569276,90.89586352644353
40.91207423069906,126.09339429461723,64.25156926256173,91.53586084724023
33.62077353696138,129.76818254528402,64.200200186981,91.50326957743471
37.08802699100846,127.30640850577049,64.57866537080326,91.5515029285175
38.813921991540816,126.01623782198413,63.57149221415453,91.68722745167423
41.038397298395815,127.14062912630885,63.982673121210595,91.8685106034078
34.95350555818887,129.872671212355,63.95456029529633,91.28358495384683
36.01840080201764,130.49902796962598,64.25506732300789,90.03087143930479
36.02957056139804,130.94291901669715,64.23272780424709,89.14308934516245
36.00064918977398,133.28988354286196,64.29057054749521,86.8517033938528
31.71290894803341,137.98405961137243,63.390927284954486,84.56969406634825
33.30790465448445,139.3406496378613,62.52037706698958,81.85651401337046
33.40767548978886,144.4133262977019,62.32083539638077,78.50313310019254
35.66521258035726,141.45580320953673,60.015355228832505,77.78939723575722
36.47900779853627,143.43538806515596,58.38776479247448,75.99151424207955
37.17719945533824,144.18141421841625,56.99138147887055,74.49946193555891
39.009035463901114,144.77733455980822,55.3896866402977,73.30762125277498
39.67668721503006,146.40434427380234,54.05438313803981,72.07135109143012
40.54040959896565,146.42726829364906,52.32693837016861,72.02550305173668
41.105998320341556,147.03334092136106,51.19576092741681,70.81335779631267
41.674483057352234,148.45393236002207,50.05879145339546,69.8835037877214
43.07346692019176,149.81032856911463,49.1394267489463,69.0493143907662
43.57711697064611,149.13470027418364,48.13212664803761,68.5496808354031
43.87481211739064,149.40360488496685,47.53673635454855,68.01187161383666
44.137357860201924,150.5666336806658,47.011644868925984,67.49466725769638
45.274280700098316,150.7685573326788,46.5302000253425,67.09081995367039
45.35498951342284,151.17482346849687,46.368782398693476,66.27828768203426
45.28387638462604,152.4963101697485,46.51100865628705,65.39878153292443
46.31383514207635,152.11548228906304,46.2036262379318,64.40790219775
46.497885431800576,153.07823190755016,45.83552565848335,64.21491336866038
47.520851389997404,152.32488961462283,45.51314026365906,63.99805143294561
47.60710883408288,153.1960898567047,45.340625375488116,63.97062208371805
48.524263953529164,152.65044322091694,45.218035003726456,63.35019548816269
48.73550109721743,153.44974534835563,44.795560716349925,63.4519240514165
48.91245972626949,152.92055161625825,44.4416434582458,62.81539018061062
49.12271404034683,151.4941170033656,44.02113483009113,62.30928109436182
50.22735907828294,151.79439868788086,43.47677471801639,61.70871772533133
51.286705289145566,152.15899496231665,43.00498875125906,60.97952517645972
51.452237524039475,153.23711953294566,42.673924281471244,60.451412322939845
52.52085864593906,152.85463100896797,42.1513989408245,59.601672467742844
51.95017397148439,151.6841181126235,41.69947633491177,58.75611435078764
52.9710213012028,155.12691063727084,41.23087275564477,58.162893622172234
53.83865486140422,154.63320447947405,41.05203151776454,57.593880055243204
54.176425669480196,153.37026586135661,40.37648990161259,57.02997544552875
53.33929716537003,150.15376293023292,40.52548109971414,55.83665225718223
53.58308163628533,154.10211271271282,40.03791215788354,55.48831588775188
54.30654671990588,151.47638578976344,40.08738617559316,54.754152993847626
50.633221377294234,160.16064518021818,40.00353744354385,55.21883281439244
54.53825474180819,158.5776585799536,39.652283808171795,55.40128077745926
55.40408074179873,156.28136586187654,39.40938875802449,55.527595364112145
51.6334077597387,159.9213375081668,39.517369530260254,55.681017263415896
56.187587996891125,149.93246028589073,39.353603740033805,54.788050778451826
58.668792974977315,159.8218011367814,38.81493675137632,55.6535029250733
56.94880136435367,150.0494565672767,39.297350718684946,54.495207286512056
53.90951478870995,160.86202274976483,39.49900926120846,54.90850470440065
54.69587704294117,160.07039215244964,39.40507439176413,55.012976260012934
56.28959823522553,159.12996936376194,39.175285599868076,55.41499504105194
57.08778265109305,157.47836245359036,39.06003865036404,55.75596509693311
58.646650032833946,152.3329858166588,38.911041610488034,55.65613633817601
59.5172262568354,154.23138784336822,38.6502975665587,56.30055749697782
60.984708672443176,150.02136543570955,38.68695838131031,55.80572537439364
68.57293371525515,163.0518865616949,38.30018593479052,56.36610287281046
61.98115740691017,151.9744957245688,38.154647351932,56.305732547815126
63.17941985729202,155.8967514926605,37.2358167753853,57.32738695693369
64.4213390766454,151.0492030401493,37.707502275625494,56.678150075641824
68.55708870788956,160.22014295200353,36.81538044573816,57.52265157669596
64.85994531284834,158.96115224086066,36.84129495795952,57.093284087837255
68.59676497804703,154.78581581161362,36.70609883905515,56.63782509253976
72.30341042576909,161.369334561992,36.58592867907094,56.59840491561076
61.82271413523647,160.8121463789072,37.16286253189415,56.25674851547737
64.845651738122,159.40617596159532,36.95904622400756,56.14765990115888
66.41896983725852,152.80547648073443,36.72339728988627,56.24961617419781
64.89733782700715,152.81456788665994,36.86045665533836,56.231433362346785
70.1069853918903,165.74483596281382,36.626929580085815,56.562872207360144
70.55869893788994,159.06754607925618,35.72350248808654,56.811793290984326
73.51259575838664,165.4114897364561,35.595003859235504,57.127319753904715
71.55461311061573,151.75755480839916,35.16883749669001,56.93502244213229
74.53345305770742,164.63051551297565,34.96064489946999,57.0617938693145
72.51163582431687,154.24465957446003,34.69698176918759,56.29701776102819
73.30381123399935,167.59389790344926,34.532591841144715,56.57779803816957
72.85284661077753,152.17110221781812,34.013141577567055,56.1530401889626
74.00543345799585,152.7714242102687,33.114304068300804,56.35873238923189
74.39703603890626,151.88224913708396,32.331098906479994,56.74283834991918
75.0400691181265,136.01331935182327,31.04503274803953,59.36053153427114
75.23564747262952,147.17671328982567,30.65387603903347,59.485910702982295
77.90085947896836,132.07514050975536,29.51858167222364,61.72152529067068
78.99190226249566,129.64520826805105,28.747877702997705,63.758626578421975
79.21882141668547,128.03228755487916,28.294039394618057,65.55696131809935
79.45510197516631,127.94898763956705,27.82147827765638,67.16909681474809
79.67519828276741,127.79254457793326,27.38128566245418,68.94240326728375
80.45798051452755,127.25569991296427,27.29380173118506,70.01609259722169
80.49516389200235,126.57052545505621,27.219434976235455,71.38644151303784
80.32411438546988,132.60591441397054,27.561533989300393,72.90762270572449
81.0354602659891,128.77073994421545,27.67697018248446,74.42545982834454
80.92446318242723,129.00739313288483,27.8989643496082,75.51406072582515
79.95429957752009,148.19384734211164,29.839291559422506,73.51473137460414
80.8300526458302,140.54718254291305,29.675330922923244,74.52015147191261
80.89714105804488,137.4576180339547,29.54115409849387,75.90207346987711
81.04562365990809,131.89231253554138,29.24418889476747,77.33370686968009
81.83441371328307,134.36282105681272,29.298283258755795,78.9193877100906
81.83954363572037,131.73082705698906,29.28802341388117,80.87273593943583
81.63096077599468,133.30017543295244,29.705189133332567,82.78311665047312
81.30735519305918,131.69129976853935,30.35240029920356,84.28305161987929
82.02315571867071,132.59345435808456,30.671711640730813,85.98056722628952
82.58850006992218,132.16559503832377,31.321916442463333,86.83628586581109
82.34460488693888,132.7654133199437,31.80970680842991,87.44150768019342
81.74205743300155,132.97352125258894,33.0148017163046,87.02529181490293
81.44906895887527,132.87398634492473,33.600778664557154,87.22436163023133
81.00627176820164,132.98732343002274,34.486373045904394,86.9976874600353
80.58809280975251,133.00380722213276,35.322730962802666,86.96471987581526
80.32937347247999,133.84337954252658,35.84016963734771,87.16400184536084
79.87552439880878,133.96002315628812,36.74786778469013,86.93071461783771
79.4527891694699,133.7900044987885,37.5933382433679,87.27075193283696
78.8191156220589,133.47029099531812,38.86068533818989,87.91017893977775
79.63632991847106,132.8327991859728,39.180864052841386,89.18516255846839
79.52279322887244,131.27924279965686,39.40793743203862,90.31360026081512
79.43630460308032,130.95955263872278,39.58091468362285,90.95298058268325
79.01039301910511,130.62293903932635,40.43273785157328,91.62620778147615
78.50095896763843,130.3604134900869,41.45160595450665,92.15125887995501
78.1801033504149,131.21880028646802,42.09331718895371,92.49596121540449
77.67527969391232,131.07064697306743,43.10296450195887,92.79226784220569
77.31872194477536,131.00753151856148,43.81608000023277,92.91849875121761
77.24425356282549,130.64481967917436,43.96501676413253,93.64392242999187
77.02970029990918,131.73300758078003,44.39412328996513,93.59461270285351
77.0817649577138,131.44327060096276,44.28999397435588,94.17408666248807
77.22042771864763,131.31062873215785,44.01266845248825,94.43937040009783
77.1916086201528,131.2452448513996,44.0703066494779,94.57013816161438
77.2670514949907,131.21313693971103,43.91942089980211,94.63435398499146
77.28251810500282,130.98999289529553,43.88848767977784,95.08064207382249
77.02410066090081,130.97190907458446,44.405322567981884,95.11680971524461
76.75966984209074,130.96025833604307,44.934184205601994,95.1401111923274
77.91964893238122,129.5319300299651,44.77992361873714,95.83107021076722
77.66520756086477,130.95248684219462,45.28880636177005,95.1630074733395
77.62499536517754,129.54845527838435,45.36923075314449,95.79886811090023
77.49568196542094,129.28432942471227,45.627857552657716,96.32711981824443
77.26410697191761,129.24018642077752,46.091007539664346,96.41540582611391
77.14754947616701,130.33344306414665,46.32412253116555,96.43326768075237
76.96427966577484,130.14439013544256,46.690662151949915,96.8113735381605
76.72464356140586,130.2156297043702,47.169934360687876,96.66889440030522
76.55869269859846,129.96931384922723,47.501836086302646,97.1615261105912
76.29232921824709,130.06612979016313,48.034563047005406,96.96789422871942
76.08554631076308,130.20837642986461,48.44812886197343,96.68340094931642
75.82323770681872,130.76980141349435,48.972746069862154,95.56055098205695
77.17000412873531,130.3964515882601,48.52096042381619,96.30725063252547
77.10476195630679,130.01484595703548,48.65144476867323,97.0704618949747
76.85014503566305,129.9555571113178,49.160678609960726,97.18903958641005
76.50189631056901,130.23199616566046,49.85717606014878,96.63616147772474
76.46739499646341,130.25028214201632,49.92617868836,96.59958952501302
77.6779638799855,130.07370448408727,49.778404712460215,96.95274484087108
77.62608746260783,129.92073870581092,49.88215754721557,97.2586763974238
77.53512339987253,129.7305814834216,50.06408567268615,97.63899084220245
77.57494769586617,129.6035801632141,49.984437080698896,97.89299348261746
77.60453508246934,129.45574318109954,49.92526230749253,98.18866744684655
77.53471194407408,129.24983025906442,50.06490858428309,98.60049329091683
77.54123958487294,129.09502180301246,50.051853302685345,98.91011020302074
77.54901410480348,128.90908552231616,50.036304262824274,99.28198276441336
77.42787676351654,128.92621146761178,50.27857894539815,99.24773087382206
77.35457636421862,128.85026959680775,50.42517974399399,99.39961461543015
77.32129469374652,128.75750647129342,50.49174308493818,99.5851408664588
77.02264273062045,128.9239734372057,51.08904701119033,99.25220693463424
76.75842518531823,129.10558409165668,51.61748210179477,98.88898562573232
76.73804798183122,129.06762040329514,51.65823650876881,98.96491300245536
76.74527992832407,130.2519201935218,51.64377261578309,98.93409764769515
76.84195426000771,129.8385512284017,51.450423952415804,99.76083557793538
76.71927431880093,130.0600357861864,51.695783834829385,99.31786646236603
76.61257637244464,130.12219483337225,51.909179727541954,99.19354836799428
76.55280091759951,130.04283976166974,52.028730637232215,99.35225851139931
76.59203199931208,130.66011665860933,51.95026847380705,100.46752799877207
77.79953956485616,130.5161871389197,51.90007455766593,100.75538703815134
77.53076889253481,130.48472475912715,52.43761590230865,100.81831179773644
77.20218340915235,130.5343176343468,53.09478686907354,100.71912604729718
78.05851370785217,130.63623450225754,53.770286048943845,100.51529231147569
77.78165852848704,130.28325109060864,54.32399640767407,101.22125913477345
77.64443557114218,130.04884445920086,54.598442322363816,101.690072397589
77.55743153433335,129.98042525841012,54.77245039598147,101.82691079917048
77.40894454484962,130.06059140792019,55.06942437494892,101.66657850015037
77.06189150933604,130.25918199455907,55.7635304459761,101.26939732687259
76.84107665333165,130.20457516694427,56.205160157984864,101.3786109821022
76.81042702132419,130.06479845661983,56.26645942199981,101.65816440275108
76.86283618560347,130.11333161844084,56.16164109344123,101.56109807910906
76.85828556162065,130.36916157037305,56.17074234140689,101.04943817524462
77.23322827293934,130.34818763973317,55.42085691876949,101.09138603652443
78.77199723215764,130.3623464250373,54.7767209370353,101.06306846591613
78.86588233124911,130.10694865128508,54.588950738852375,101.57386401342058
78.88276700463379,129.98065854302214,54.555181392083,101.82644422994645
78.86836036731117,129.86729511715447,54.58399466672824,102.05317108168177
79.02188524466916,129.67778169742462,54.27694491201224,102.43219792114147
79.23766982540633,129.32482739193625,53.84537575053793,103.1381065321182
79.33869540504597,129.04122479977636,53.64332459125863,103.705311716438
79.34386890333539,128.78623932772157,53.632977594679815,104.21528266054757
79.40651625690299,128.3859593350586,53.50768288754462,105.01584264587353
79.2393105693066,128.35721800305924,53.8420942627374,105.07332530987222
79.24723032843596,128.13450138987895,53.826254744478675,105.51875853623285
79.22783326606361,128.0971895340055,53.865048869223365,105.59338224797975
79.14797476127876,128.0662308443534,54.02476587879306,105.65529962728388
79.24812912729587,127.930773664946,53.82445714675885,105.92621398609872
79.21956360285807,128.100878062454,53.88158819563442,105.5860051910827
80.31640245383576,128.09175782904614,54.16090098993595,105.60424565789843
80.20950354158033,128.25556619750046,54.37469881444682,105.27662892098985
80.25899525495436,128.307858526321,54.27571538769875,105.17204426334872
80.25907257773348,128.15222222440198,54.27556074214052,105.48331686718677
80.1692927080307,128.33924274363065,54.455120481546075,105.10927582872944
80.05454917276575,128.52786183099397,54.684607552076,104.73203765400277
81.11506133073661,128.46717444219976,55.03787550862592,104.8534124315912
81.00869138867387,128.7207733236902,55.2506153927514,104.34621466861033
80.96493795508039,128.9935521509243,55.338122259938345,103.80065701414213
80.81557822375058,129.0844264927556,55.63684172259799,103.61890833047951
80.71973031843748,129.04324018366006,55.82853753322415,103.70128094867061
80.70049978040386,129.17649936896134,55.86699860929141,103.43476257806802
80.69320007779108,129.38354367785823,55.88159801451698,103.02067396027427
80.60791275157818,129.1401926365333,56.05217266694276,103.50737604292414
80.55760693499451,129.24342097162375,56.15278430011011,103.30091937274325
80.53652607247088,130.55422655826726,56.19494602515738,103.15771750224405
80.75583504951594,130.18422246000978,55.756328071067266,103.89772569875902
82.13661698725005,129.97194903586973,55.475174774127325,104.32227254703915
82.11718352901714,129.83920277106577,55.51404169059316,104.58776507664702
82.09246240215663,129.74356333358992,55.563483944314186,104.77904395159872
82.05221033466016,129.74865762177546,55.64398807930712,104.76885537522764
82.2267628617196,129.6556138843831,55.29488302518824,104.9549428500124
82.22386383133824,129.73219791286328,55.300681085950956,104.801774793052
82.24063008461685,129.683821145722,55.267148579393734,104.89852832733462
82.2038434518365,129.71998852865946,55.34072184495443,104.82619356145965
82.11738380304905,129.72359830973727,55.51364114252932,104.81897399930405
81.98778716432209,129.78211342030255,55.77283441998326,104.70194377817347
83.1412559141133,129.99999756370306,55.95840460436998,104.26617549137242
82.86201100309333,129.97184750032375,56.51689442640992,104.32247561813107
82.62980059261527,130.196846665733,56.98131524736604,103.87247728731259
83.63940210334387,129.15887107185893,57.46306895419054,103.44747174677909
83.60913893804019,129.26498555837978,57.523595284797906,103.23524277373735
83.62391917452875,129.23720375638413,57.49403481182076,103.29080637772867
