211.5,76.5,34.0,40.0
206.52399201171588,77.44079014018011,34.81757038342439,38.280483375803186
206.20344242534617,78.67248011963669,35.458669556163805,36.96562794224416
203.71634785847587,79.62644056365355,35.88006993626948,36.195904242619186
202.4351166766528,79.83769810588272,36.17696855544869,35.77338915816082
198.91990208439032,80.10347012820426,36.422562452031876,35.24184511351775
197.19765349851676,80.27440185227906,36.48822613397108,34.899981665368166
196.05339844458834,79.85117221410533,36.53292504535745,34.62453534348039
193.23289958798566,80.01305759092043,36.582683808944346,34.3007645898502
191.4631173436035,79.47193398457718,36.780556333897245,34.26911448126623
190.30436310155295,79.43226511348828,36.86510571076323,34.348452223444
187.52519171441642,78.8518525206259,36.82817364265865,34.39022244069325
187.61751758754338,78.89258010070202,36.643521896404756,34.30876728054103
187.6871015179565,78.81180937015581,36.50435403557849,34.47030874163343
187.77618438330072,78.75841446628863,36.3261883048901,34.57709854936779
187.9005198281105,78.71374091696225,36.077517415270506,34.666445648020556
187.47835087796304,78.66931890599525,35.810060830331125,34.755289669954536
187.4853651357916,78.69630970309345,35.79603231467401,34.70130807575816
187.47290972329304,79.25711427181068,35.82094313967111,34.68763935531045
187.38686496502035,79.31187449328193,35.9930326562165,34.578118912367955
187.35066781368778,79.27374044695996,36.065426958881616,34.6543870050119
187.28468575854507,79.30894851970208,36.197391069167054,34.58397085952764
187.26728616526958,79.82058660968777,36.23219025571801,34.67305991923187
187.18673416146115,79.9037719744928,36.39329426333487,34.506689189621795
187.14829063720217,79.9245114627949,36.47018131185284,34.465210213017585
187.13003429393478,79.89778781880142,36.50669399838762,34.518657501004554
187.0823072875795,79.91170891026017,36.602148011098144,34.49081531808704
187.03367709199887,79.88686882736248,36.69940840225946,34.54049548388244
187.5241394225078,79.98488528996741,36.837999159064864,34.34446255867258
187.48002880021542,80.02358185190045,36.926220403649616,34.267069434806515
187.52587709413206,79.95607773265127,36.83452381581636,34.40207767330486
187.54905753976294,79.89124301881631,36.78816292455457,34.53174710097477
187.58385810914186,79.28117673595146,36.71856178579674,34.63111859246428
187.61830862049925,78.69418495056047,36.64966076308197,34.68385284996563
187.66559181889875,78.5761143496593,36.555094366282944,34.91999405176796
187.6734688275237,78.49330008370124,36.539340349033075,35.085622583684085
188.18079784100735,78.61787392397218,36.65032039126059,34.83647490314219
187.58203419326708,78.60222677380868,36.72441371714379,34.86776920346921
187.58602525883424,78.52187990328284,36.716431586009456,35.02846294452091
187.53797446312518,78.60296116204468,36.81253317742757,34.866300426997206
187.5134570002435,78.64143450339287,36.86156810319089,34.78935374430084
187.48433492218916,78.69385416303484,36.919812259299576,34.6845144250169
187.5142941285966,78.56786875403321,36.85989384648471,34.93648524302016
187.49766434432982,78.59814685028047,36.893153415018254,34.87592905052563
187.47374590308,78.62725644749737,36.94099029751797,34.81770985609183
187.54770721480637,78.52578040310239,36.7930676740652,35.02066194488179
187.49364219379072,78.58782754149054,36.90119771609648,34.89656766810549
187.54363488162556,78.5139801640593,36.80121234042679,35.04426242296797
187.47895419828356,78.5669812077779,36.93057370711082,34.93826033553078
187.42694541113158,78.59209910726638,37.03459128141475,34.88802453655381
186.8926457719315,79.00758078984627,36.972942592595544,35.187309138613394
185.74930982308808,79.04072529626556,36.991570500605945,35.121020125774805
184.55531657815112,79.60240664441372,37.113028236549866,35.13092180644345
183.98638340658064,80.228719620538,37.11557724912346,35.01361318476227
182.86286897659474,80.29031621012503,37.09560581112647,34.89042000558823
182.81577557638764,80.27226505419716,37.189792611540675,34.92652231744397
182.80902620540812,79.66520260309926,37.2032913534997,35.0073687116519
183.40412535930966,79.04013666975908,37.147862719620306,35.122730904408556
184.00925080223965,78.41885842457278,37.07334324261977,35.22955598592174
185.29006500791743,78.40638930091102,36.78423149702511,35.25449423324526
188.8543210867004,78.35052383862377,36.44853000499297,35.36622515781974
188.79415981361527,78.49620405818294,36.56885255116322,35.07486471870142
189.87309812068747,78.6585303546948,36.66283507575964,34.750212125677685
192.1323791823011,78.72138431256968,36.63333152722341,34.62450420992792
192.61512931991248,78.83433038526339,36.787645845350085,34.39861206454052
193.14074007984343,78.96480731880112,36.85506751457206,34.13765819746506
193.62284933619338,79.03540341744355,37.00640350774414,33.99646600018018
194.1228528125099,79.08613271937658,37.12206396345592,33.89500739631413
195.1682832420339,79.07549038197371,37.26290918913421,33.91629207111987
195.68764627846812,79.1543171445357,37.34256315265761,33.75863854599591
196.15958374908945,79.10287447229518,37.51579638521865,33.86152389047692
197.30647446126486,79.07748389248951,37.46488517021567,33.912305050088264
197.8461263112487,79.03358141771042,37.507034789290046,34.00010999964643
197.79144191659265,79.03822934683386,37.61640357860215,33.99081414139956
198.3427971505266,78.98454512870893,37.638748345648516,34.09818257764943
199.02362891804168,78.93100863440787,37.40419610082209,34.20525556625154
199.00688930856867,78.85280886683711,37.43767531976812,34.36165510139308
199.67736165015197,78.84065336841785,37.2249073929125,34.385966098231584
199.7202950767213,78.75644803019023,37.139040539773795,34.55437677468682
199.8945338059738,78.69459328432941,36.79056308126884,34.678086266408464
200.44511113118136,78.6257990767203,36.812524822681205,34.815674681626696
201.0567567217759,78.59116197526869,36.71487096904438,34.884948884529905
202.67803951585543,78.51850678665177,36.84793194142243,35.030259261763746
202.71925538826582,78.41769220507511,36.765500196601664,35.23188842491706
204.94272705599735,78.34426720215079,36.84449715240021,35.378738430765715
207.77311205567142,78.30797086956133,36.858928975678126,35.451331095944624
208.4172584487823,78.8033915196967,36.70704890682691,35.596902513044384
209.6394489080204,78.76666135354412,36.535335975230915,35.670362845349544
212.6039745908762,78.62745415277493,36.2802995382546,35.94877724688794
213.18645084764924,79.1399242506979,36.250534867928884,36.059024894262365
215.48730686067228,79.53168870038789,36.19464187271362,36.411950752590094
215.45903391172638,79.60087660820935,36.25118777060543,36.273574936947185
216.07173778534477,80.08590582830472,36.16561801260627,36.443354485994064
218.95352956021858,80.56743940993762,36.10783143066843,36.62144671629022
218.58000668180918,81.04848779931234,35.71183206487699,36.802395060151035
221.5372634004286,81.0308548192211,35.49551897177101,36.83766102033353
221.13595121388414,81.55702205026138,35.16136548035717,36.92210442275572
221.7766296694394,81.13470972102441,35.0128261428836,36.63391150759278
222.4820086266596,81.71151043382318,34.72803436997168,36.606276223523786
223.7624897944144,82.2394651731745,34.40913337366924,36.67139741442473
225.01702624475539,82.85749952465666,34.13405578152312,36.55232636572833
225.06715234995218,83.07461067900446,34.033803571129496,36.118104057032724
225.7159092653771,83.2087083550322,33.838712527290646,35.84990870497725
226.354729522489,83.34709546557465,33.65622120586598,35.57313448389235
226.44639973367643,83.91307098768925,33.472880783491135,35.52912436267121
225.91396977927235,84.06749172766911,33.453389103142236,35.22028288271149
225.45824013538606,84.0870061015684,33.28562586332328,35.18125413491291
224.94584651210693,83.5686205067876,33.23445449111753,35.14206670571053
223.92038672444588,83.62953495616415,33.13629998697517,35.020237806957425
223.3952972409744,83.64285516477486,33.115397032014414,34.99359738973601
222.30464936399662,83.0285272905993,33.156022269431396,35.151917879817844
220.65025238698817,82.48451856425751,33.24446884606244,35.166486206706125
219.47280838440759,82.47382621570952,33.44920348570108,35.187870903802086
217.67693859647142,81.94360984837454,33.80499265318973,35.169653502344175
216.41924926831365,81.89063187244582,34.15239288285755,35.2756094542016
215.1424829979985,81.88239308592777,34.52366179207468,35.29208702723769
213.28755092140452,81.91906536654281,34.941790922188254,35.21874246600762
211.9019068846467,81.49337101137061,35.507722290422485,34.96745282371133
209.97349710382315,81.60418317479011,36.04168959987575,34.74582849687232
209.79586285327176,81.50039489700158,36.39695810097853,34.95340505244936
207.47095339792497,81.52425466834796,36.561485402829526,34.90568550975661
206.22662597637617,81.50803765691253,36.80385894003351,34.93811953262748
205.55502576060275,81.5252134212102,37.0196197338807,34.90376800403216
202.00152048519683,81.61979053788173,37.345048137040486,34.71461377068908
201.7932257790384,81.82976050448454,37.7616375493573,34.294673837483444
200.60969857940813,81.95764631019122,37.86439895723855,34.03890222607011
198.77956218543932,82.1732068300874,38.13566396988405,33.607781186277734
198.2368898237692,82.33919858310414,38.09401409194663,33.27579768024427
196.5990135613569,82.29561815465166,38.00663343840604,33.362958537149204
194.41510247757566,82.25611191537456,37.89010918978008,33.441971015703416
194.39429613466217,82.33056248314934,37.93172187560707,33.293069880153865
193.93328149341934,82.29924565102603,37.734940232517374,33.355703544400484
193.3310059502457,82.1814036735984,37.82272491992072,33.59138749925574
192.29412593812555,82.09298418255742,37.65270933004466,33.768226481337706
191.82286052981416,81.93125884225446,37.47316727789695,34.09167716194362
188.96656960329219,81.83954760778809,37.563568052714835,34.27509963087634
189.01375144268383,82.25251968375358,37.46920437393158,34.57791348916831
188.51383416398426,82.13908153789066,37.33693673520085,34.804789780894126
187.40513320711563,82.18660753177875,37.287053286260814,34.70973779311796
183.9645915191839,82.16706567205074,37.379987931886504,34.74882151257398
184.00097793857213,82.09882065700657,37.30721509311002,34.885311542662315
183.4254321275691,82.65068279005214,37.32385058431977,34.9160434073675
182.88456203778313,83.16430157129952,37.270388218097686,35.024008390666815
181.8082274777964,83.18692672476001,37.15089782079294,34.9787580837458
181.9526423067484,83.12918364402542,36.86206816288893,35.09424424521501
180.90845612626356,83.63112732650163,36.68880399767121,35.2211751433563
180.46372866761092,83.51116931724911,36.4481422625267,35.46109116186133
180.48057969725141,83.39479430790966,36.41444020324569,35.693841180540225
179.98536753851505,83.34865939495526,36.27158636533218,35.78611100644903
179.45141936825502,83.3406714512623,36.206991803387375,35.802086893834954
179.4225053587192,83.2576490593469,36.26481982245902,35.96813167766575
179.46365382894254,83.77772551763113,36.18252288201231,36.06322809913429
179.45679374205952,83.89250463895203,36.196243055778375,35.83366985649249
180.00870702124985,83.83448424911548,36.22447357606996,35.94971063616561
180.54888580177837,83.32824602834319,36.278442075341104,35.827861017382
181.0880104673994,82.70738143644493,36.33344845794157,35.936334487335934
181.66788267508298,82.23441197274873,36.30953034289611,35.74644711440671
182.2497298140951,81.16453474883689,36.27829770848641,35.6212782750012
182.29021286882647,81.22314633030969,36.197331599023705,35.50405511205559
182.38122317144527,80.72765455214329,36.015310993786116,35.36815450543769
182.9398667452219,80.10899126306947,36.01991303853912,35.48359189127906
182.97102185522533,79.07455795500772,35.957602818532266,35.30489963913978
183.57462345115027,78.54629830510257,35.87038747985346,35.241431085779055
183.60178907284774,77.98909200644522,35.816056236458536,35.23822323943672
184.17911616613966,77.97712580146441,35.77811988216142,35.26215564939834
184.3112678893067,77.32985371816885,35.513816435827366,35.4402002000785
184.36200326746305,76.78982632571551,35.412345679514665,35.40510381906063
184.45973592544584,76.18430438346765,35.21688036354905,35.503142750693
184.51604490607082,76.2400508229474,35.10426240229913,35.391649871733506
185.17491732261414,75.67776293377909,34.89446676147119,35.40827645781144
185.28222581694132,75.15460502967474,34.679849772816766,35.34968411812407
185.90471092805126,74.63150828450755,34.53548856383614,35.29526859521923
185.98182560713724,74.15807645463215,34.38125920566419,35.14465099140615
186.0664321755488,73.67497768257867,34.21204606884106,35.01815863759936
186.18634233634333,73.7163145961338,33.972225747252004,34.935484810489115
186.2376729169983,73.22787650820361,33.86956458594212,34.82939707184187
186.30123973595752,73.23399666260168,33.742430948023646,34.81715676304572
186.3503735243332,72.74212908871706,33.64416337127229,34.72340595198623
186.42655316431572,72.75630073501029,33.49180409130723,34.695062659399774
186.5109323812003,72.74320378262951,33.3230456575381,34.72125656416135
186.49369739988526,72.75284196533238,33.35751562016817,34.701980198755585
186.50808291668247,72.23384175088535,33.32874458657375,34.67037353739896
186.54486981409948,72.20419833779678,33.255170791739715,34.72966036357608
186.59816081849226,72.18382176860895,33.14858878295414,34.77041350195174
186.64696525266237,72.19132773983,33.050979914613976,34.75540155950965
186.17646208738395,72.23675642580056,32.926389357828796,34.664544187568524
186.22625478417467,71.74527640847596,32.82680396424737,34.58529708845179
185.77424209586565,71.78962807281151,32.671435149216705,34.496593759780694
185.90903224362935,71.86627904104313,32.401854853689315,34.34329182331746
185.5435994001592,71.39636076847015,32.083829470331764,34.23423729816553
185.68094143367367,71.49961361608536,31.8091454033028,34.02773160293513
185.8093735705933,71.59260895237473,31.55228112946353,33.841740930356366
185.90465310006786,71.19615769533428,31.361722070514432,33.60703409246667
186.02065363702928,71.73554741881006,31.12972099659156,33.54918533482626
186.11422399126886,71.83945411455345,30.94258028811241,33.34137194333948
185.7253710062384,70.94844944156524,30.710141818919254,33.10309241080759
185.8248551572704,71.01613977075628,30.511173516855173,32.967711752425515
185.9314020540189,71.07977497163927,30.298079723358242,32.84044135065953
186.03373556370164,71.19129583941603,30.09341270399272,32.61739961510604
185.71459332286045,71.7692843222972,29.746300874420587,32.44681896059824
185.81781676188822,71.88453613365452,29.53985399636501,32.2163153378836
186.38279714257396,72.48434862031942,29.380257436142326,31.987054565702536
186.96574911845607,72.60583487631651,29.178616577822403,31.744082053708354
187.06359344633924,72.67507245422775,28.98292792205609,31.605606897885867
186.650087138248,73.23361808544651,28.857922636776287,31.440533536910657
187.17497984999494,73.31134242880077,28.755601829880494,31.28508485020214
187.1875493660803,73.35748463668915,28.730462797709777,31.192800434425372
187.17672482374115,73.39800840270388,28.752111882388093,31.111752902395907
187.6008331910224,73.89528568218304,28.844564225585458,31.057867421197486
187.05231936750442,73.91561035574182,29.000294500187728,31.017218074079956
187.40454192623002,73.85483557803498,29.238983043864124,31.13876762949363
187.2595080690171,74.16259926920276,29.529050758290026,31.47205139121656
187.07729931015595,74.44079544847068,29.893468276012282,31.874262936890787
186.82932690478947,74.25407662903535,30.38941308674525,32.247700575761414
186.57914583681455,74.0411688770642,30.889775222695114,32.67351607970373
186.77902940160197,75.2663661544812,31.488904075110987,33.219809470842
187.02199832030612,75.49546426236196,32.01987169788305,33.7785187152608
186.7172769160592,75.22033977105733,32.62931450637687,34.32876769787009
186.36737639635402,75.5405542727838,33.32911554578725,34.740602683710634
186.04524295885182,76.92029698785585,33.97338242079168,35.19040447268301
186.43465843700966,76.69653162975237,34.28152433105504,35.63793518888997
186.78889155083093,76.51204290962457,34.67189786246342,36.00691262914557
186.71957489101825,76.48744847301512,34.81053118208876,36.05610150236446
186.60546975317442,76.46819686136661,35.03874145777642,36.09460472566148
186.54879813050422,76.48655151126734,35.15208470311681,36.05789542586004
187.03029325042507,76.4921395520996,35.30824591205084,36.0467193441955
187.05101046131333,76.39474505314138,35.26681149027435,36.24150834211197
187.03052065506725,76.37335526356753,35.30779110276649,36.28428792125966
187.47301291490155,76.38882417957748,35.54795975814666,36.25335008923975
187.98927631487456,76.46157042239312,35.643887119612394,36.10785760360847
189.70336084013715,76.5062392345497,35.59876683087946,36.01851997929533
190.22969426503872,76.6212107368158,35.67167075422371,35.78857697476312
191.3514270494782,75.99432445254726,35.674419461844145,35.919242405050504
193.04573349304667,76.02905497229565,35.6614145912391,35.849781365553724
194.15852233610522,76.10913918990288,35.68365143799542,35.68961293033928
195.25591513720096,76.17754241764138,35.732346710677334,35.552806474862265
196.94228913964787,76.81199956564996,35.72066293767294,35.4042469228083
197.47146229122063,76.93287672827847,35.780151023999366,35.16249259755124
198.59127546674725,78.05469045576157,35.77044860310825,35.14878907274717
199.6906696794958,78.61845017911892,35.80084810419395,35.135863589323904
201.38781019749408,79.14423790714054,35.751168209021955,35.199155180222164
201.92850545321363,79.71333113439597,35.784862497786314,35.176053525914774
203.04808332230817,79.63795645103531,35.77620565631682,35.32680289263611
203.549495103839,79.59095006050738,35.89086944390341,35.42081567369195
204.63159475405627,79.57899127606301,35.96820317253733,35.4447332425807
204.69162904871774,79.54139038879607,35.84813458321434,35.51993501711456
205.21117207034462,79.55666027318428,35.930704357627185,35.489395248338155
205.6955011005839,80.07643176168365,36.08451744460367,35.57232341879444
206.21928177984833,80.04068685192479,36.16314614317459,35.64381323831216
206.20795663025635,79.89909932161486,36.18579644235856,35.926988298932024
206.2017148591393,79.83243824012423,36.19827998459266,36.06031046191327
206.12612071795084,79.75724406784158,36.349468266969566,36.21069880647856
205.9849584346984,79.63939879430454,36.63179283347443,36.446389353552654
205.2442731866377,80.0592179950144,36.9646284176681,36.75528586406067
205.24700942107103,79.42742163693416,36.9591559488015,36.86025810785238
204.58063814545696,78.76994535304473,37.131713324701494,37.01502550030306
203.95965052782398,78.12800917301513,37.208359074191286,37.13356837458611
202.71922625948656,76.2314428231409,37.35241283386587,37.421508908834156
202.56793995949886,76.23450251613832,37.65498543384124,37.415389522839305
202.43583149718003,75.46339483689725,37.9192023584789,37.77776018167043
202.3508470246427,72.99890976750125,38.089171303553584,37.9479564298982
202.04644363059646,73.00304231424603,38.69797809164606,37.93969133640863
201.87459695760398,72.96611796798209,39.04167143763101,38.01354002893651
201.7188401880348,72.23660087657933,39.35318497676941,38.26156030905689
201.67677130155826,70.37245149681796,39.43732274972247,38.33044523741148
201.61055758456882,70.3274880411974,39.56975018370133,38.42037214865259
201.43550949438864,69.70031895837245,39.9198463640617,38.44900920488095
201.28385333571975,69.12225256857485,40.2231586813995,38.373509539471826
201.05827243540716,68.5469153772214,40.674320482024626,38.28900246205975
200.2652756878951,67.94002517466024,41.01942624801978,38.261895138153065
200.17294335885958,67.29764677296038,41.2040909060908,38.300813439381905
200.04023344522486,67.24806409153754,41.46951073336025,38.39997880222757
199.90346426958908,66.02496687341045,41.743049084631814,38.33609532782289
199.77747993327478,65.38802427194767,41.99501775726044,38.35169975567861
199.69477044247589,64.70574456762,42.16043673885818,38.45381303420174
199.53414949333134,64.6745304786256,42.48167863714732,38.51624121219055
199.4041420111009,64.53811525136264,42.74169360160816,38.78907166671647
199.40265555940135,64.49239458017963,42.74466650500729,38.880513009082485
199.35477324677063,64.51710192163402,42.84043113026873,38.8310983261737
199.22510956356643,63.961293270822196,43.09975849667713,38.65951042117059
199.13276605919268,63.25775441858502,43.284445505424614,38.78209141208802
199.06533682487387,63.115159706655334,43.41930397406223,39.06728083594739
199.07145393042424,62.9788620885077,43.407069762961484,39.339876072242674
199.06432125455467,62.888876056484236,43.421335114700646,39.519848136289596
199.0293646356771,62.79869712435529,43.4912483524558,39.70020600054748
198.33233234277097,62.12330504880461,43.578172299236314,39.74384951261714
198.33422406194273,61.978164386649865,43.574388860892796,40.03413083692663
197.01712652724748,61.852809784225876,43.581102836370654,40.284840041774615
196.88255254412937,61.87521235196934,43.85025080260688,40.24003490628769
196.78926472542906,61.80126521824338,44.0368264400075,40.38792917373961
196.13879398717708,61.21471204806808,44.011214360723564,40.23448195830236
196.0986053106824,61.12094700032988,44.09159171371295,40.42201205377876
196.07094784817784,61.007052798223754,44.14690663872206,40.649800457991
195.22929503394488,60.48413105528266,44.49778632105281,40.36321799773801
195.33841186196992,60.380947027044854,44.27955266500274,40.56958605421363
194.80630610820907,60.27609206177512,44.010549677704375,40.779295984753105
194.74475704843226,60.329556233922744,44.13364779725799,40.67236764045784
194.7028919477494,60.41403150612227,44.217377998623725,40.5034170960588
194.66303114235257,60.533618846956614,44.29709960941739,40.264242414390104
194.72530946422273,60.48652851225956,44.172542965677074,40.35842308378422
194.12804294117004,60.404596010836045,44.03888158422461,40.52228808663125
193.98343671686794,60.55297805004883,44.328094032828794,40.22552400820568
193.88017488579604,60.72426195162285,44.53461769497259,39.88295620505764
193.83810795200517,60.888877938770605,44.61875156255435,39.55372423076213
194.5172333816043,61.09858259002823,44.58279909231811,39.13431492824687
194.61492272116504,62.45370264855633,44.38742041319665,39.054161561325806
194.74502652558095,62.40496472918757,44.127212804364845,39.15163740006332
194.90842591642803,63.04387754326669,43.80041402267065,39.18208028959685
195.04088364337406,63.69097042599754,43.535498568778635,39.19158475883829
195.01452968676773,63.82139541527336,43.58820648199125,38.93073478028666
195.1542646884139,63.81083947939702,43.308736478698954,38.951846652039336
195.33469531587042,64.486080260571,42.94787522378588,38.893761215884325
196.17977816177068,65.17174314672786,42.54358033309077,38.80830624467597
196.29879042856527,65.28843607361964,42.30555579950158,38.574920390892416
196.37263575322308,66.01464117384481,42.15786515018595,38.393331602639506
197.04499848593292,66.66449224523589,42.07877835386576,38.35926812895683
197.11486584018027,66.73231821013803,41.939043645371065,38.223616199152545
197.2496842633827,67.48969465504257,41.669406798966186,37.96840288208746
197.44849144722187,68.18975228004771,41.271792431287864,37.81957878932048
197.6688163679863,68.82717565455724,40.83114258975902,37.787477127146126
198.4709908306292,71.33243240172968,40.46217354473255,37.71848315383859
198.58338271054004,71.94911290782485,40.23738978491085,37.71366126555623
199.28527692397228,72.59636803503625,40.058560638951505,37.64411029203859
200.0793146333769,73.22661102775105,39.691554010970755,37.60469309743748
200.26842619491634,74.45632866251398,39.31333088789188,37.57469396923766
201.01178615223336,75.7547590299057,39.03494679084484,37.394504869628214
201.1229850219039,78.77311919360749,38.812549051503765,37.363468212366875
201.25972871868083,79.38725201426433,38.53906165794991,37.332371272621415
201.32408268458883,80.03215335110328,38.4103537261339,37.23496680770995
201.97746810157997,81.35611583120834,38.29242922866527,36.964734520527074
202.61542582880844,81.98233777096424,38.1992494526463,36.89502631945327
203.2059657483597,82.60074043675769,38.19834677976652,36.83839815408906
203.29479636397818,83.19688977565477,38.02068554852953,36.82536852010321
203.92530792899692,83.86772556169542,37.93594542538406,36.65997995491396
203.9890278739751,84.46205722728658,37.808505535427734,36.64366307780645
204.5173421042847,84.60810908863685,37.921971273324715,36.351559355105906
205.12278502947132,84.7263471329424,37.8783425033782,36.115083266494814
205.27774144584453,84.11027771618058,37.56842967063177,36.1843846841303
206.06777229778083,82.43299857665558,37.147455455344044,36.06168049742548
206.77428170681065,82.51854308821225,36.88499885317516,35.89059147431212
207.49006165020091,81.37617255239562,36.59719230926795,35.88782586019876
207.62304886941604,80.79663012805665,36.33121787083766,35.907711045537255
207.71722457381844,80.28859087644028,36.142866462032856,35.788448760103066
208.2419059488862,79.20126086358061,36.22401133188875,35.70209354583967
208.35508068696802,78.60439356287827,35.9976618557251,35.76540644144353
208.4580253004035,78.60498974561463,35.79177262885412,35.76421407597082
208.39413497236413,78.65049824380989,35.91955328493286,35.67319707958028
208.37556346141835,78.68960455447109,35.956696306824426,35.5949844582579
208.42555420996075,78.63708280975565,35.85671480973966,35.70002794768877
208.44464974283704,78.57303789549947,35.81852374398702,35.82811777620114
207.33289832875482,78.66403166055639,35.789952616994384,35.64613024608728
207.27968168061267,78.67875202477073,35.89638591327872,35.616689517658614
206.12211414962798,78.66746415907082,35.96364972280536,35.63926524905843
204.99207811068808,78.65522471244442,35.97302809745143,35.66374414231124
204.46938927816734,78.69069454585933,35.89252652708936,35.592804475481415
202.6848597008192,78.73527830105341,36.09108790499213,35.50363696509325
200.88488302335242,78.78228874850652,36.315406691925915,35.409616070187035
199.74840492372883,78.8718584485294,36.33387029362836,35.23047667014128
199.08452856988507,78.97994295568478,36.536912962999395,35.01430765583053
199.0138148769019,79.07213037639367,36.678340348965705,34.82993281441272
198.45843678576765,79.09839319860282,36.665328468347596,34.77740716999443
197.90501301245777,79.10516129714394,36.64944213779383,34.7638709729122
197.9517188161333,79.20293245683825,36.556030530442726,34.56832865352355
197.98105244601547,79.31172722198252,36.497363270678434,34.35073912323502
197.97316701794435,79.32858983729197,36.51313412682067,34.317013892616124
198.47318519855173,79.31542578583763,36.62616798121652,34.34334199552481
200.78968369057736,79.21130736701619,36.45417088436828,34.55157883316771
201.39937518937734,79.17550624281799,36.35065170864484,34.623181081564084
204.93894261592166,78.43078938816176,35.96379578459884,34.99723496936946
207.28979716243043,78.40824021122285,35.72302903385699,35.04233332324728
208.52574159064187,78.44136708758617,35.47548699732373,34.97607957052064
212.0295827607687,78.3044699826178,35.1112900142471,35.24987378045735
213.19006210828275,78.2625415189559,35.001997690220755,35.33373070778117
217.19184741171728,77.55466814071053,34.736443253809114,35.64404658277801
218.79181605052497,78.05960317683532,34.85484910490134,35.740290886764285
223.2073609618248,77.94909981055953,34.89967219011433,35.96129761931587
224.34987940433666,78.57049438714861,34.84195044600409,35.83216603659442
228.3780675669452,78.65686688367644,34.56064835056792,35.65942104353878
229.41598960521262,78.73494240375824,34.69196886541874,35.50327000337518
232.69776562390857,78.75594002578568,34.74766160855727,35.461274759320304
233.69341799524437,78.8016371179126,34.963210724616296,35.369880575066446
236.45466423178556,78.77338745696586,34.967657669169824,35.42637989695993
236.91925066476037,78.82915713411447,35.14482929272702,35.314840542662736
237.9692204610078,78.80325089080026,35.25965187710424,35.36665302929116
238.06306787738976,78.81630349957136,35.07195704434038,35.340547811748934
238.57992807890622,78.81980674769066,35.14487524793876,35.333541315510324
238.55066396787487,78.84871573398692,35.20340347000152,35.27572334291783
238.53743500538664,78.88448286904315,35.22986139497795,35.20418907280535
238.60187741827232,78.8089039208361,35.10097656920656,35.35534696921946
237.53559389468546,78.73257981318368,35.01888862847006,35.5079951845243
236.4195979291698,78.65350233427192,35.034017403662645,35.66615014234782
234.83998617640322,78.65112884660641,34.85978928865891,35.67089711767882
232.54596761745438,78.63973178852227,35.01390787347894,35.69369123384712
229.2723481727694,78.66329073315951,34.89355318770196,35.64657334457263
228.75374616985079,78.73160623423414,34.822126651156026,35.509942342423386
225.4565225726454,79.36304038185786,34.78439472589109,35.35243723378855
222.1041055213999,79.22252076228014,34.87543524748091,35.63347647294398
219.24006749150146,79.10852586578821,35.06281263518857,35.86146626592785
218.11608504239393,78.54910361738344,35.081445126744796,35.865644559407976
214.08275432381723,78.72617538188737,35.3429291025202,35.511501030400105
211.24044535096027,78.8183392181163,35.45962019466342,35.327173357942264
208.38809922382094,78.85644416590867,35.60169914765852,35.2509634623575
204.41747090881893,78.816150382106,35.74807107281481,35.33155102996283
200.31270288667923,79.35885978441172,36.13776302177902,35.363252810396425
196.68820897622658,79.89906041612497,36.64436063898373,35.40658324758668
192.62021296311346,80.4853902989222,36.85390777796162,35.36627275159911
189.2458378446991,80.95993204059377,36.792714519745445,35.55217985076344
185.29778211066994,81.04184896877211,36.73004202939588,35.38834599440678
183.08608388922826,81.14517698435087,36.619830610857534,35.181689963249255
180.31251152647673,81.66867928699881,36.524903714985356,35.26309968222846
179.34172436673168,82.07638200536195,36.21004812991631,35.575909197781726
176.5907098533925,82.51549635381056,36.07099969371736,35.82589599345995
176.1004549436227,82.41242374470852,35.921541052807534,36.03204121166406
173.33918956160875,82.34415084680464,35.78976836444619,36.1685870074718
173.3469068925759,82.35400090539298,35.774333702511896,36.14888689029512
173.32720795429034,82.34376720065227,35.81373157908302,36.16935429977656
173.23578482756227,82.41134922955014,35.99657783253916,36.0341902419808
174.34892518998993,81.19366942786016,36.034445267634545,36.20540168541008
178.58632987737013,80.590756766596,35.50715110713267,36.27586769161574
179.2075036063422,80.19217001111588,35.39296777011353,35.944877081651
183.60633476251587,79.87947558188982,35.56470821124072,35.44909059591881
187.7668373850604,79.73691965155622,36.17242707736397,34.618111942684486
192.06048398107123,80.05218228293025,36.48525147166089,33.987586679936435
195.69200792466552,80.27295833059303,36.9741032706197,33.54603458461088
199.4352890248774,81.0319684944003,37.24356558915268,33.13601775970444
203.1820188943095,81.14359868806459,37.4896576937656,32.91275737237587
206.4432996557387,81.11043894636242,37.60246616670129,32.97907685578021
209.77588904328675,80.96848203452168,37.58948620209317,33.26299067946168
209.23851121415967,80.65317223623985,37.551207621486796,33.89361027602532
207.56067472525302,80.35911207895778,37.53939376676321,34.481730590589486
211.47821484842956,80.0845784770431,37.62597883641948,35.03079779441883
210.80185526024158,79.86791880561537,37.8369680604231,35.464117137274286
210.13048715379938,79.72717825659683,38.027816688718325,35.74559823531139
210.6683790519547,79.64494014394083,38.111356115673956,35.91007446062336
210.66621420909905,79.59289641169899,38.11568580138525,36.01416192510706
209.73688980776743,78.3768486976918,37.6444408825201,36.11636363159299
208.82806472286435,78.29190808402723,37.143687342504755,36.28624485892213
208.59743948061228,77.64018390742342,36.450893444772625,36.43564882989351
204.82434350382653,77.7123976564308,35.97841797259153,36.29122133187876
201.339958563331,77.8346072395431,36.132233795421065,36.04680216565416
200.284662972646,77.90961979702007,35.97401662327501,35.89677705070021
195.95641370576755,78.9636220599992,35.594037463846774,36.04789194803826
194.05561598861908,79.4578154392405,34.89180389445033,36.18546244047896
191.6421133741378,79.88274243769676,34.13359946588565,36.4526503750719
188.66346222977305,82.03879913345638,33.43557572583438,36.57742100273984
188.44766200642005,81.99533595265812,32.76709256106412,36.66434736433635
187.07264291804037,82.57899035383974,32.24476039597186,36.58782867592363
186.76403715784977,83.60754247089275,31.780702737872772,36.69326279877813
186.36797280810572,83.62673492097741,31.49735333442795,36.65487789860881
185.4091753706336,84.26614842460768,31.27425455673192,36.446397717668404
184.9965324321167,84.33324346972651,31.03598584642642,36.31220762743075
185.06085924774206,84.92485276530259,30.90733221517572,36.18665367527396
185.6158942150003,84.48917972532682,30.85092760185895,36.004334434025765
184.60674442905938,84.5887140913687,30.769328641308455,35.805265701942
185.64608607203252,84.56551403560769,30.781786003596054,35.851665813464024
186.72167756497646,84.45792992992716,30.723574743478487,36.0668340248251
188.27463243505562,82.76032426135376,30.76427601873165,36.31543434656035
190.3518126620586,81.63593953578643,30.823332137723334,36.45749551119618
192.41864374318854,80.4786117013806,30.915631894994828,36.65917022024216
193.83843556015344,79.79417996210418,31.25928357366761,36.96695526126081
196.73411044474523,79.74106328166226,31.895960944306566,37.07318862214464
197.46399800331676,79.22344316119167,32.60256433322551,37.025239610054825
198.6349398206267,78.2348131821317,33.54194150177641,36.81499236606092
201.58165811377899,77.9108859021056,34.28130613188509,36.35738005671089
202.5002971072341,77.47531494335962,34.664178259306425,36.118446917037105
206.2907217997603,77.49321604002967,34.87011977940648,36.08264472369701
207.2410065481845,77.58319718655594,35.199731813359534,35.902682430644454
208.82314427719044,77.57017250759341,35.387866069913784,35.92873178856951
208.7420496384854,77.60583615646044,35.55005534732385,35.857404490835435
209.24937309850796,77.60018378606512,35.65768369069475,35.86870923162609
210.37245853867583,77.51414970902451,35.65980453182168,36.04077738570733
210.84450554588085,77.69900648330619,35.8425912609423,35.67106383714393
210.84061589285017,77.7251418056016,35.85037056700368,35.618793192553156
210.81551925119192,77.78437672539748,35.9005638503202,35.500323352961374
210.84662761259827,77.83954443565143,35.83834712750744,35.389987932453465
210.86652624587254,77.91387666684916,35.79854986095894,35.241323470058006
210.85036074786998,78.50438144137007,35.830880856964015,35.17680598616656
210.33783840974186,78.46154576646902,35.73994259079238,35.262477335968676
209.83133294931983,78.45479781743616,35.63704779613873,35.27597323403438
209.3123212017076,78.47619796915932,35.56056791006425,35.23317293058806
208.81134052795875,78.50287307536942,35.449899907651925,35.17982271816784
208.83360871957925,78.52813417092517,35.40536352441093,35.129300527056344
207.65803084189557,79.007017707107,35.53940244848729,35.28009187033821
207.67339544371498,79.07916538366281,35.50867324484847,35.13579651722657
207.74029589064364,79.11073418648024,35.37487235099116,35.0726589115917
207.7962019808251,79.08896973124027,35.263060170628236,35.116187822071666
207.8387549253975,79.10392937549793,35.17795428148344,35.086268533556336
207.24852301919015,79.1158618581577,35.25410818232839,35.062403568236796
206.68620171549344,79.13070219848865,35.27361987215748,35.032722887574906
206.62507624910975,79.201373218932,35.39587080492487,34.89138084668818
206.6734512504602,79.25896452570784,35.299120802223946,34.77619823313651
206.57877600105857,79.28317948943321,35.48847130102723,34.72776830568578
206.6447138199884,79.29796964277875,35.35659566316759,34.69818799899468
206.6031467044763,79.26034492573785,35.43972989419177,34.77343743307648
206.6269811727335,79.30776862345404,35.392060957677344,34.67859003764411
206.54268582857085,79.29233591058095,35.56065164600268,34.709455463390306
206.5930547402275,79.29205225564075,35.45991382268937,34.710022773270694
206.62154418461395,79.33808064955157,35.40293493391646,34.61796598544904
206.49956554026298,79.34160669224397,35.64689222261841,34.61091390006425
206.55844611974766,79.35018192655662,35.52913106364903,34.593763431438965
206.63168030160702,79.35156172964149,35.38266269993032,34.59100382526922
206.49890897215997,79.21853172771051,35.64820535882443,34.85706382913116
206.40979461092368,78.51026301249192,35.82643408129702,35.165520208553666
204.6373674784897,77.84807130005451,36.02408206008881,35.3741682047364
203.48276283132017,77.65721700540064,36.08904843204841,35.75587679404415
202.55419589961323,77.49984600452345,35.68788176449392,36.07061879579853
200.4607421228272,77.36976749153364,35.363625357584986,36.330775821778154
199.9865312832847,77.33547491175213,35.18528517455243,36.39936098134117
200.02696046553467,77.30588105031998,35.1044268100525,36.458548704205484
199.56409408070277,77.28204587268198,34.90548808021137,36.506219059481495
199.66715210536933,77.25518041411068,34.69937203087822,36.55994997662406
199.75453252523616,77.26434554312733,34.524611191144594,36.54161971859077
199.7804041981039,77.27728436897469,34.4728678454091,36.515742066896046
199.82246307478584,77.25275878769456,34.388750092045186,36.564793229456306
199.87758495115176,77.22352634867441,34.278506339313346,36.6232581074966
199.94195921606112,77.21769430990364,34.14975780949466,36.63492218503815
200.02358789365113,76.67472465844693,33.98650045431466,36.60854366836473
200.68052696943272,76.66421604347583,33.7819397056131,36.629560898306956
200.69606533938486,76.67042483767737,33.750862965708805,36.61714330990386
201.2449056310937,76.67128483148005,33.75889333613922,36.615423322298525
201.8289106597976,76.65716695421821,33.69669499486038,36.64365907682219
201.81360612440886,76.67073331842725,33.72730406563782,36.6165263484041
201.81102371107656,76.6631890616963,33.732468892302464,36.631614861866005
201.82774809194592,76.63264513238175,33.69902013056371,36.69270272049511
202.3534933511806,76.63410078431201,33.75359246166998,36.68979141663459
202.87594470118208,76.62036826512968,33.81557427452037,36.71725645499923
202.84441093913838,76.63546605567481,33.87864179860776,36.68706087390898
202.80183436978083,76.63389934570219,33.963794937322845,36.69019429385423
203.30478405811144,76.62940649911667,34.06812395222216,36.699179987025275
203.23493230458686,76.62706434629152,34.20782745927132,36.70386429267559
203.19447547926268,76.62120155627701,34.28874110991969,36.71558987270459
203.15827596383573,77.15306798920363,34.36114014077357,36.767635469969434
203.19779083992026,76.63061085390412,34.282110388604494,36.694812424331325
203.11184673100607,77.20976745926832,34.4539986064329,36.65184875494544
203.1332722542511,77.19122984111704,34.41114755994281,36.688923991248004
203.15633667865328,77.17085833425422,34.36501871113847,36.72966700497363
203.71594086725295,77.13737550453985,34.36301733821228,36.79663266440238
203.8057456125584,77.12000047454522,34.18340784760135,36.83138272439163
204.39513706763816,77.06802993000426,34.12053663951984,36.935323813473545
205.48234888399114,77.02439334913542,34.179176987907645,37.02259697521122
206.04862287453867,76.5107118463794,34.16545021411834,36.9311387734175
205.91181244250342,77.1276276845413,34.43907107818883,36.81448692806465
206.8198833127733,76.05063904961654,34.8623350559606,36.729058479602585
207.14746871734903,76.82803116187077,35.332236908478535,36.2993469167635
207.6017357310095,77.02929076929507,35.54947745168975,35.89682770191486
208.25804630279504,77.13097648892514,35.35974136372539,35.69345626265475
208.91886500495494,77.184564899552,35.15481096600042,35.58627944140102
208.9324739603995,77.262833036561,35.12759305511128,35.429743167383
209.3821853159955,77.25695373112163,35.33708466655325,35.44150177826175
208.64358742684286,77.14843224181945,35.701886586937626,35.65854475686613
209.46432297238206,76.97425409594616,36.303492887480715,36.0069010486127
208.57209922534685,77.4018512786615,36.951473912592434,36.288173152140736
208.24977919221462,77.30204652280187,37.59611397885693,36.48778266385997
208.0518327750688,77.73782600411197,37.99200681314856,36.78053318185974
207.98429800856437,77.51615528409441,38.127076346157416,37.22387462189486
207.91300419043012,77.37565394186197,38.269663982425925,37.50487730635974
207.23924943886593,76.57741236756976,38.42627544776347,37.91046241715337
207.18486671650953,76.47828388787872,38.53504089247629,38.10871937653543
206.52968767370317,76.3826380204739,38.640829281494945,38.30001111134507
206.4357516114723,76.27800571825992,38.828701405956615,38.50927571577306
205.84781856582484,75.52734899947879,38.789085041770235,38.795106697854
205.73853488783948,75.45897160931412,39.00765239774097,38.93186147818334
205.08772330913942,75.32733962782632,39.08433656904635,39.19512544115894
204.43635422446224,75.28519581931786,39.156793109314485,39.27941305817585
204.46235252983917,75.297179020567,39.10479649856064,39.2554466556776
204.47619137967968,75.26315621873724,39.07711879887962,39.32349225933713
203.8889370973712,75.80197565874687,39.01944290895003,39.47803783386435
203.95083053518073,75.75862032845613,38.89565603333104,39.564748494445816
203.95582364414852,75.04224522368827,38.885669815395445,39.76438423071197
203.33592146964213,75.5807876109399,38.889387167650085,39.92338645296685
203.3117995913889,75.56698368499127,38.93763092415652,39.95099430486407
203.29131210187356,75.56531939601453,38.978605903187194,39.95432288281758
203.2386361800021,75.60166696208623,39.08395774693015,39.881627750674184
203.2206388493749,75.58032116175318,39.119952408184545,39.92431935134029
203.2233708372515,75.56175195636567,39.114488432431315,39.96145776211527
203.19241515369887,75.553904118368,39.176399799536576,39.97715343811062
202.50587188179898,74.95618044363833,39.305482697721764,39.92859714195536
202.43068930738553,75.11717761949902,39.45584784654861,39.60660279023399
202.37618804533642,75.8611811944609,39.56485037064689,39.361182880174304
202.28410051617672,75.96265768671466,39.74902542896628,39.158229895666786
202.24600509695028,76.00827376857154,39.82521626741916,39.06699773195302
202.20171774534649,76.05168942691574,39.91379097062672,38.980166415264605
202.11318275310992,75.43065937510187,40.090860955099835,38.982308634847335
202.04702870764118,75.4776427166212,40.223169046037356,38.88834195180866
202.64204564621028,75.60481012718901,40.2764496100272,38.634007130673055
202.56409264213931,75.64713423029369,40.43235561816912,38.54935892446369
202.55098226285344,75.66553395176523,40.458576376740886,38.51255948152062
202.5538701542938,75.72433267235948,40.45280059386014,38.3949620403321
202.0085923490324,75.79961065181236,40.30424848853071,38.24440608142635
202.1700746066158,75.92445125568426,39.98128397336395,37.99472487368253
201.8261918828195,76.02018251264369,39.44363654598052,37.8032623597637
202.10670578505932,76.18437759505791,38.88260874150086,37.474872194935244
202.48368764279496,76.40055461616589,38.12864502602958,37.04251815271928
202.90805713816923,76.64523043020371,37.279906035281016,36.55316652464364
203.33051292267433,76.74573159960418,36.434994466270815,36.35216418584269
203.6543989707097,76.79595005306174,35.787222370200105,36.25172727892758
203.16183482637845,76.86180152771799,35.64015386186382,36.120024329615084
203.0837777024928,76.97367692051341,35.79626810963514,35.89627354402425
202.94736126431167,77.0387003455783,36.06910098599741,35.766226693894446
202.3149465999089,77.00126889179845,36.20493036077157,35.841089601454186
200.65446217890099,76.8588500819317,36.128968598918206,36.12592722118764
200.17023282979642,76.20030264292102,35.96183066701028,36.30742546909201
200.39517339484428,76.10926442208773,35.511949536914585,36.48950191075858
199.4215390201733,76.02824761466286,35.19604391801904,36.651535525608324
199.52608736810993,76.00128940401075,34.9869472221458,36.70545194691254
199.636338592063,75.96764286722117,34.766444774239645,36.7727450204917
199.70923861215752,75.93776277897985,34.62064473405057,36.83250519697434
200.29971641730972,75.92876711580912,34.56255002669355,36.85049652331579
200.35125661295478,75.93407729407059,34.45946963540343,36.83987616679286
200.41978517863225,75.9213717078706,34.3224125040485,36.86528733919284
200.46483143673566,75.90326866843199,34.232319987841635,36.90149341807005
200.50427204066276,75.89437904742641,34.153438779987475,36.91927266008121
201.14909752132812,75.29059657746828,33.98059228368,37.01003313497425
201.1592175831778,75.3144099399166,33.960352159980644,36.96240641007763
201.1688709544748,75.32098743042691,33.94104541738662,36.949251429057
201.6734574240142,75.3045326099649,34.04577052463607,36.98216106998104
202.2221832757253,75.87717907863757,34.064392355033064,36.9529416664549
202.25285149659265,75.81708571066223,34.00305591329837,37.07312840240559
202.26393939407828,75.81033747160177,33.98088011832715,37.08662488052651
202.24187858567052,75.79430892121488,34.02500173514264,37.118681981300284
202.69699202163986,76.33615803561972,34.2326417069738,37.15285059626046
203.12062737936785,76.37169557444204,34.50706795973612,37.08177551861583
203.60088718650744,77.00184970121454,34.671494277224795,36.946413196838684
203.46640128837979,77.69516331569383,34.94046607348006,36.68522880613644
203.78981257149587,77.74947002272677,35.419267443654036,36.57661539207058
203.6034993216839,77.88407734747186,35.79189394327799,36.30740074258039
203.3649172549101,78.0231889352938,36.26905807682563,36.0291775669365
203.83830557892082,78.71772589929843,36.45855764116128,35.77637985128438
203.7810894789314,78.8915980485845,36.57298984114013,35.42863555271226
203.73089163302203,80.13513085468792,36.6733855329589,35.20473038408307
203.67666572077843,80.72159058362217,36.78183735744606,35.161426690283776
203.6324948054168,80.76023658891805,36.870179188169345,35.08413467969202
204.12959492770648,80.75995221974426,37.00676401898092,35.08470341803961
205.22747144903283,80.8505125929473,37.0768650163845,34.90358267163354
205.7750754113478,81.59447392195575,37.11281091433775,34.546813836199824
206.29689725116583,82.30483016897125,37.195227016020304,34.252161123487426
206.12308014929687,83.10471783423345,37.54286121975818,33.77505205288787
206.04648311182396,83.26006738630707,37.696055294704045,33.464352948740625
206.03005297107822,83.42265812035743,37.72891557619551,33.13917148063993
206.730709830034,83.97974164022813,37.44081618886765,33.138218771482244
206.69792652471273,83.99801939869045,37.50638279951019,33.10166325455758
206.60345277369242,84.08546587600011,37.69533030155078,32.92677029993824
206.44118419881244,84.27510750805291,38.01986745131076,32.54748703583266
206.3328842651005,84.44929275411737,38.236467318734626,32.19911654370375
206.19267580288994,84.67276016962057,38.51688424315574,31.752181712697322
206.012516172973,84.86526424389791,38.877203502989616,31.367173564142675
205.85643023990758,85.0446607747826,39.18937536912048,31.00838050237329
205.7013110153565,85.07453778878231,39.49961381822261,30.948626474373874
205.70695836389186,84.53500136942837,39.48831912115191,30.922546181533086
205.7831355780502,84.43341948622343,39.33596469283519,31.125709947942966
205.75092490748932,84.42531785107569,39.40038603395697,31.14191321823844
205.78323637002975,84.38299528067452,39.33576310887609,31.226558359040776
205.8860981804442,84.30923884795378,39.13003948804722,31.374071224482257
206.02752379970175,84.24079973975815,38.84718824953213,31.51094944087354
206.03659304365382,84.254789178208,38.829049761627964,31.482970563973815
206.03694894263322,84.32569343040251,38.828337963669185,31.34116205958479
206.32655904789817,84.12590141498052,38.249117753139245,31.740746090428793
206.6261036663926,84.45451285260333,37.650028516150435,32.182326986546634
206.1869013418462,84.31675735971992,37.431755220981074,32.45783797231346
206.36243509541328,84.2303397674592,37.08068771384693,32.63067315683488
206.5317791636085,84.15755656810465,36.741999577456504,32.77623955554399
206.8222782500235,83.98982956985276,36.16100140462654,33.11169355204776
206.91673134337935,83.88998050174993,35.972095217914784,33.31139168825341
207.03280699426165,83.87769869033465,35.739943916150175,33.335955311083964
207.611690444448,83.80658216141707,35.667645798187756,33.478188368919156
207.7881779233196,83.15780333376566,35.314670840444556,33.689149825493395
207.96758495452326,82.3767272809072,34.955856778037244,34.166876471031635
208.12152219778199,82.04189313699466,34.647982291519774,34.83654475885671
208.27406618714713,81.84225820721747,34.34289431278948,35.23581461841109
208.9227523620213,81.44476088958918,34.139035604700496,34.937295612008306
209.09854888250317,80.71920619406553,33.78744256373673,35.302782591605755
209.27805059381961,80.0204522338463,33.42843914110384,35.614497097819864
209.35321210053476,79.89972817716783,33.27811612767358,35.85594521117678
209.49799763472814,79.25549365066834,32.988545059286835,36.05805594888778
209.50956490313763,79.21175532793461,32.965410522467856,36.14553259435524
209.48048423538404,79.18216462733139,33.023571857975,36.20471399556168
208.99464471175105,79.1582187009855,32.907510464861176,36.25260584825346
208.95942172762005,79.21661673394873,32.977956433123154,36.135809782327016
208.8850780628048,78.56409884784944,33.126643762753666,36.35490122976117
208.77971640103158,78.55373320508194,33.33736708630012,36.37563251529617
208.78301068731298,78.57572385908325,33.33077851373731,36.33165120729353
208.7961098854034,78.59967478834528,33.30458011755644,36.28374934876946
208.75818053820709,78.60646049822614,33.38043881194909,36.270177929007744
208.78682854714398,78.63583973906287,33.32314279407528,36.21141944733428
209.2320111127036,78.6766352064304,33.52538341164795,36.12982851259923
209.80712580459894,78.71545131380884,33.46970053713357,36.05219629784237
209.81890643793017,78.65094378232926,33.44613927047113,36.181211360801505
209.83237331378626,78.59676713547748,33.419205518758915,36.289564654505085
209.86753147274396,78.6493714266829,33.348889200843544,36.184356072094225
209.85324585637366,78.63748181543119,33.377460433584154,36.20813529459767
210.38230822393592,78.6904865045538,33.41275303001436,36.10212591635244
210.91634364170767,78.70757240256037,33.43701000839397,36.0679541203393
211.45397419056926,78.71017318934712,33.45392969208933,36.062752546765815
214.218892565952,78.76823228821212,33.385934301455336,35.94663434903582
214.63307840690712,78.9028122452151,33.64704382946407,35.677474435029836
217.82703574878997,78.92330776806786,33.79567279849228,35.636483389324326
218.31998202449623,78.95452395185227,33.9009169218869,35.57405102175551
221.02724276675173,78.86292581871524,33.94552701725567,35.75724728802957
221.01067786231567,79.87394079585007,33.97865682612775,35.92600380344636
221.016184906678,79.72506901369945,33.967642737403054,36.223747367747606
221.6398670420767,79.63644311763014,33.823300892655915,36.40099915988626
221.66773662498582,79.56186553877679,33.76756172683769,36.55015431759295
222.25672450280436,79.52817925563116,33.69451963543274,36.61752688388422
222.82833661678177,79.52786235943273,33.65611746976643,36.61816067628105
222.23182752366367,79.49485260469939,33.744913759957946,36.68418018574776
222.2520514458559,79.48319539023097,33.70446591557351,36.70749461468458
222.21029821718446,78.9496959223413,33.787972372916414,36.66811413285327
221.5365412093738,78.98574214294982,34.02839306105198,36.59602169163624
220.32347924179658,79.05714693359494,34.23494304511111,36.453212110346
219.75445523672357,78.59903888809498,34.26215547392069,36.25859262000951
219.20029935270674,78.65803440914547,34.26223689218758,36.140601577908534
218.6748233073829,78.76237604856068,34.20679913155862,35.93191829907812
216.48640492723626,78.85769195159638,34.17462012332749,35.741286493006726
216.54391629047396,78.94394478728637,34.05959739685212,35.568780821626746
216.0599804132613,78.99281164922965,33.933216801122754,35.47104709774017
215.48755061379558,78.9760890834049,33.98734903974279,35.50449222938968
214.79879389677973,78.92753896180935,34.272756821980295,35.6015924725808
213.6093933821187,78.90709891505381,34.45529217250915,35.64247256609187
212.95564834143082,78.90365627933866,34.661127909688936,35.649357837522174
212.90246825903705,78.28310260545666,34.76748807447646,35.78545534197768
212.3077685689421,78.27925219678248,34.84806859058256,35.79315615932605
212.3282467240416,78.26998512336505,34.807112280383514,35.81169030616094
212.4335557935726,78.2249705122953,34.596494141321564,35.90171952830041
211.9239032081016,78.22788646725937,34.50785930507904,35.8958876183723
212.0061424808987,78.75025856144654,34.34338075948485,35.95759243508819
212.13339291206339,78.75400362513452,34.088879897155415,35.950102307712235
212.24338184433242,79.32796835691543,33.868902032617356,35.902845427440724
212.39667968851728,79.29423298044156,33.56230634424766,35.970316180388465
212.97749169275852,79.93463001112721,33.49332976126287,35.78216954451488
213.1131644485659,79.90202860187908,33.22198424964812,35.84737236301115
213.112992133703,80.55101713567251,33.222328879373926,35.634729430832735
213.70421626962207,80.54928308531301,33.121908283566334,35.63819753155173
213.76037529308937,80.62030446290947,33.0095902366317,35.49615477635881
214.29479348203864,81.29854544688791,33.01724878901386,35.21616773868264
214.3450803725085,81.58679299988714,32.91667500807412,34.639672632684196
213.78435917419898,82.05335707746471,32.97645235481869,34.76820952740354
213.0778960036389,82.5594271140619,33.324760794769276,34.820687355378794
212.51851943514208,82.86802301585398,33.372568355585614,35.27444112797193
211.98977654446537,82.91813565381983,33.351264916487,35.17421585204022
211.85997264692264,83.66030812566493,33.61087271157246,34.766758396563056
211.81437343422917,84.91657166729031,33.70207113695944,34.40347315447946
211.78451527686678,85.11315374339227,33.76178745168419,34.01030900227552
211.73099905475343,85.32020340786308,33.86881989591094,33.59620967333393
211.72510746796064,85.38130304370124,33.88060306949646,33.474010401657615
211.69972132006416,86.01973190013601,33.931375365289455,33.2557290167275
211.63864540793722,86.2426037647513,34.053527189543324,32.80998528749692
212.01203109419833,86.34811748267083,34.357572960933425,32.59895785165783
211.96529346172986,86.37312785339131,34.45104822587038,32.54893711021688
211.93318058408977,86.39977284664684,34.51527398115057,32.49564712370582
211.84796488569623,86.42105799147903,34.68570537793764,32.45307683404144
211.82594342664257,86.55024902287225,34.72974829604499,32.194694771255
211.33307250281914,86.418480344266,34.66385918660365,32.4582321284675
211.30798094311606,86.36725332519347,34.71404230600981,32.560686166612555
210.7954065316895,85.84119911036876,34.682001435788486,32.555604903187586
210.63138919065491,85.94941228770882,35.010036117857666,32.33917854850745
210.4648368998914,86.04366514664122,35.34314069938472,32.15067283064268
210.16962091541293,86.3055853368214,35.93357266834162,31.6268324502823
209.86583199752536,86.52934448129153,36.54115050411679,31.17931416134205
209.76920809127475,86.67894543371386,36.73439831661802,30.88011225649738
209.75684730952932,86.65252055367719,36.759119880108884,30.93296201657072
209.3478547030752,86.50154580820166,36.51420963171266,31.2349115075218
209.43183895372945,86.43601247677339,36.34624113040418,31.365978170378312
209.29250578206498,86.55296668297255,36.62490747373312,31.13206975798
209.18691009416602,86.65791384249883,36.83609884953104,30.922175438927425
209.1207434557651,86.68549955273451,36.96843212633284,30.867004018456072
209.08638696661575,86.68913820201627,37.03714510463157,30.859726719892578
209.1014730914633,86.61770062637886,37.00697285493645,31.00260187116736
209.11786679530385,85.96644964264246,36.97418544725539,31.237275071992148
209.42437723779622,85.7607682876676,36.36116456227065,31.648637781941858
209.54697138128097,85.56275394839264,36.11597627530115,32.04466646049177
209.6203506726642,84.92218220259372,35.96921769253469,32.25504057041726
209.60210491381537,84.81487402005112,36.00570921023234,32.469656935502464
209.516694940247,84.67976767553097,36.1765291573691,32.739869624542756
210.12367250548667,84.50692747715838,36.04536296676664,33.08555002128793
210.20988265998253,84.33014612946539,35.8729426577749,33.43911271667392
210.81019762867882,84.28534143341345,35.761489512679034,33.52872210877781
210.87947840125693,83.77166441227972,35.6229279675228,33.467216006736464
210.79283939858882,83.75847548404408,35.79620597285902,33.49359386320773
210.26560931729418,83.12620421813622,35.761821482481764,33.66929174205687
210.16490012081863,83.21455626442918,35.96323987543286,33.49258764947098
210.18904596204507,83.21534515126714,35.91494819297996,33.49100987579503
210.1975912411367,83.21111792144933,35.89785763479671,33.49946433543066
210.20352278916394,83.17583100958646,35.885994538742224,33.570038159156425
210.7466726252315,83.09189735025055,35.891150735058275,33.73790547782822
210.72762953117314,83.19181700470227,35.929236923174976,33.5380661689248
210.76359058153693,82.57853957561635,35.85731482244741,33.67299805651219
211.23960204531258,82.53463055824295,35.9979321611321,33.76081609125899
211.23701213063862,82.54183360500252,36.00311199048,33.74640999773983
211.81672309665836,82.54366697206386,35.939766866020115,33.74274326361717
212.32814854932505,82.54254841215648,36.011946960001595,33.74498038343194
212.33362381919378,82.59897643550141,36.00099642026412,33.63212433674205
212.30641222361737,82.66316045931453,36.055419611416966,33.503756289115856
212.79638205397717,82.59703466277617,36.16852455962976,33.636007882192544
212.7856457739076,82.60390179670466,36.189997119768925,33.62227361433557
212.74671754701944,82.65002585856898,36.267853573545224,33.53002549060694
212.70279650790883,82.67791484046538,36.35569565176642,33.474247526814146
212.6249262660518,82.70959419625392,36.51143613548051,33.41088881523705
212.54806179883644,82.72743078957686,36.665165069911225,33.375215628591164
212.50181053857165,82.70924860625549,36.75766759044081,33.41157999523393
212.4944697802605,82.72929270056527,36.77234910706312,33.37149180661436
212.4822218007036,82.75736499482431,36.79684506617687,33.31534721809628
212.39971645034493,82.77335056376073,36.96185576689424,33.283376080223434
212.43979877173814,82.89487239774886,36.88169112410782,33.040332412247196
212.5227120775099,82.8597329069434,36.715864512564266,33.11061139385808
212.6291425064447,82.71168462508803,36.503003654694666,33.40670795756883
212.76722190259989,82.57708669201322,36.22684486238431,33.675903823718436
212.83931185968237,82.58209113811482,36.082664948219374,33.665894931515254
212.12591861926927,82.7421025209429,36.41341090253199,33.34587216585912
211.56220239999928,82.65138527496748,36.44473519184447,33.527306657809945
211.53131191566385,82.60782966339495,36.50651616051532,33.614417880954996
210.9306933331007,82.81089085002304,36.60593048583158,33.20829550769882
210.19613103663255,83.18612305473091,36.97814351909895,32.457831098283066
209.2240018350303,83.6512075891808,37.831689562389606,31.5276620293833
208.9392654421832,83.98767602927467,38.40116234808381,30.854725149195573
208.71326912689517,84.81377779649162,38.85315497865983,30.289361081094114
207.95810441082156,84.99304282574654,39.278897775863314,29.93083102258428
208.00021601699805,84.92282454817322,39.1946745635103,30.071267577730907
208.05917029272803,84.7144316424478,39.076766012050385,30.488053389181758
207.05613157309645,84.13516926939957,38.90039470052879,30.555353759885847
207.21962169607866,84.1463262742842,38.57341445456437,30.53303975011659
207.399868294927,83.8953594411731,38.212921256867745,31.0349734163388
206.40433224614273,83.9738652799733,38.03025650184581,30.87796173873841
206.1242618998894,83.89087021275714,37.5088640167243,31.04395187317073
205.46292357086924,84.27927848440717,36.67912161273723,31.34334486088437
204.41306164770123,83.93474307798776,35.57409058251679,32.03241567372319
205.01022317088993,83.50406759419967,34.379767536139404,32.89376664129938
203.63195519316886,83.01780236691422,32.90733494115061,33.86629709587025
205.72066542368304,82.83737559526162,31.878183446912296,34.22715063917547
203.71342109437907,83.03545450215233,30.698761220207782,34.869775002456564
204.77552895012178,82.70918297145843,29.6045322470575,35.52231806384436
205.6915236051526,82.49396031313509,28.79505020685449,35.95276338049103
204.5973832658133,82.29488786228835,27.935182767833638,36.35090828218452
205.3885465554577,82.26051441130323,27.36103541377721,36.41965518415475
206.19551094600493,82.15055549591153,26.746977194216477,36.639573014938144
205.01842885108326,82.04421211170946,26.121640384050824,36.8522597833423
205.2695799903201,82.00705543076637,25.6193381055771,36.92657314522847
205.91925944438825,82.01657047136752,25.298943932704553,36.90754306402619
206.06738785801298,82.0023907018113,25.002687105455088,36.935902603138636
206.16479863728887,82.05623402393499,24.807865546903315,36.82821595889125
205.86622712379358,82.01139689556373,24.440937866601708,36.917890215633754
205.98017181935074,81.98729581784991,24.213048475487387,36.96609237106139
206.0752628652386,82.02012610838517,24.022866383711655,36.90043178999088
206.11938462564564,82.06417957688652,23.934622862897598,36.81232485298818
206.56608543331484,82.16050531457398,23.990552876108122,36.61967337761324
206.498932810261,82.27760247023932,24.124858122215763,36.3854790662826
206.30920447121974,82.43630526955943,24.504314800298285,36.06807346764237
206.29567575782465,82.72385092029589,25.478995901505826,35.492982166169426
208.94799387987285,81.82616654254123,27.81450909496847,34.42329488259413
209.1609339781344,82.29902332483718,30.31896134895597,33.47758131800224
208.55555871352092,82.68806705002434,32.532063990854894,32.6994938676279
208.14967464544287,83.11190636400764,34.36904536980308,31.8518152396613
209.02626276101972,82.83660222763734,35.73759038319525,31.361849764219937
209.34825919490862,82.91391891152321,36.14760524722486,31.207216396448192
209.996566828837,82.63104032267208,35.90885942036405,31.77297357415045
210.67536235338696,82.22518531952149,35.61449367445179,32.58468358045164
211.36887711376733,81.83510714637887,35.29905341097389,33.36483992673686
211.5912196259403,81.41590045592557,34.85436838662795,34.203253307643465
211.71229663434553,81.1232949596739,34.61221436981748,34.7884643001468
212.29332352812057,81.02704849672449,34.540897924786236,34.98095722604563
212.3145926593824,80.96046738962859,34.49835966226257,35.114119440237424
212.8678204937987,80.8790789163883,34.4859602443871,35.27689638671802
212.9556558693245,80.86288461973868,34.31028949333554,35.309284980017246
213.54417217178406,80.83314716239136,34.227407122173595,35.36875989471189
214.07194739588846,80.85376031631712,34.26563037839355,35.32753358686037
215.65329324578087,81.11103122518689,34.38413307878715,34.812991769120835
216.05392871427614,81.0721608930813,34.67039596372999,33.80319861139867
217.00656076964603,81.42911608308266,34.91742387730293,33.089288231395955
217.27741494076906,81.75280957767548,35.444448498394365,32.44190124221032
218.65973338390884,81.98400426346453,35.879840356874126,31.979511870632223
218.5467778404177,82.76567414585017,36.105751443856434,31.482243748608695
218.13495240307932,82.44064541904248,35.86777722934918,32.132301202224056
217.62473506812555,84.14100878009232,35.81989108509733,33.00485773676218
217.5896071031521,83.87041190664056,35.890147015044164,33.5460514836657
215.23044800148313,83.84159064787913,36.24390372017436,33.60369400118856
216.1609894017882,84.485649597777,36.57795167715907,33.41314148019029
217.0951690280923,83.9177971348309,36.909062811655076,33.449111212530404
214.60430262836132,83.07429842043221,37.468991303353086,32.92520648744582
215.63534790806477,82.6062980020638,37.61844924627215,32.75543307301969
217.17075114249934,82.199130328702,37.86375452024227,32.46439783879688
216.0148632970693,82.3586176707102,37.96653629354022,32.14542315478048
216.56594583625335,81.85320194157455,37.965334605906776,32.05529122231714
215.6028315138365,81.77534402847738,37.69256868341262,32.2110070485115
215.67556900975683,81.80658715648894,37.54709369157195,32.14852079248838
215.7577906481304,81.82110957362332,37.382650414824816,32.11947595821964
216.3578210269997,81.80275667325284,37.27413585984732,32.156181758960585
215.83683920716652,81.81330772252915,37.225639837375624,32.135079660407975
215.89784339976052,81.23547539485875,37.103631452187656,32.20137128438225
215.91097971197922,81.27747239896316,37.07735882775021,32.11737727617345
215.93492110930524,81.33720078289977,37.02947603309822,31.99792050830021
215.43057293863654,81.24650296345813,36.9540245093327,32.1793161471835
216.02339868682608,81.26408734049629,36.854258969196415,32.144147393107176
215.51144603684278,81.23086167965556,36.79438276045088,32.21059871478863
216.0959090988329,81.24904082945996,36.70937512271572,32.17424041517983
216.13758774919808,81.22618508691887,36.6260178219853,32.219951900262004
216.16480871628377,81.26512630383922,36.571575887813914,32.1420694664213
216.20298807066501,81.37349766808633,36.49521717905148,31.925326737927087
216.23882118824437,82.02418307847856,36.423550943892735,31.698687603774758
216.35668711375993,82.03145304177427,36.18781909286161,31.68414767718332
216.5420158265896,82.03011544922023,35.817161667202306,31.686822862291393
216.727589076137,81.98685095820542,35.44601516810747,31.77335184432102
217.4185220644207,81.95277088213159,35.12020888283804,31.84151199646869
217.53335825968782,82.40143247376002,34.89053649230382,31.996278372826268
217.67361450239508,82.27761825477873,34.61002400688926,32.243906810788864
217.75390487846548,81.70538110647013,34.44944325474849,32.33783412551281
217.79863047624372,82.27573319662223,34.35999205919199,32.246662862535366
217.85959466932727,82.32714864565447,34.23806367302489,32.143831964470884
217.93264588907766,82.35850016147359,34.091961233524096,32.08112893283264
217.48640207996323,82.42796970331392,33.94455766711576,31.942189849151973
217.59262564891318,81.89974164661132,33.732110529215866,31.963254599148968
217.56860492450872,82.54355008667949,33.78015197802478,31.708047307402644
217.53108433043326,82.56535213831697,33.85519316617568,31.664443204127675
217.45705057548062,82.5575047032037,34.003260676080984,31.68013807435421
217.52329978117854,82.53393936608293,33.87076226468517,31.727268748595762
217.47271983888044,82.55448014270527,33.971922149281326,31.686187195351067
217.58790933246019,82.49768479643636,33.74154316212184,31.7997778878889
217.53668029329936,82.62076656409562,33.844001240443504,31.553614352570385
217.57180698919007,82.58587195473733,33.7737478486621,31.623403571286964
217.61471241349835,82.6152776172266,33.68793700004552,31.56459224630843
217.7375862758695,82.60071277630394,33.442189275303264,31.593721928153748
216.96560087872112,82.65315443099114,33.96412449975587,31.48883861877935
216.21326777021685,82.6295159415165,34.44028155986934,31.536115597728607
215.4382347050651,82.39367834875463,34.95367948776846,30.971122580848018
215.34043505257162,82.19273301521314,35.149278792755396,30.3373784178392
214.7853294644787,81.71751029586252,35.23096424374234,30.259298131341552
214.7583596886493,81.21455369224476,35.284903795401135,30.236676024377427
214.8695062097628,81.18906767457626,35.0626107531742,30.28764805971443
215.01248299204093,81.11917150451526,34.77665718861791,30.427440399836428
214.55691394900654,81.10376292223316,34.66358513113721,30.458257564400654
213.9126678700026,81.07613766193703,34.929123328253816,30.513508084992903
213.77885347545563,81.1161421488966,35.19675211734773,30.433499111073758
213.68598315031537,81.18308444792774,35.382492767628285,30.29961451301147
212.6817017183484,81.27074768197761,35.328017583464245,30.124288044911737
212.52192881613854,81.35674344611101,35.647563387883956,29.95229651664492
212.33945565664658,81.52817582117517,36.01250970686789,29.609431766516618
212.01783593833363,81.75456433701697,36.65574914349376,29.156654734833012
210.68262280457307,81.46655578262418,37.260863105084205,28.700015690653238
210.47012547224318,81.64594086361237,37.68585776974394,28.34124552867685
209.67785360127112,82.39565640749026,38.23529608161422,27.8769198709949
209.51067538638034,82.59776352311562,38.56965251139581,27.472705639744177
209.33603976405604,82.81953443854009,38.91892375604442,27.029163808895245
208.77637417750987,82.89268402916461,39.00601627702143,26.88286462764619
208.2612494946432,82.93358130839488,39.00512981429995,26.801070069185673
207.89759285808395,82.77665260216934,38.70267153233379,27.114927481636744
207.97813210464355,82.5961647823397,38.541593039214604,27.475903121296028
208.00776782405333,81.92471131721967,38.48232160039506,27.78490871211087
207.55447959067976,81.78999392854689,38.35081853731442,28.054343489456432
206.58455740275585,80.69040354120021,38.20965240146113,28.172513752448687
206.65479987578848,80.10622571567441,38.069167455395885,28.300569508780377
206.32508623530887,79.99114617160576,37.68833223948827,28.53072859691767
204.90627080260904,79.46861871207643,37.411263368136765,28.537550270392575
207.6694179344225,79.86495374129339,37.05561452280814,28.779009295618323
207.10504399300066,79.88998366768662,37.15172461823436,28.728949442831855
209.2602904995749,80.3751239238419,36.97439059507017,28.79195867801738
208.30317488968058,80.82903891100463,36.82540343482617,28.915737893708226
207.679421730692,80.89645394261669,37.04156557237943,28.780907830484125
208.6068362935301,80.85448394945394,37.251645173921915,28.864847816809636
207.98917460051803,80.90444454683079,37.449946877988324,28.764926622055924
209.0138958621693,80.9075182992599,37.47734241983436,28.75877911719768
208.32808986575373,81.07205839224854,37.810218133292885,28.42969893122042
207.61483314319446,81.24954923468599,38.19829311235967,28.074717246345514
207.41245522979273,81.3887175414754,38.60304893916316,27.796380632766706
207.3463366842835,82.44138514667058,38.73528603018162,27.771233495077958
207.19658155971604,82.55670736629494,39.034796279316545,27.540589055829216
207.24076855272585,82.57672983451495,38.9464222932969,27.500544119389218
207.31773859392268,82.47347997443904,38.79248221090322,27.707043839541022
207.4194817355587,81.83068382645946,38.5889959276312,27.951145317715806
207.02342411716668,81.12881124614381,38.33869058971715,28.31246990364903
208.22467261435744,81.02051515402242,38.0252859713925,28.529062087891816
207.3408225199755,79.90322145624273,37.70633063323832,28.676993956533067
209.0590076330451,79.96524591353386,37.39263215904245,28.552945041950796
208.05893293564077,79.60488733825602,37.324589212997765,28.239566022079785
206.95615135900948,78.77408469665033,37.47424179387376,27.845260732904645
205.93543321007567,78.03003955534373,37.46809275175383,27.285765675530303
204.65945239284073,76.64246985094647,36.976424682646396,27.017275380747563
205.8097819960157,77.76231526060525,36.68116041714434,26.782979502277833
204.57304560035527,77.37884260218812,36.171473001077956,26.555538083316378
206.25505214061081,77.95044121688922,35.75627810585382,26.395280249009822
205.04825254143745,76.5779255085923,35.2478106499285,26.218245011331653
207.18582273164628,78.563968656085,34.82632422592067,26.099812672756062
209.17034322326583,79.6037476458784,34.67760016197504,25.930413152815987
206.901296865415,78.2930037123565,34.46541962747158,25.70173706973673
208.980295893296,79.20255614274986,34.07981396811218,25.768828407151325
207.22786734597042,78.83928881387956,33.83133464029705,25.55702895927533
208.89018581778222,78.81682532813687,33.30000568997298,25.601955930760724
206.49501429057366,78.83206571591273,32.54785955695579,25.571475155208972
206.77009382438249,79.28649606896892,31.99770048933818,25.574395780221167
206.44160053233736,79.82137912549157,31.751267836941825,25.408048903662436
206.50940006589767,79.90072027986876,31.615668769821234,25.249366594908047
206.51882188872617,80.80612419781885,31.596825124164234,25.223187556801214
207.25748565302794,81.27493080167096,31.902702460501594,25.17717678156744
208.86355975138008,83.81478874145016,32.27268835287404,25.47066203562408
208.62971666849228,83.72115772962051,32.74037451864963,25.657924059283374
208.34517386302906,83.7080613056466,33.309460129576024,25.68411690723123
208.39453205211544,83.76419916599546,34.135972247323835,25.571841186533486
208.4424952466101,83.36513171011308,34.976019755917996,25.434002200714758
208.01720859242846,83.97210476262512,35.82659306428126,25.166514798705393
207.7323993131995,84.4432100336703,36.39621162273919,25.179222624241792
207.0597902849073,83.97743246739773,36.77771603818597,25.147064115649343
206.86964835897328,84.43807714230991,37.157999890054015,25.194699455966216
206.6815615281045,83.88248818353547,37.53417355179156,25.33044690977417
206.9751252056079,83.7879415859147,37.930376251398506,25.51954010501571
206.78788959140013,83.3493054686111,38.30484747981405,25.404399281768246
206.6906318756274,83.79779288995907,38.49936291135953,25.503547308640574
206.71519019597383,83.6371463274236,38.45024627066661,25.82484043371154
206.7095930275553,83.42384422374481,38.46144060750371,26.251444641069106
206.77410751198676,82.7055936786004,38.33241163864081,26.67543765469138
208.02523640073628,82.76433453713203,37.865287522260616,27.575522768187575
208.16524823529687,81.99302232070549,37.585263853139466,28.09284065633411
208.2317612251297,81.81339919042307,37.45223787347379,28.452086916898956
208.242626543839,81.5993128561811,37.43050723605518,28.880259585382905
207.77068899134784,81.96888194152906,37.33438369669369,29.181120059030803
207.93080251068326,81.7768749018231,37.01415665802285,29.5651341384427
208.1073776596628,81.6030506880563,36.66100636006379,29.912782565976343
208.3168193044518,81.43288400763251,36.242123070485775,30.253115926823916
208.0939204590162,81.2844275350391,35.64391048258309,30.55002887201072
206.88344299136435,81.15377171185747,34.94616766509972,30.811340518373967
207.12602701587292,81.19080228378998,34.4609996160826,30.73727937450896
207.21897068584872,81.39396629106125,34.275112276130955,30.33095135996642
207.09594919699384,81.63773657236057,34.52115525384076,29.84341079736779
207.0414642564832,81.72279496523741,34.63012513486197,29.673294011614097
206.52127658226217,81.77786742596017,34.66062746679239,29.563149090168597
206.01385471857208,81.82881274142864,34.66689428269645,29.461258459231647
205.38910601517827,82.36902224712895,34.90935314762667,29.387877989688363
204.88963677799444,82.84343244779132,34.89869758515226,29.44865162520571
204.93458006348376,82.75731524406082,34.808811014173635,29.620886032666704
204.98214632633844,82.6700648261572,34.713678488464254,29.795386868473933
205.0471838308081,82.57466360340462,34.58360347952492,29.98618931397912
205.14700070014777,82.52699254169703,34.383969740845615,30.081531437394283
205.21588169295845,82.53849097197873,34.24620775522427,30.058534576830873
205.27574451844546,82.57107434071246,34.126482104250215,29.993367839363422
204.76303137461915,82.63572162014654,34.144692129760706,29.86407328049525
204.79774226040027,82.6024719700653,34.07527035819844,29.930572580657763
204.77492435675632,82.64420390036936,34.120906165486346,29.847108720049608
204.25751985911754,82.64639594317353,34.150922956579265,29.842724634441282
203.70353910298812,82.66544934827294,34.253698286376526,29.80461782424247
203.69698920318223,82.67640765021912,34.266798085988285,29.7827012203501
203.66380927999248,82.69782821800898,34.33315793236779,29.739860084770385
204.11018159270103,82.70856453185723,34.44676945439193,29.718387457073884
203.51087919122872,82.73976863459117,34.637607806184334,29.655979251606013
203.51843271838248,82.63246851886062,34.622500751876814,29.870579483067093
203.49940508549267,82.49766177163478,34.66055601765646,30.140192977518783
203.949648605175,82.39801428679053,34.77789008175162,30.339487947207274
203.91624771161884,82.21663214067247,34.84469186886395,30.702252239443403
204.36185371496407,82.08429874477456,34.98313422674609,30.96691903123922
204.37686378524364,82.03739176366247,34.95311408618696,31.06073299346341
204.89901898962697,82.43800273633305,34.94585985478493,31.29656722548689
205.3709887065319,82.82702564766305,35.042625257910444,31.559226239762253
205.32541487641282,82.62072554846678,35.13377291814865,31.971826438154807
205.87727779241052,82.70428734351268,35.08442070472445,31.804702848063002
205.97644732511776,82.82443310917226,34.886081639309964,31.56441131674385
206.17417883582885,82.78512192119707,34.49061861788775,31.643033692694218
206.00352949867306,82.8378123463861,34.83191729219934,31.53765284231615
209.07234630577784,80.16323507427816,34.95094647624267,31.672921721321345
209.1053995186004,79.78893486638427,34.884840050597575,31.374743927110373
209.30862756766476,79.95374078941278,34.47838395246886,31.04513208105333
208.90214001887338,78.65841969711434,34.26191127939679,30.547430953685726
208.02379673661102,77.33503814836101,33.982281205455024,30.13971909349268
208.02740169584953,76.61085021444593,33.975071286978,29.573452172723968
207.5277333418358,77.26009220055724,33.97624690254521,29.273129292961585
207.53582364717556,76.92201598505974,33.96006629186567,28.955910698162214
207.92488363785512,78.63716628670015,34.16998211384337,28.489717504891818
214.692192127762,80.83362112610422,34.40824579998815,28.031916587786135
213.8753832426362,81.5555941898723,35.061805736581206,27.56802829390856
215.23348532246777,82.69201866616908,35.29326306230565,27.260286998240005
214.60048334536802,83.72987916429013,35.578178770205405,27.146742494597365
216.69955264265627,84.10508560973928,35.31436192659487,27.379910041440557
216.12594880490582,84.03679834440453,35.47821551825681,27.51648457211005
216.22436258573305,84.3120414485212,35.28138795660238,27.95407000655562
216.2999368684473,84.10284246896988,35.13023939117385,28.372467965658238
216.36197733782322,83.88389587581317,35.006158452422014,28.810361151971676
216.98695726313085,83.61107047895227,34.75798599268903,29.356011945693474
216.48337171759763,83.4390661926546,34.75840531876655,29.700020518288824
216.44764680665853,83.43466829916416,34.82985514064476,29.708816305269703
215.8985675457798,83.87446096602214,34.91449115966392,29.842753474292067
215.90792127659122,83.86518235068608,34.89578369804103,29.861310704964175
215.926282031751,83.87834875727668,34.85906218772149,29.834977891782984
215.4139271013135,83.88848564708073,34.86777574956595,29.81470411217488
215.4206278393654,83.88790498793348,34.85437427346218,29.81586543046938
215.41385306795758,83.80367493150874,34.86792381627784,29.98432554331888
215.46120088965682,83.75169639436906,34.77322817287936,30.088282617598217
215.4637702324758,83.69764570078453,34.76808948724133,30.196384004767282
215.38625298967503,83.70406208057639,34.92312397284291,30.183551245183565
215.17549514599702,83.8804321111627,35.34463966019892,29.83081118401093
215.0153637886893,84.06912089564662,35.66490237481437,29.453433615043096
214.7608796521179,83.96675326333006,36.17387064795721,28.635903580525923
214.5519876926012,83.75305659900981,36.59165456699063,28.046442579983054
213.351231349064,83.35193352587977,36.96585475319806,27.835032475809665
212.70220424205252,83.40812627756023,37.248004421691874,27.72264697244876
212.13804724252162,83.30975527217011,37.357963154124576,27.919388983228988
212.12318796425376,83.08976466754096,37.38768171066036,28.359370192487283
212.1721474644857,82.82190347288272,37.28976271019644,28.895092581803752
212.34985223218337,82.52649700711994,36.93435317480114,29.48590551332932
212.54499155537698,82.23588892493264,36.54407452841387,30.067121677703945
212.56965390563118,81.9037065365111,36.494749827905494,30.73148645454701
212.69069085213255,81.54484132602636,36.252675934902726,31.449216875516502
212.76994671778954,81.1003259675899,36.094164203588775,32.338247592389436
212.30139545333918,81.20218264163819,35.95615299248968,33.20964798429265
211.79901378261715,80.90158543283951,35.87408471060958,33.810842401890014
211.8365285623678,80.7810018941206,35.79905515110826,34.052009479327815
211.87370055513975,80.65476539416294,35.72471116556438,34.30448247924314
211.91300763460436,80.56311952511408,35.646097006635166,34.48777421734088
211.36158390527177,80.55698772303326,35.64672072816906,34.5000378215025
211.31159345778707,80.58587487721344,35.74670162313843,34.44226351314214
210.66708764681823,80.5740862837633,35.93263370570703,34.465840700042435
209.97540963992637,81.14231377934645,36.209629884660785,34.435745543706055
209.25606112522698,81.71906206430106,36.53811422767253,34.39246166018391
209.19081601569727,82.21459740102591,36.66860444673191,34.5160458647091
207.37940619283214,82.67387139671186,36.93548104619396,34.71614555542659
207.17188147088643,82.76909221168096,37.35053049008538,34.52570392548841
206.42135750788066,82.7639114545083,37.72215203211346,34.53606543983373
205.21346628478696,84.42135809507377,37.86719107180603,34.62728726844501
