204.5,73.5,34.0,42.0
199.87902998470352,74.5196227599427,35.085172869426934,40.15354900697558
200.0264012788626,75.23687309927232,35.97224868272816,38.71904832831638
199.7483007240076,76.33620219369072,36.52844979243817,37.69407929253803
199.45334622597582,76.78611429461529,37.11835878850174,36.79425509068889
198.62330344346358,76.91571019528298,37.61679694175331,36.53506328935351
198.5213955756668,77.63031283387224,37.820612677346915,36.27123722443336
198.54940308788144,82.19634034006899,37.76459765291758,36.45440841601642
199.19463178118312,86.64014386631274,37.64056028375607,36.89816150306375
199.1599514360736,91.15465273992578,37.709920973975116,37.24095077408203
199.07114156901986,94.51532954271005,37.8875407080826,37.58737063055283
199.7679126630286,93.72126838793369,37.68020028371157,37.98929117645906
201.8579715679837,86.57693626229877,37.06786173400451,38.00683838691634
203.31938074684132,77.76732782662552,36.50482541611795,37.927689959547415
204.6883173996668,70.18332225573232,36.10648733844646,37.88872211946739
207.71095331694806,65.72011367346538,35.875533792733734,37.51223002184165
207.58008790334907,65.50500984632914,36.13726461993171,36.789108285654834
210.4952487504931,65.69910817363126,36.037635082593006,36.40091163105059
211.1809332338931,67.27380285238087,35.804745508489624,36.66696045164123
215.51356265996148,72.14130416478224,35.11237396378512,37.18281293639425
216.22853512778934,79.78059753723954,34.818541933010536,37.80980685981575
220.14719736839697,85.22587194507643,34.96977837944675,38.331487940786936
220.63770836990665,86.19227108559832,35.140494186933054,38.70216528075444
224.92817637034383,83.18444837092535,34.68104131557807,38.91675133187223
230.1418188493023,78.75029969795615,34.65974881294848,38.53527760644411
234.2450355559482,71.47334846223995,34.50308723964279,38.139603803616595
237.5614755159879,67.63900926141041,34.71820109809336,37.81895613032403
240.17392645811995,65.57267584126733,35.192155848510005,37.39253766286557
242.83327537334853,67.97307096021657,35.57669966758686,37.15434074459429
245.6103669426285,72.08267905943605,35.7375788887724,36.93621184979909
246.385615895643,78.37210357466279,35.32922219504465,36.92091615465957
246.32461704558676,84.73312501486856,35.45121989515715,36.68885288998537
245.02674168594868,87.3376139889186,35.77947035704272,36.014875456666346
245.15647554794182,86.30160658205426,35.520002633056436,35.83017655557591
240.83124493934463,81.22579007012004,35.19946417232429,35.88943494177699
235.77702091526692,72.80506443972348,35.252590284500855,35.972016309272064
227.58259881324656,68.70396758349165,34.85058869173808,36.338481983227425
219.8661592642643,67.92382149882941,34.62048883391802,36.779989941424446
212.30172719067838,67.83619822599451,34.040802517145494,36.95523648709426
207.30607046000932,71.11724579501244,33.99193418337643,37.08659587912984
198.915041708426,76.78106684230426,34.02135505417493,36.92737820612496
190.63918547992438,84.18063069447938,33.85056536368397,36.62108569626969
183.6093616594975,91.90984706209535,33.514593576163975,36.66562773005568
177.2005724888918,93.60333081542319,33.09964184003693,36.586792742734616
168.50108489629469,90.79741551490095,32.98045584697587,36.72419797557433
161.4800645114869,86.44045761078276,32.7859497857024,36.677161887879016
157.09468089762143,81.9556108773832,32.82640167040962,36.91654001165441
153.87702544974746,81.31048993602019,32.6878474806696,37.11113771346576
150.22584471131483,80.26715313115079,32.31509267360316,37.00492095636694
147.76282673666773,84.55471558154687,31.796906453227937,37.140551527045744
147.20358919085882,88.49569216172145,31.83274085894298,36.83708316801608
146.13825400848023,94.13430212381026,31.806346937204797,36.3451846763152
143.58218607312196,91.54995603582864,31.565935019573935,36.16132906393101
146.42960747577797,84.01765181485968,31.19020596483825,36.33241900425527
150.3280464788366,76.88925754282255,30.816471106574255,36.803370273744974
156.71314956968033,69.38952684183121,30.786708012943045,36.93898140632862
160.78620184307317,66.1179080476614,31.147085592276795,37.10235740007866
167.91979124376994,64.98454283134274,31.882577439906754,37.22584916856978
176.198139120691,64.83491686188106,32.69115941183669,37.52510110749314
183.98529556959397,69.36565090555439,33.66034272849406,37.28683100119358
192.58503077115708,77.61499979342483,34.29572158411048,37.5083044055239
198.14797533801666,83.00333936740928,35.580329174155914,36.885668031544206
203.0190194345526,83.29014864630173,36.08805327981375,37.45091750695151
211.46373464886562,78.14402661751639,35.37881513390546,38.49733740296915
217.06915156447894,69.32707653309332,34.6153386539773,38.71897531965114
222.2852140531126,63.504403217978776,34.552188552577334,38.84323875447202
222.6618829064612,59.816966582284145,34.951877734577565,39.29995069367688
226.99966754265677,59.564910814499,35.60814179330805,38.63758306285694
230.80579642341308,60.3691762032209,36.16237611077743,38.195694010982
234.53430133874397,67.78198088810197,36.885157260076184,37.39258346400938
237.26089973882569,74.26038108862937,37.26886999255933,37.27698403477706
237.70500595642218,79.01385672827708,37.55226011183352,37.14285319121867
237.18401081287777,80.26626103085482,37.42030643015348,36.98593252360094
236.79870647060588,76.6962638268655,37.02151182552126,37.109507196523694
235.80788922378986,70.69103332041114,36.67298115690929,37.46914239821251
231.14596572100885,63.16327917717321,36.674904574419024,37.37652485410342
226.2127114885571,58.38031290685818,36.06704381971339,37.63190697730309
219.97720051193215,56.9716585523888,35.7975728305857,38.13276242399137
215.3300640096188,57.03703039985715,35.79757994374013,39.1638019654887
208.94801975083823,62.21986123823136,35.60548330510514,39.3986554165371
199.82945379033066,71.27477367400043,36.16621374620862,38.96523202491065
187.65552388149274,77.51842536474126,35.721466632415634,39.464532274198376
179.03673367096306,82.2774264130946,35.23961001471342,39.396896598164524
170.42205930360092,77.5835436943501,34.88040175602549,39.40409830583366
161.01208547279703,73.68834742661312,35.02912570036202,39.02583046500145
156.03383277069793,70.99781035757518,35.677936642977656,38.58959556458822
150.87726868795764,71.08141030703476,35.48803671446656,38.42239566566906
146.5149934279906,71.48632773522766,34.92149828159373,38.773946928384106
142.27392727082122,76.41656854092577,34.140912350268394,39.33402334335996
135.9457692587898,85.04608099330272,34.10270883076872,39.385706907100456
129.56292840397222,94.3824798433787,34.171817277123644,39.180652135356155
124.19516401065185,98.16005265585187,34.53779933270314,38.53853766445067
117.6696134875221,84.72198389797376,33.81200358226493,39.008956319869625
119.24675632457134,76.37136642876303,32.945240723746586,39.69753154923005
132.34531941730975,71.78393255836636,32.97855761449775,39.74876691568325
140.9463370035614,63.43642741947713,32.90318911633369,39.31711051912242
150.85717913185687,55.89824559439968,33.49222304637829,38.51847113522746
160.7474494751884,54.711750652819504,34.07087810206143,38.629328158127116
173.60403081659229,54.623866070429095,34.624438889375625,38.80509732290794
183.64880138349235,61.15196677070365,35.299487593937066,38.438367490246435
193.23228057662973,70.5821353309349,35.82940973857683,38.11627086946824
200.36607221789578,79.69233543706518,36.66822167641667,37.32632668071378
204.09150453985575,79.75684428068831,37.35784180439807,37.197308993467516
206.2066065255355,75.60981100368853,37.814629782776194,37.28913963542618
203.55237976490994,67.31909581952803,38.401628100269775,37.345476790595654
199.35380103829098,62.74816181412206,39.65606748608569,36.96372071151163
193.47515084396073,58.81960224359465,40.57726891875175,36.392762886792994
189.07638628497665,58.61748221805535,39.70077058110408,36.797002937871596
183.2345248109811,63.145870571641815,39.363868150883576,37.35672653326789
175.95598586611328,71.95206644167698,38.247127275170186,37.82951029179263
169.27457653805834,81.62142687612514,37.26206615350595,38.816952441409676
164.87211921321506,90.43678427169309,36.50189353518991,39.12077627777866
159.87013691152518,91.70856547920594,35.81073094202207,38.95390879531909
160.31634807970812,85.10686393649483,34.91830860565619,39.23472707539032
162.06184957115215,75.56956015460432,33.75717185432616,39.67040478670721
169.31352944811383,67.00172641569253,34.24394887690393,39.509760599337234
175.07604774286457,63.13945711473654,35.46143307061901,39.125422339202274
183.5036730766319,62.65370129069251,36.18456064687208,38.92504210437115
192.39748044526007,65.89787206322293,37.28119375910647,38.33802801227618
200.0999599878082,74.21798373127788,37.32599425762599,38.33600730467556
204.95659171884463,83.64137970339075,37.12567426997202,38.51510230928754
206.63744948870854,92.53356056240148,37.33024053990895,38.56214963958985
206.37496300338847,96.70955550692577,37.85521351054912,38.55924172371257
206.1856488967233,96.24493910468252,38.23384172387946,38.28751682909716
204.943539180628,91.97493066666901,38.31276001842569,38.408979723368816
200.05963222914008,84.79970308869329,38.43417629646002,38.289838441907946
195.3680936735056,75.701880029178,38.17057212285011,38.39795715179058
187.23521905812413,66.08433435881032,37.58885195290559,38.378797748860315
178.7263454323987,58.25970631353697,36.697618363117506,38.50693711033327
171.49338689434558,54.81572945652776,35.79923587128083,38.30367563914726
165.04044723729345,54.802155150362424,34.731426339777414,38.33082425147793
163.72601891028793,58.895045887826065,33.91647608843926,38.18059222236538
165.2591046019782,63.47737174508671,33.11554185146983,38.07688909348873
165.5577871511921,69.0381453042947,32.51817675304208,38.13750373789526
168.37606964239055,80.57441178780945,32.42951499948408,38.36616433198912
169.542833119055,89.42718102874034,33.43102935479757,38.44751282955334
171.09656766888818,102.77962415155281,34.83952376639069,37.709416773670775
174.4071669005496,111.7709747590861,36.19828362388986,36.8266262460799
177.9082041079248,113.19923223697734,37.23002464376007,36.265487128760476
182.10776154839607,110.6179564815003,38.07146853648143,35.65268940617467
187.25977097294177,103.17469302054519,38.19423591738921,35.4783028847527
195.07994491087732,95.1193441142918,38.761401920921514,35.38148681785613
203.6499058761775,85.91530560925885,37.93099539917287,36.31508303272377
208.8049113286074,80.78666137083219,36.95555850227906,37.237797501611084
214.74732012074764,79.95088246132761,36.731344825810915,37.74329492983901
220.04343087126728,79.6647476165828,36.67322905867951,38.31556461932863
224.2926176237185,84.29193284251245,36.42430714128152,38.489138838903045
225.45721492431977,87.2489770284734,36.44964767073688,38.46138829362582
223.66617422439555,87.72835953799459,36.50002291901072,38.67985865844167
222.54677274870969,84.55783565382828,36.375940672284386,39.11369343152931
216.78446868459505,79.70257014166114,36.038152294650295,39.33430725117289
209.93805766341845,72.70616025503983,35.519259419978816,39.11541210739083
202.83080606347028,68.4039140072164,35.66188301254934,38.3386515314871
192.74001645518965,68.52418930044846,34.91232376998121,38.098100945023006
184.28684436750254,70.83772829144803,34.610717382105285,38.05980977989056
176.0113901156423,78.30850264224846,34.034536222298335,37.961738786680094
168.33955118883864,87.54761560173597,33.54268256464344,37.581263166290505
164.06315064176744,96.61287897922955,33.15652685896637,37.32865001094217
164.64050401090964,100.60452691120527,33.10911568876876,37.09642312359816
169.69454157642343,95.78731840978705,32.927510193705274,36.80437049047056
178.0873614004652,83.96246837325322,32.57464577234623,37.44818524612391
189.1443386294286,74.48773077649464,33.557479506229484,37.700260474842445
200.32741974392843,67.22449178367646,35.819209014984935,36.55444371827098
212.54971842903112,62.77407474796884,35.261026889368864,37.49313937482314
222.36603920523416,63.159361428839105,35.064627243493874,37.86587436052559
234.5579059446943,67.52819545785162,35.892950229073435,37.15022426847778
242.8670537155639,75.18379436199467,36.49379898665003,36.762284852932055
248.59136089054718,84.29161684257699,36.5584836011172,36.96791823486132
251.3481501844977,91.5799925551388,36.82278402632884,37.413652243830754
247.45741336938536,91.66211276607936,37.60387582755839,37.249411821949636
247.32781871695323,87.28394380544842,37.86306513242269,37.770732485797694
242.0178538579146,78.00442633236253,37.78468550964068,38.49925186387067
232.82483879218393,68.87217087551588,38.1871256098459,38.780172746307926
222.29782450832084,62.61901664010023,37.4674495229338,39.18997863122908
209.42854040673978,61.777736577639374,36.70233529750105,39.667825918487374
199.29509903654503,61.64061863017921,36.56841575778466,39.942061813407705
190.26743007072037,66.50611885994537,36.590960991065145,39.82855079300544
184.24927725770667,75.29627891420346,35.41869337383063,40.259921470755565
184.66851673239944,83.50280618367925,34.58021442444512,40.48999149990976
186.32661769771423,88.08374362431348,34.800789105797534,40.75952091725995
190.3351658273537,85.00698599380331,35.09002623828721,40.979940898445555
199.96627035215823,78.89236727100347,36.13697727853751,41.26261358530446
211.455940429751,69.1362238044016,36.25752760108357,41.32236116883951
221.14527692955534,64.31384177769397,36.37700959298935,41.21804772649753
235.93777132761397,62.335756289347856,36.04633103561807,41.5174299233465
249.07868939839477,62.55035071411312,36.566482512485535,41.08824107381597
261.6328777408716,67.66967717633882,37.07692485574786,40.60913825535158
271.6880144634531,76.99619145394962,36.496874504199106,40.26569385039337
280.33302448366635,85.845038785272,36.09192675294,40.65914806899938
280.37316120749335,90.06895622547273,36.01165330528602,40.65138673953665
280.2288744933096,91.77400341875212,36.30022673365346,40.854262524640404
279.8593740175349,90.35697588462011,35.82715673411051,41.26417569071951
275.2589118197243,82.05950946693892,35.34126454556721,40.90717950379411
266.4514340341717,73.1568258050027,34.992824509578845,40.749151220573054
257.56297593417344,68.35402379267006,34.92666720985649,40.83844937872155
246.31708244349716,64.23289036276121,34.811210440401084,40.751731698767856
236.46578988965445,64.46140765939637,35.52713767867657,40.29469710549755
225.5336852141804,69.2898997624765,35.95217501503651,40.1662337947098
216.98865958805197,73.60641732899214,36.30022250246638,41.10005795586535
207.2745479670826,82.76114013885699,36.27441368954722,41.02876738756492
197.78514922201384,87.85648028327154,37.03779179158337,40.55297743905655
188.04717766569536,88.79208041661023,37.00743225044278,39.90092108824027
179.25158007388646,88.94416111537117,36.47085563989126,39.596759690718386
170.18194387085757,84.07832790041789,35.48587246822205,39.766298331761455
160.97692396999284,83.67077866228938,34.98034317137608,39.399173739357515
154.9564396078173,84.15108002506324,35.33660797299619,38.438571013809806
150.13577566141942,85.13074417296485,35.704072440301275,37.638475646192894
128.7026340793036,77.11408147956162,34.77193113625802,38.68812950437899
124.88248697431744,83.80074972028629,34.33334492198386,39.16430232163782
121.49674172915007,91.34526841843102,34.177824109916585,39.08378941388616
127.7705779084971,105.95277791234145,34.28862788481889,38.638034366057106
130.71284369140574,104.30047798527588,34.132309816277534,38.50570612182271
133.2113001149367,97.47582630147691,33.69979080920061,38.46182796946559
131.31320317988585,75.66497921595432,32.961942194505106,39.01011853493736
145.11710856945433,75.50890095679722,32.477695017336686,39.32227505325157
151.93283715283707,68.99406146061659,32.372146440892095,38.826045455291904
159.83860598309187,66.12463022578055,32.210290040554575,38.97573604633111
167.62437349753841,65.992527975473,32.284157296558085,39.239940546946194
176.17453552560085,65.43529275070375,33.14824844031077,39.231635046492336
184.77762608369073,70.03256247570674,34.12690011644341,39.12951199264256
193.49150443430176,74.23809750673234,35.1097508403132,38.773082679069034
198.28507694209372,74.38084957571968,35.970020403479026,38.48757854109435
207.18831581121705,69.70903560833398,35.71425633640751,38.470825851239034
210.0739406468395,64.52895551650022,35.771658765614745,38.33941225409272
210.44566066391127,60.538554707904844,36.19281251123295,38.16805741295131
210.36011828410253,60.180063335577216,36.36389727085044,37.71644840633483
212.77278505670418,61.37813870605902,36.195514396077385,37.64877300058635
211.90440416324267,65.55041039892409,35.61123629176222,37.42786923418989
207.4507689615004,69.74324555068718,35.33584617852321,37.077026882796844
207.1075150324636,69.76662774678775,34.884357134843064,37.0302624905957
204.34715399451835,64.81387193207883,34.75446741773945,36.764672892624176
198.79607022118984,57.4749434021435,34.617418451032535,36.8315484851217
194.85207346686573,52.98377048588728,34.64584783111236,36.83153531355594
190.33909675062733,49.67748242737599,34.685841364150704,36.70464150599969
185.44909267021637,49.711635831635554,34.368763525260654,36.636334697480564
178.49500183570458,53.41380907683536,33.77139833489224,37.04266728521508
172.70588292718844,60.448467628461984,33.110445878259966,37.43784777811089
168.58440101585094,68.16923053574268,32.487401184173606,37.51183686788183
162.85238432744808,76.3116329639374,31.857661452268502,37.718540796098154
158.49816146622166,82.08585778145044,31.825926277847543,37.09531728216429
156.9678761204075,81.76126374632153,31.639272281902112,36.66209712323086
154.96864193128718,74.03580777982543,31.346812367765093,37.0947600329013
159.39403126510825,65.31467210941932,31.09372820225904,37.3416423694413
163.0412838625974,56.11290619979473,31.32031159445416,37.47967333412653
167.19325165722105,48.96156406035768,31.658049638834676,37.73963795835543
171.26016197017626,44.98405949992248,32.24134490241717,38.067170675919556
176.02744240336088,45.05992601608868,32.64326733113955,37.91543764358715
182.94481920543507,47.142002481222804,33.21460791246505,38.1839290780801
187.2526587695009,54.28177440728337,33.570570630664236,38.483303226246605
193.215810238306,63.03334881280906,34.09380791037249,37.95680016608405
199.0103820508075,72.56149924474306,33.82443767326036,38.14411406163048
204.02079614866233,87.0598458181827,33.97887242760243,38.542624992678434
207.39510130955202,96.36451454244899,35.20480255993732,38.16080858212137
207.7644156542411,96.37131043619637,35.61899215162681,38.147216794626615
209.31996909093257,90.16196254012374,34.826241896831746,38.97412949383242
209.8938736159979,77.33764973528116,33.678432846701085,40.27480434350888
208.62518938936853,64.90795290309674,33.893546187342594,39.58939176908818
202.7265575700472,55.74470028002693,34.1505494759257,39.4514804551325
197.41180011705296,51.1121411179756,34.375923781588995,39.46847380116836
192.63939682900855,48.3974625208665,34.641649057110364,39.098405182531906
189.82513599749026,48.48438643723595,34.47813695420909,38.924557349793005
189.43604922934614,52.4828747335017,34.10320583635423,38.999313336263356
189.4670803748449,61.02991198625904,34.0411435453567,39.129308972569966
191.3000278554161,70.20340402348255,33.82311228108001,39.17093128140655
192.78779968624053,80.94273051375458,34.28688982956018,39.47464596501307
196.544493886891,88.41669297439682,34.883392692564826,39.58794767743889
196.6068029216293,89.62346455545432,35.928619725277855,39.51409471970337
200.70879357145427,85.19452995796465,36.022171983072965,40.07443035723775
205.09485514026224,76.69370014875297,35.618893517030806,40.33840063251347
207.54554231853248,71.31091330364285,35.49034701259036,40.36511165550863
209.36045797260192,63.719189959191354,35.4352165014312,40.058188224165995
213.55545003749162,58.91314436011596,35.34678609959225,40.18278944752778
214.36610633135453,58.98082692137792,36.09837820260059,40.04742432500386
218.86936220519098,59.40996599607985,36.662619813984215,40.385490345482054
221.74834228808874,65.25784673687465,36.95753208966356,40.79547374684216
223.00024242094054,74.38477729431233,36.89700011723104,40.86612483149972
226.37194011304746,79.55630919260386,37.484208214586985,40.297199010343064
225.8923789339733,82.91518367018088,38.4433305727353,39.690717872936105
226.08645889466015,80.59241811276432,39.28312791196876,39.42441994534079
