156.5,38.5,17.0,50.0
156.51408537479213,36.39788788741903,16.9922739807676,50.14289003410633
156.49791669387093,36.2717385566293,17.024611342609987,50.39518869568579
157.05370201723287,36.68104661302492,16.93954989413755,50.60308178114593
157.01144006714543,36.654645761545815,17.024073794312404,50.65588348410414
156.98419713024379,36.66400417425774,17.07855966811571,50.637166658680286
157.5188356538889,36.67934295552014,17.040213671163414,50.606489096155485
158.59828449000608,36.70641931757451,16.94090727704959,50.55233637204675
159.20852602712782,36.88866486590763,16.74763810283361,50.18784527538052
160.39422902693678,37.42179382907177,16.413249213418183,50.14009590415347
160.98489151878155,37.47751410620644,16.243638496473302,50.02865534988411
163.18291051264782,37.405223737093536,15.875704195158976,50.17323608810993
164.3974301504498,37.35339845465349,15.451297149278401,50.27688665299003
166.60152868074408,37.25513342134474,15.026935106712287,50.47341671960753
167.24125397295506,37.136743486903434,14.738364730218112,50.710196588490135
169.85114110421924,37.02697348222232,14.462885585730024,50.92973659785236
170.47841198714457,36.93959844050825,14.195162464444307,51.1044866812805
171.99283190037116,36.92904627136407,14.119146764880995,51.125591019568866
173.93113558640533,37.02366355071018,14.175133380274211,50.93635646087663
174.95098205345215,36.99054162382495,14.098511541256746,51.00260031464709
175.93438004672387,37.027891238456604,14.093781538960698,50.92790108538379
176.80322665989402,37.102822128978495,14.315876704907513,50.77803930434001
178.6841921287666,37.164502880231716,14.481702408166269,50.65467780183357
179.69445980100267,37.13671152055343,14.427760900705927,50.710260521190136
181.79153014166965,37.626354393462805,14.165914475880488,50.71404833949852
182.2948407520567,37.79605667051328,14.137529643919244,50.37464378539756
184.1347700658342,38.532135426558234,14.349395614022754,49.87541742272228
186.4324989757428,38.59734039364742,14.603218808621868,49.745007488543905
188.31748124898473,37.991687937400734,14.724216077349872,49.98357194723431
188.75991183780323,37.82140471909567,14.817707062311232,50.324138383844435
191.31948387319395,38.101600364969805,14.623019588254156,50.748638411441036
193.88067022671,37.83340744864546,14.436914934724037,51.28502424408972
193.8827535556767,37.66381436764868,14.432748276790647,51.62421040608328
197.02190515199166,37.48331390642195,14.130614967708897,51.98521132853675
197.57829462337162,37.90421655694484,14.013280063530807,52.13885006607285
200.14114792547355,37.4626227525676,13.864566616140381,52.026639043464634
200.6752237004204,37.46483924885514,13.787442554969903,52.02220605088955
204.64655243402558,37.890790224749765,13.760897313424536,52.15981812730843
205.65052655393214,39.37804646984167,13.734839097309532,52.158140672671735
208.1762001988277,39.58927442222877,13.635644973267533,51.73568476789754
209.17173600855855,40.22263277324868,13.609844638310706,51.45160370811018
212.49415900910634,39.76343920758153,13.812147651975849,51.39182669447868
214.54928490374564,39.42758915658912,13.62641702463629,52.06352679646349
215.08879419489867,39.23825588545478,13.534458682107001,52.44219333873219
219.0305158603862,38.40668912771311,13.576087136056533,53.114692881099955
219.43413873079436,38.28125105192383,13.769685722696199,53.365569032678515
222.84938247124282,38.150270292218224,13.99532683244978,53.62753055208973
223.85213220166975,38.61757789304194,14.021726211230662,53.708864770259645
227.330553482162,38.75394552719074,14.187998437064365,53.43612950196206
227.77202886000774,38.75752795454545,14.321941978484674,53.42896464725262
231.2015369573323,39.439011733046826,14.59811633854467,53.085310026636904
231.03127803065422,40.12011590379544,14.938634191900857,52.74276992133133
234.45731256602744,39.70589624417123,15.235092508517894,52.54999104238497
235.35545843726882,39.71883998838821,15.486857842146309,52.524103553950994
238.43585241593266,39.62384050567037,15.496132719703564,52.71410251938667
238.98758511712458,39.38832792078447,15.423862794127622,53.18512768915848
241.16076381102076,38.98751619402434,15.223471493859233,53.98675114267874
241.22092307013986,38.09558383857704,15.10315297562104,54.72657173468688
245.07039678494567,37.24988795446659,14.769603262111547,55.365763829178896
245.1522152777215,36.951793762529945,14.605966276559904,55.96195221305217
246.36768765895832,36.473628743598944,14.29542300796389,56.918282250914174
250.13405424001937,36.88272391719299,14.236794613552473,57.16782115625617
250.14194462547306,36.79752645771991,14.221013842645078,57.338216075202325
253.76900543792917,38.99088948035652,14.472260903871373,57.24027213629394
254.09120609224627,38.62346820561078,14.903446863076887,56.899527417945706
257.1063773681815,39.12886804796009,15.346853733044151,55.88872773324708
256.89701123955945,41.457106439451564,15.765585990288217,54.451553627975386
260.6346436598706,40.99635996040205,15.715197969109614,54.31234989758245
262.7122324649084,41.100218987840755,15.791209766353301,54.10463184270505
265.0881609668788,41.00593769022521,16.320773282711425,53.23691033387639
268.7023969056148,40.78676129539964,16.469268858177113,52.621410630250686
269.1618513236337,40.305762131293555,16.598249546721675,52.53551943388054
270.19794202733374,40.276288651538195,16.624166354991562,52.59446639339126
273.3881585312337,40.29937015143431,16.545895655044365,52.54830339359903
274.0177273210299,40.06972750623001,16.33502447175617,53.00758868400764
274.57335702720883,39.96646506666041,16.274639637891518,53.214113563146825
278.2465004519502,40.60364974015989,16.297098042057463,52.99242210952626
278.8364343797495,40.01114044632387,16.167190072140478,53.12748081151672
281.62318128329656,40.58024641355351,15.841033845708903,53.03873639318996
281.7020530484322,41.00051143473536,15.683290315437556,53.240381849610905
285.4068387455881,41.034184224049056,15.568371997503661,53.17303627098351
286.6707846318159,41.434511922868225,15.118497492252366,53.41138950694731
288.9527998376958,40.87137377840282,14.690413421924244,53.50367921052016
290.57595694163535,41.02654390631123,14.525933195689333,53.19333895470333
291.55059909982793,41.10620089652936,14.616315655608783,53.034024974267076
293.06677956715794,40.6538335509124,14.641819575065885,52.91947138079529
294.0479319079097,40.79716279031231,14.715825741536996,52.63281290199547
296.9636300265903,40.820234733253216,14.977481475693345,52.58666901611366
296.9042768359142,40.69153756768645,15.096187857045592,52.84406334724718
300.25785265338084,41.123728249049805,15.56812059897668,53.00526546692967
300.0974509003295,41.65322286297341,15.88892410507939,52.98291472723852
300.96649136947696,41.872299089414575,16.235393577291862,52.54476227435619
302.4194032418133,42.5717652161576,16.457048014602456,52.18832274819788
303.39497753370165,42.64651997463156,16.58897199313008,52.03881323124998
306.0967757107883,42.57700219491893,16.39460679992358,52.17784879067522
309.4289379349037,42.65160081897667,15.971712992653341,52.02865154255976
310.01900645601063,41.99561400742886,15.821904817072761,52.31029629902203
313.2299079350075,40.92855561651661,15.589328323721926,52.38133759263222
313.2022924094858,40.92011322018686,15.64455937476536,52.39822238529172
314.34453905405417,40.886496797871004,15.419053953344344,52.46545522992343
317.5320924035891,40.965683259734774,15.20149164755367,52.307082306195895
317.6021122180885,40.98110955575682,15.061452018554832,52.27622971415182
318.666229883351,41.001287235526405,14.967094104562948,52.23587435461263
321.2279662713968,41.03437153239849,14.916682661573768,52.16970576086847
321.2232284171122,41.490505735220125,14.926158370142929,52.270178096298274
322.2230380946249,41.38957662824036,14.955203428264994,52.47203631025781
324.7911547171519,41.32333205076674,14.907550607205966,52.60452546520506
324.6683191111201,41.78150458862925,15.15322181926961,52.70687253333383
325.6554146234338,42.4516692596078,15.228459474112645,52.39125753111193
326.18216148621264,42.9674983585953,15.196633941152829,52.3812675257348
327.81199897669757,42.48377898923018,14.999764747316709,52.32777100208715
328.7688704178277,42.65935365539792,15.119052647380116,51.976621669751665
331.9309944506154,42.00466815080711,14.877540074736192,52.27220343011139
332.42177662226976,42.367874105216714,14.909429714787672,52.55924550465229
333.3679759168201,42.830105184599276,15.05321082046558,52.652873193276484
336.62279522325076,42.930004432553005,15.698201890559012,52.45307469736904
336.1150252110107,43.05270298410308,16.713741915039186,52.20767759426889
336.2118469498824,42.516955392138115,17.566628956374192,52.23264225912043
336.55604225205605,41.79058178287424,17.940738894801164,52.62288893487395
336.5781078417246,42.033789044475185,17.89660771546405,53.211341382664834
337.2038235336339,42.26440302485619,17.72760037479587,53.83253746505335
337.8421252722942,42.66469929687547,17.539150409117255,54.12009843265676
337.8373445576824,42.76903650041398,17.548711838340886,53.911424025579734
340.6800066243801,43.3325024342289,17.29336715775739,53.87048804851227
340.72340683709007,43.504744950697265,17.206566732337503,53.52600301557554
341.6815322299628,44.37834195194996,17.438829686269212,52.85306588290868
342.13410384497354,44.460711140147524,17.60265936731162,52.68832750651356
343.07725617022754,45.39182003321696,17.855614123016313,51.895739423481025
343.4610729599606,45.863540276858046,18.150958349772687,50.952298936198844
346.0314600665921,46.78102708408214,18.28471466924172,50.17223142829704
348.8250380323519,46.43370858699461,17.92855095871238,49.82066997827403
350.1188285599126,46.72390434451402,17.41046465162195,49.240278463235214
350.7935207849187,47.006818316321514,17.078174564072192,48.674450519620216
352.5729035614783,47.102876429371946,16.528435126698,48.48233429351936
353.7669327699795,47.13422888044991,16.120937838436483,48.41962939136342
353.88371729265265,47.0614509299097,15.88736879309017,48.56518529244386
354.5335294318729,46.968527744316866,15.567491293037005,48.75103166362952
356.23063722805216,46.912551613423744,15.102811340644067,48.86298392541576
356.8030264438859,46.915125105026185,14.927571505584988,48.85783694221088
357.40102889876806,46.91838636292222,14.697795864159097,48.85131442641881
357.470623280298,47.4796842166838,14.558607101099142,48.69060455177764
358.9857850026758,47.49323032822928,14.399398901462343,48.66351232868668
359.020663445062,48.0611144498822,14.329642016689899,48.48144721186866
361.84951245922775,48.11775922089248,14.370985089306682,48.3681576698481
363.71354196626714,48.172686058551136,14.438963006320169,48.258303994530785
365.09787615094825,48.26270557794921,14.516453252169141,48.07826495573464
367.45701513039046,48.666941782930344,14.536241658970596,48.21740581890954
366.98990745609615,48.59400425349534,14.520512729294735,48.36328087777955
369.2492107964674,49.222092549877445,14.760468032128443,48.05881668173057
369.70099840238447,49.15796096708905,14.808743533806476,48.18707984730736
373.0996616927958,48.046328647016566,14.69330287567021,48.50123422382766
374.1200326490906,47.05656553716152,14.566279799940178,48.56704160667808
375.60651835503097,47.0256988801996,14.459618151773928,48.62877492060193
378.11357179678595,46.353321771385254,14.217163421989623,49.01919870748548
378.1915754516615,45.730184369783274,14.06115611223854,49.31014247837806
378.2011785776522,46.23156040544638,14.041949860257185,49.263913330654916
378.18994640498084,47.30458161728184,14.064414205599897,49.02889855536866
380.01760228317966,47.04209650193325,14.219595121161982,48.60124561807591
379.9682646650748,47.560450083737386,14.318270357371741,48.51402376455023
381.40991083262577,46.58955169347276,14.28524364767475,48.55564346147619
381.4033838963368,46.56308257532072,14.29829752025272,48.60858169778026
382.75222926264496,47.074239023911915,14.453760257444678,48.537319957200616
385.2458880068597,46.6675078328104,14.231099610801383,49.35078233940366
385.37267988417886,45.72338522361461,13.977515856162967,50.278765174076085
387.26600350137693,46.7958878716705,14.065230305673849,51.03953114089456
387.6768715025507,45.63266925248759,14.224423202833616,51.40411058024586
387.88108345776493,48.140299673073024,14.805034719798464,51.33402687604162
388.6199376619636,48.19597305884052,15.3251063794987,51.22268010450663
387.8987296865997,49.259839790647575,15.760540414633935,51.10891047207764
389.3050062167591,49.85746029531,15.988275491920954,50.9270988419547
389.1478679460161,50.48009433512629,16.302552033407025,50.69688811394424
389.034216727094,49.56516988230074,16.529854471251145,50.491583223501046
388.8840125887348,50.722077996036546,16.83026274796963,50.21543663174322
388.7838827630277,51.86467840771254,17.03052239938376,49.97105451348877
382.3108604599127,52.19572007092596,17.729493950419076,49.308971187061935
373.3666415879903,56.78039820219899,18.21248301974233,49.354264222792025
373.5713882056432,55.49588069071143,18.83620586537457,48.823651002952666
372.82945516983324,57.51407440334983,19.283239984551866,48.93459138744642
372.109790037805,56.52934146275021,19.676152271007403,48.81122131344358
372.90989451261635,56.20609082711084,20.17924936076821,48.406069565030485
371.64018158039664,56.28101428633495,20.609153508271067,48.25622264658228
371.9779491421621,55.88542842902635,20.99382460687501,47.98718813906458
371.24027335802805,55.586328724696,21.406072627316572,47.52228399989871
371.640289292664,54.20349171613603,21.66965897603145,47.097103363058295
371.45564696697573,52.30693855809946,22.038943627407978,46.641937239171284
371.3371369488922,55.09398592005543,22.275963663575105,46.37733937887116
371.26419470130804,53.58566076795203,22.42184815874343,46.20747350526558
372.24242156082954,51.50179801652274,22.589855533857932,46.126276819809014
369.55682924331893,55.15432705118229,22.641242239422198,46.26893585172971
353.63110442375046,44.78067912603823,21.4178609433832,48.878421189179406
344.9083004676142,41.848065425128,20.444843242924506,51.49330289463555
346.9505438673405,39.516236406712466,19.671967118755074,53.949220481277784
349.00468030260964,39.013934443931916,18.939147792837204,56.07897558837899
348.4609498194918,37.2396676277651,18.884427064301633,57.343145831170204
350.9325631843003,37.620151601292896,18.577718331955097,58.9004368827499
349.41094183978686,34.911585670677034,18.094260825738893,60.79086854873849
352.4411863315672,34.84227480716123,18.000513212185925,62.122838549771664
350.6736917438659,35.07415583034111,17.904338596949845,62.86946443362481
348.7904780353464,33.60125490873783,18.01342916985885,63.37704171407796
351.0869968915789,34.02369684143703,18.33356459132264,63.76045113216179
349.61508001101885,34.121374174474745,18.798076734492348,63.56509646608636
348.7437973375786,33.57222468423516,19.295096913868093,63.417850279060715
351.6020549463494,34.3215735227117,19.84195856782894,63.17182797640811
349.6491111104205,34.267368635242214,19.969977970807598,63.28023775134709
347.6076301809037,33.66428911316217,20.26339824497955,63.223216267219925
350.6283337154395,33.79489522568301,20.56083116307095,62.96200404217824
379.60776233728114,35.824441146228835,20.99999253610885,61.44195648877014
378.85005316779404,37.79394509825168,21.259449596356905,60.01487114217658
378.8608627526611,39.733860798716904,21.237830426622807,58.615766895682384
378.38197315703064,39.653671080557714,20.97558545941803,57.556122173535044
377.83175706553016,40.99229783921607,20.875851189863994,56.0790351087734
377.46190588834946,41.39385594929115,20.438281649976556,55.27591888862324
377.06604117567156,41.624932163209294,20.072095115640078,54.81376646078696
375.6918575888953,41.25262316056939,19.38632120225672,54.41367077042143
373.71957568318027,43.1441793480049,18.82443957324715,54.01039247588017
373.72345930829516,43.567359657882946,18.816672323017368,53.16403185612407
372.19822268543817,43.134382544844314,18.57169393167905,52.9315022031839
371.0831419985205,43.13788781464123,18.620397061377382,52.92449166359007
370.0784698761392,42.897184183303764,18.446715538038536,53.405898926265
368.6762141919668,44.825172665557815,19.060805010600177,52.83555480543188
366.30391026069003,44.41753771798072,19.4125317579547,52.55260442178635
362.2438326399885,45.17283229284601,19.828981512537105,52.142544627315885
354.8289449915808,42.76048052029349,19.228583692563454,53.66078250453755
354.28332235040546,42.270857602478216,19.2068056748955,54.640028340168094
357.168428990092,42.16570478705721,19.069505520918174,54.850333971010116
357.456476852632,41.98581450233361,18.49340979583819,55.210114540457305
357.6532062791113,42.21835932671696,18.099950942879506,54.74502489169062
357.85303010788203,42.630191540363306,17.70030328533812,53.92136046439792
357.04083154649845,43.10235605881621,17.14687271992365,52.97703142749211
357.2420989116469,43.909217738038784,16.74433798962672,52.42869028566729
356.8971149420094,44.81565882835942,16.38408293230795,51.66603110161983
356.09369465146636,45.68438345830158,15.92532215699709,50.96138251993393
356.28020938316064,45.69601474235528,15.552292693608601,50.93811995182652
355.52387192728895,45.29572388026919,15.05063011533979,50.731532930992614
355.7009082172788,45.32469022143327,14.696557535360007,50.67360024866446
354.92865604461133,45.81435066900874,14.26593106584259,50.681844760939796
354.56869327342224,45.35114168843978,14.006203995650061,50.62861010950703
354.1553703615009,45.448039857089796,13.858803185583017,50.434813772207015
353.682408519867,45.48652872751942,13.83616533137182,50.35783603134776
352.2594400937226,44.69317545242746,13.78093596630949,50.97748717574795
351.75341828692774,43.36192673457829,13.818254070223757,51.69053359209516
350.7615606447694,42.92951512506308,13.831091936292918,52.55535681112559
350.3531489308514,42.56038750879791,13.650099236644758,53.293612043655926
349.3451125000905,41.02300036868218,13.65667131218169,54.35888553790262
348.7700181270893,40.18532810470142,13.78706558456512,55.014435592245135
348.14709370763563,39.87741605967577,14.001471628301019,55.63025968229645
347.51321080427397,38.7878034342673,14.22511039560461,56.76535789369359
346.9065171582419,37.80755212604329,14.374241804783106,57.661604627256
345.7892462262772,38.39855778062279,14.4495273550128,57.55922147494685
345.09682276685095,38.44017493808712,14.75475187726789,57.47598716001819
344.97771199712327,38.603409932157106,14.992973416723196,57.149517171878216
344.37903219030125,38.769663690689825,15.106181071010816,56.81700965481278
344.275977361386,39.48997098790896,15.312290728841287,56.458013838024556
343.71489012330255,40.71033131304481,15.354013584613092,56.1781964285431
342.50304792101645,40.9498631535029,15.623091792244544,55.69913274762692
341.17377249978733,41.80533882683672,16.13043378157436,55.063785827523496
339.80570873558247,42.557010922543476,16.7143379917751,54.636553295214455
336.84051763468096,42.61285866566524,17.240206261496436,54.52485780897093
336.5262474428297,42.8551591877104,17.86874664519889,54.04025676488061
336.28704472259244,42.93263026585254,18.34715208567346,53.88531460859634
335.3401970560235,43.44127952007807,19.14063131335601,53.968232205600486
334.9449089772382,42.929316602178346,19.931207470926697,53.876345026440724
333.0205935853198,42.9502363601783,20.393481783779436,53.83450551044082
331.1826449739676,42.20645230737209,20.659873342682367,54.18557172811944
330.6471976356703,41.30871710791654,20.584460317229393,54.83473442498298
327.7118696054043,40.560528158297956,20.683911257774295,55.17687130022273
326.95986459643893,40.00153500008759,21.026999631227184,55.13393597216573
326.97533557215286,40.09683063111606,20.996057679799357,54.943344710108796
325.26213461432855,40.19180135655693,20.932900581412092,54.753403259227056
324.7660985388117,40.3811543536915,20.76563850167135,54.374697264957916
322.7108542126809,40.504157382355004,20.272477374473556,54.12869120763091
322.426545508087,40.69242071513577,19.702559690375093,53.75216454206938
320.621958561282,41.44719550892651,18.820173336884373,53.36550501626306
318.3425143400133,41.606884898892446,17.87197441739396,53.04612623633119
318.71082993560475,41.61833919917363,17.13534322621098,53.023217635768816
316.3125214259337,41.36390628857259,16.60283384825741,52.46625817751178
316.48554907878673,42.07383531692695,16.256778542551427,52.09455319223416
313.5859209993831,41.72052275718622,15.83691060809096,51.76465762950436
312.31063661272,41.878766510085015,15.315156407132985,51.44817012370678
312.0676455406847,41.880105684759215,14.791159013085721,51.445491774358366
310.802737150645,41.988520455476646,14.320370514697963,51.22866223292351
310.02517907904434,41.90815028648992,13.898760352071948,51.38940257089696
307.1871246752369,40.08636131009882,13.678530562504257,52.08481122508786
305.69209170672457,40.333711338332705,13.703573330972592,52.57845222480552
304.65775659316165,40.238324839289334,13.780771328970708,52.76922522289226
302.6405741335941,40.18417563500387,13.815667369367521,52.87752363146319
302.42687519954893,40.69928225817161,14.24306523745786,52.849354354531705
299.76342906464015,40.90123493108078,14.52149510725668,52.44544900871336
299.58930650613854,41.5068016333494,14.869740224259843,52.243553692689346
297.50770722027363,41.48970964468151,14.981318268357054,52.27773767002512
295.8776022750447,41.60149356574846,15.195127303731836,52.054169827891215
292.76727460662914,42.268337263978154,15.318000027031752,51.73677953368704
292.78081736429345,42.28385474700965,15.290914511703107,51.70574456762405
289.9440488260775,42.21103160353729,14.885470319512685,51.851390854568756
288.5349057230614,41.70725729036383,14.680728262074433,51.85126339309219
288.14265405446463,41.59742980789521,14.461375752557458,52.07091835802942
285.7984458039747,41.023659214282645,14.135559761816243,52.21561304691034
285.3462733926171,40.9579083810041,14.041131300624949,52.34711471346742
284.4181536364853,40.46007930817305,13.899678511599403,52.34392670848498
282.4586212915962,40.45763187771135,13.834178839217559,52.34882156940838
281.9188102301694,40.096331068233,13.918824195469334,52.076446421763315
279.0192444283875,40.14349655333042,13.761473554118282,51.982115451568454
279.04646532614726,40.195718036115764,13.707031758598802,51.877672485997785
278.0191258845469,40.25742486751066,13.789766367705612,51.75425882320799
274.98647367469647,40.972060760333534,13.940286251147953,51.310784460271975
274.46520535695277,41.597675756849654,14.00042464275761,51.041952711117496
274.0027131320442,42.17763705182457,13.945660398637074,50.86177881510524
272.0828988658838,42.728944354523655,13.880528520124013,50.73535431241554
269.20842810044826,42.142384504431604,13.790315082267114,50.93528151781167
269.0664431965097,42.182845036989775,14.074284890144344,50.85436045269532
267.58468897191557,40.64419706492076,14.102307677318425,50.9961707348192
264.71936807613474,40.45590298077326,13.946867431964378,51.372758903114196
263.8336900934582,39.73332988331852,13.751438712197674,51.83451275546374
260.5106491429337,39.283323529498105,13.494102804332542,52.734525463104575
260.56816642131713,38.30321089061138,13.379068247565725,53.700782805727044
259.6324017035707,37.89643812774923,13.23995813649404,54.51432833145135
258.7186012865691,37.78949047377322,13.039445882912998,55.74228018319546
258.7405979313422,37.10576600891836,12.99545259336671,56.08234196746339
256.726920131385,37.51899628326868,12.897639643719678,56.287173556153135
254.58782880151674,37.97020706985002,13.04671441241177,56.41702895575157
253.93255510313813,38.07395883048919,13.320318322195988,56.20952543447322
251.33518599096305,38.34504018425616,13.31867748652417,55.667362726939274
250.8615481120554,38.547357376702664,13.234282441053782,55.262728342046266
248.2879138606754,38.60769970174115,13.259508647203614,55.142043691969306
247.74199337515356,37.86753002786563,13.328146881281834,55.59918030275489
243.99474938417262,37.064563503242965,13.606344645713454,56.17421474949588
242.76032123067276,36.93539573407223,13.986733435360106,56.43255028783735
241.60168688186252,36.929060969977144,14.193848647367467,56.44521981602753
240.41365472881682,37.427680937950754,14.451549511167181,56.507161601226166
239.65157155940022,37.576776953102794,14.910789101708712,56.208969570922086
236.2843701212286,37.15137016694797,15.228738943423998,55.99037430412707
236.19085081739053,37.2489415836287,15.415777551100135,55.795231470765614
234.56659797170897,37.42241403739975,15.44505005749064,55.44828656322352
233.88732999489966,37.18317535056248,15.734839024177896,54.858016949966704
232.34246771642634,37.773025735607156,15.627013573514436,54.74416618241405
230.32655334215588,37.947150565573395,15.409895513647003,54.39591652248157
227.83746332885462,38.33923827180203,15.121658541708099,53.6117411100243
227.95667877729153,38.53704455627104,14.883227644834253,53.21612854108628
226.14101919104277,39.273641349104714,14.407171362055035,52.76977881923811
224.84789187693983,38.81367502940264,13.95846179226553,52.67805672597716
222.9954108877089,38.19204586386119,13.655678822069522,52.91937881989561
222.116677742291,38.019287008925524,13.413922115123977,53.26489652976694
220.7716290800629,36.65348743818575,13.104382779730885,53.99673789801364
219.34828792402485,36.18995044838373,12.938342862593236,54.923811877617666
216.83827849742306,35.37029239662675,12.888220379626983,55.549099713897675
216.31556013058548,35.06265041601885,12.911858229008795,56.164383675113484
215.22721704448716,35.673404427511564,13.026871460344305,55.97371212255861
213.56662433142887,35.774782454455035,13.256925398288178,55.77095606867166
212.45918194604536,36.355635267924214,13.407929279879967,55.64119088632091
210.80584576096336,36.62716432994935,13.615584643160837,55.09813276227064
208.69461175804466,37.39297612935743,13.720609016636104,54.595870071545036
207.6179806720254,37.75864900001987,13.825223655975527,53.864524330220156
206.5932757602959,37.9400913733182,13.842513376906995,53.5016395836235
203.07385403675073,37.48158707641555,13.802250954678488,53.40734733895466
202.72779189174526,37.153498112052375,13.48515631721462,54.063525267681
201.3154454867486,35.80839786961427,13.272623210658065,54.728908474857306
198.8276487561505,34.64870646919108,13.159826841251853,55.012935343462715
196.79157957919566,34.08051177346488,13.153968938356416,55.12982567071384
195.25989241716692,34.037345019907065,13.154281800513283,55.21615917782947
194.62853807957345,34.1852815703403,13.394757930383484,54.920286076962995
190.80624617595953,34.20991322947896,13.880601450617363,54.87102275868568
190.49648394885583,34.477722156845005,14.500125904824765,54.33540490395359
190.1912275526926,35.145358424869215,15.110638697151218,54.03552005836978
