170.5,41.5,18.0,45.0
169.56289004513758,41.21896263436032,18.874219909724864,44.56207473127937
168.75309302759257,41.31135472420982,19.517548209685014,44.37729055158035
168.52458624607192,41.423930704036664,19.974561772726297,44.15213859192667
168.38422262094466,41.41778393928019,20.255289022980836,44.16443212143962
167.8201487788931,41.51105725329002,20.388638943644093,43.97788549341997
167.23518421180333,41.54656592702456,20.564147446302304,43.906868145950874
167.11808353816284,41.56905111388145,20.798348793583276,43.8618977722371
166.79057367983125,41.5393906920788,20.453491452030796,43.92121861584241
166.88688391741425,41.519133115787795,20.260870976864823,43.961733768424416
167.17423331317252,41.349374539708684,19.686172185348237,44.30125092058263
167.47049152867245,41.17561892660814,19.093655754348383,44.64876214678373
167.79782639843432,40.89511495584317,18.438986014824657,45.209770088313654
168.20716798362986,40.559824179548514,17.62030284443357,45.880351640902965
168.61516677211037,40.233316554397135,16.804305267472543,46.53336689120572
168.90181135778664,39.97183993137588,16.231016096119998,47.05632013724824
169.09352457050971,39.781022104486524,15.847589670673893,47.43795579102695
169.16953473028568,39.71989868294963,15.695569351121952,47.56020263410073
169.68179475273848,39.73747239049679,15.633029100059872,47.52505521900642
170.2354208628234,39.64266447006678,15.486113541423347,47.71467105986644
171.28487519383918,39.57772491549453,15.30787287005542,47.844550169010944
171.76349094388144,40.07917274196586,15.309544262103866,47.80055740820125
171.64581609535534,40.58865141052014,15.54489395915607,47.73991053291789
173.52022886526132,40.582275623476065,15.643146062241645,47.75266210700604
173.44139360951493,40.623915323642805,15.80081657373444,47.669382706672565
173.82940068119083,40.580468064555674,15.990256570825386,47.75627722484683
174.2734407756869,39.643898824410115,16.07232572046912,47.68911702786625
174.29839037409803,39.20425302999427,16.022426523646878,47.59771518429247
176.33468748952785,39.159003560725594,15.823770614939592,47.68821412282982
176.33996845825723,39.08142253432515,15.813208677480812,47.84337617563071
176.40025966123414,39.014147387125824,15.692626271526983,47.97792647002936
176.99055747655228,38.5177231694189,15.479881978900234,48.0029235674337
177.04242614400803,38.012428554310475,15.376144643988704,48.0492077847957
179.12817988171224,38.33888261774369,15.056860906684346,48.35935559245528
179.2195365056095,38.2375595467848,14.874147658889807,48.562001734373055
179.2379180355964,38.31704441268498,14.837384598916007,48.403032002572694
182.682256211377,38.85159065683685,14.655661194592664,48.292075649588654
182.27217283658678,39.359814731131266,14.52261901187913,48.22883643329374
182.3723171540504,39.2384014738637,14.322330376951923,48.47166294782888
182.9796846155861,38.93922390138014,14.057161898881303,49.070018092796005
183.4864880854732,38.90495724996681,13.99662207893471,49.13855139562265
186.85319626126443,39.462326424291085,13.933529265649618,48.97671640958802
186.76895588250375,39.58726379168815,14.102010023170994,48.72684167479389
188.75940823886825,39.60772705601859,13.91737834323403,48.685915146133006
189.26046375549512,40.14454661747859,13.860319598438204,48.55732831167096
191.2773318118048,39.61180824710631,13.595294464590626,48.680627307722574
191.33122556847385,39.81828687229816,13.487506951252508,48.26767005733887
194.26022646858382,39.28490151199813,13.216344471853292,48.40330089113548
194.33839292352837,39.09206550926161,13.060011561964181,48.78897289660853
194.32909708557193,39.56839681973024,13.078603237877084,48.766760607236286
196.32271833382228,38.76125531919763,12.813312640294725,49.4505556335719
196.3393737884448,39.40145376699368,12.780001731049683,50.040326360932006
199.6862620618049,38.1140021376344,12.685261168966624,50.7297907668971
199.64686720528775,37.86862308357288,12.764050882000966,51.22054887502014
200.11137879459312,37.55748220903091,12.79397080827284,51.84283062410409
201.54623398338703,37.760944408414026,12.828914724518484,52.40412432328232
204.41907192293053,37.68153076566841,12.943636505153677,52.562951608773545
204.28361834758024,38.25049531697087,13.214543655854257,52.406156877825104
204.73429052978716,38.75213506590078,13.29727784255633,52.38695593108123
206.70934803006455,39.2195814172825,13.288667004103807,52.43743926884335
206.60439190918802,39.428919508758554,13.49857924585681,52.018763085891244
209.97647426606937,40.00671945018951,13.64256257680138,51.847184352273224
210.43403857884752,39.46303335679201,13.711764052005227,51.95022643830808
210.96861103247895,38.83212033742091,13.629698328537762,52.22497329325488
212.89069250772852,39.05154030673911,13.74308002980477,51.786133354618464
212.86893293385626,39.103756808021764,13.786599177549304,51.68170035205317
213.31114942419086,39.26407317994868,13.886885622435967,51.361067608199335
214.34241931440857,38.32365806566382,13.788550197033778,51.27769348173578
214.70688451184674,38.40457353307633,14.038704134951674,51.115862546910755
214.98255523777436,38.57410366048899,14.468867529794217,50.776802292085456
215.83733134209356,39.287366468374955,14.728869670720673,50.33505385109592
218.1046453348829,39.33814088970975,15.11121476787996,50.233505008426334
217.92439436608677,39.95429323590626,15.471716705472211,49.99025642581739
218.39506798866915,40.12519396427645,15.522653361189196,49.648454969077015
219.4111678001081,40.64318669081746,15.467232233419823,49.60085876354927
220.52370950518957,40.72180961177331,15.215537876173645,49.443612921637566
223.58181469777676,41.22313147830384,14.97829194839041,49.42079659814169
223.66682743878246,41.13737526842701,14.80826646637898,49.59230901789536
224.3445781290279,40.98663678579624,14.427157093608566,49.89378598315689
227.43163909310658,40.89196575483739,14.082413583713183,50.08312804507459
227.48220163882792,40.47449466072794,13.981288492270476,49.95027054387963
228.08351861775773,40.465847708546484,13.742695167991906,49.967564448242555
229.62783477116488,40.050292729931996,13.533518580037143,49.838855832518334
229.6369695306349,40.58868495750216,13.515249061097084,49.71615911616679
231.03925355773032,40.72320210063852,13.566744837456586,49.44712482989407
230.9309600837511,40.76984326711742,13.783331785415024,49.35384249693627
231.3179605576926,40.818647599246795,13.961280545558004,49.25623383267752
231.73443987968983,40.84194617089574,14.082222542893136,49.20963668937963
233.6319241023215,40.90394180525627,14.109255972371981,49.08564542065859
233.50444972990826,40.985924694671276,14.36420471719843,48.92167964182856
233.9300710238859,41.01809405073219,14.469652644594678,48.85734092970674
233.91624485631536,40.96934237566491,14.49730497973577,48.954844279841296
234.4757129364339,40.920879324000275,14.33799862620448,49.05177038317056
237.8087774511081,41.504293143492625,14.378132765156163,48.84298033965733
238.23379779716794,42.606083255243675,14.483931563251783,48.551079096585624
238.62028688259142,42.64727448599278,14.664638392247618,48.46869663508742
240.79069842228805,42.79483467444327,15.103162605799177,48.17357625818643
240.6066407985545,43.41133259352276,15.47127785326623,47.900375184076694
242.44109722117074,43.59121675919873,15.653140709931936,47.54060685272475
242.8993158902212,43.68862029935805,15.69762875322169,47.34579977240611
243.93889693494287,43.239429638210396,15.536416620342923,47.285206116419126
245.52157956804012,43.32531317022985,15.23654859594702,47.11343905238022
246.13139963781308,43.31692035613497,14.964143372962566,47.13022468056996
247.62724416195653,43.584862026670365,14.79986198464954,46.594341339499174
248.09916209338274,43.75752349190479,14.78788706784766,46.249018409030334
248.26805418788376,43.64180102282961,14.450102878845602,46.480463347180695
248.90041164660988,43.67354207206143,14.10919661902574,46.41698124871705
249.43293162485878,43.6093160065583,13.960772043298661,46.5454333797233
251.35367250891983,42.972783556180175,13.782016446937057,46.90281673753944
251.2951475998363,42.721270809722384,13.899066265104128,47.40584223045503
251.65336135918884,43.03841716061608,14.10931341304335,46.77154952866763
253.9787412727827,43.411155258043784,14.06667824167337,46.02607333381222
253.87727375756265,43.66264560488054,14.269613272113476,45.52309264013871
253.85632055625277,43.86001861376321,14.311519674733223,45.12834662237337
256.5543220814011,44.52407333205929,14.328263471385197,44.702361660272636
256.5185710678325,45.094683805007854,14.399765498522383,44.457540430093715
257.0100570187093,45.33194214485018,14.311036677526086,43.98302375040906
257.5494424903271,45.965415801210945,14.11815536703152,43.60196607042862
259.14329434682065,45.585320493039916,13.561305357346814,44.36215668677068
261.26356290755007,46.07547837423283,13.7080488832562,43.38184092438485
261.641669410462,45.84492018919897,13.81813479655109,42.97665837533373
264.38271380660257,46.325068757312124,14.374137714972566,42.016361239107425
266.03892707560243,46.27898238395901,14.498194871367875,41.249413062214884
268.1313144849815,46.94869324253579,14.565731295477987,40.76045359363498
268.618636450794,46.570929485220674,14.435806571257164,40.67126190086106
269.13102590061584,46.50176945075049,14.25212282579404,40.80958196980142
271.7180646168047,46.25012000136448,14.116447341758064,41.31288086857344
271.73613372717966,46.00939258568812,14.080309121008186,41.79433569992617
272.20198353150727,45.90300440822465,13.999219531607253,42.007112054853096
274.7811497949664,45.81086142911476,13.953793325117488,42.191398013072885
274.7615382022802,45.61026649122696,13.993016510489815,42.592587888848485
275.69831199959344,45.611475556149045,13.840160796051881,43.450515699098624
276.1422901019273,45.18737509513015,13.821905592700583,44.29871662113641
278.82244666322265,44.71079891289404,13.749807979017731,45.251868985608624
279.2566369582061,44.792035486631164,13.77493800824025,45.98290645732385
281.5201150440766,44.92522062593357,13.769471744285031,46.620834160276175
281.9202010743045,45.11680018021396,13.882497149591346,47.15087251747743
285.6031565156588,45.14559577944107,13.898758859298173,48.01605289307514
285.6133359268789,44.67603521885343,13.87840003685788,48.955174014250424
286.1466940801025,43.77434514734145,13.759799792507424,49.81043809517762
286.6899546951147,43.39230801889165,13.631208740512937,50.574512352077235
290.14872086225864,41.1194762061221,13.477456573392384,51.25515873923502
291.53423054793,41.04472588593971,13.62518114688756,51.4046593795998
291.98183754152905,40.33093361666542,13.707761320552937,51.85444975728506
294.0075655164853,40.04499697877076,13.598945570479572,52.42632303307438
293.9065098096669,40.02196412878379,13.801056984116359,52.47238873304833
293.9013686368852,40.99858257269747,13.811339329679742,52.511324642944594
295.3341112110856,41.67527317420033,13.936333096840924,52.15476974512624
297.2896457253786,41.843865459757644,14.00196700296582,51.8175851740116
297.26806121241043,42.92216186294239,14.045136028902089,51.642341745585675
298.2873255345603,43.09157073841272,13.98465421204125,51.303523994645005
300.331522843957,43.310500239965975,13.828774102924273,50.865664991538495
300.3448904981414,44.07345876960513,13.802038794555417,50.31380064834947
302.89242773200533,44.186656281692315,13.53594916255113,50.087405624175105
303.49553187340734,44.29935113376023,13.28736538952997,49.86201592003927
305.04369882425715,44.33927425691836,13.04039590003536,49.78216967372302
307.548246729509,43.79477442825143,12.75138626627561,49.92715209570806
308.12806355491074,43.23436666049349,12.532345386892425,50.10737485980369
308.67865351948825,42.79512876593939,12.37013443697035,50.04688166967897
309.6556592370208,42.30208860537465,12.28621261701441,50.09791718325388
311.07730423763047,43.01862041644437,12.245416197355324,50.533182615487945
311.4570502498562,42.55034440070313,12.425398906111727,50.530259913762634
314.612569248272,43.13175663255209,12.714355481288733,50.31029181749453
314.52344521355525,43.13617941354115,12.892603550722196,50.30144625551641
314.8920664821647,43.11229840581765,13.103867784134637,50.349208270963416
317.60240377891006,42.53094533376998,13.40218787029335,50.558748635117176
317.4441944151194,42.465945915170096,13.718606597874693,50.68874747231694
317.3239167585438,43.39464291541023,13.959161911025877,50.77035322700484
317.34770061971585,43.112853774152256,13.91159418868171,51.33393150952079
320.8001676824774,42.27693083493487,13.881954391244461,52.0235924839433
320.7641304592506,42.88724426420632,13.954028837698035,51.79427739973072
320.76780419179875,44.04405345901622,13.946681372601773,51.45955306431678
320.81137388221157,44.7097806581934,13.859541991776121,51.112706705802466
321.4413876323366,44.18151065984392,13.577614933502883,51.19114626052461
322.4558939105858,43.65691824612281,13.496407837420174,51.26642835775901
322.9600249534397,42.68455645800324,13.461575542118476,51.264292353185965
324.96768187239377,41.99809496312738,13.337235729242838,51.66447183667957
324.97210331504493,42.3433584801536,13.328392843940446,51.94995359015467
324.9715170137739,42.22697189392179,13.329565446482505,52.18272676261829
324.87157130115764,42.22682374558855,13.529456871715036,52.18302305928478
325.2594745900952,41.736453478792384,13.74055697844095,52.17685690827608
325.64152427647764,42.39247092596225,13.967258511073513,51.85562291933378
326.5741483432593,41.974843736248125,14.083124357708733,51.700320308662796
327.0549344713436,42.470454215475996,14.112102744085696,51.699649992752654
327.0359059596454,41.938556703196824,14.15015976748216,51.772360268259796
327.4943867155941,42.17009261982566,14.226018338215413,51.30928843500213
327.976251242442,42.766552827188754,14.250021321468344,51.10410005722473
327.96562253335424,42.76740099908196,14.271278739643837,51.10240371343833
327.93625212874446,42.66649026346558,14.330019548863415,51.30422518467107
328.3982066683491,42.48438566552703,14.395716935047101,51.66843438054817
328.30304043304903,43.01642939905072,14.586049405647106,51.60030474208312
328.73625467849655,43.10522288056391,14.718177091047734,51.422717779056754
329.19927619635723,43.16175937376,14.7906550241817,51.30964479266457
329.1932988085917,43.13780788214092,14.802609799712737,51.35754777590273
329.15696997793094,43.20070119313402,14.875267461034248,51.231761153916516
329.6410433810173,43.29068276247098,14.905877088839532,51.0517980152426
330.6629290468672,43.38620242287199,14.855684324942757,50.860758694440584
331.196669821228,43.492156927168395,14.781365864844231,50.64884968584777
331.73212276226076,44.00675819327629,14.699254123183064,50.608441294036325
332.2312297609345,44.01316191416183,14.687737476075391,50.59563385226526
332.70902646499115,44.04807681959249,14.718446648647133,50.52580404140393
333.1394481597514,44.14540966595772,14.843492959955821,50.33113834867346
334.5851768286971,44.20452727817549,14.908442328811397,50.21290312423792
334.5079782888258,44.1433643077378,15.062839408553986,50.33522906511331
334.45438723729006,43.44946182221205,15.170021511625428,50.73343827868469
334.81808699853076,43.45361814287672,15.439824495441975,50.725125637355355
335.1980947023498,43.30793382125411,15.681889361334697,51.01649428060056
335.51518302935455,43.19830311401977,16.058383519441428,51.235755695069244
335.346073896502,43.61799388411448,16.396601785146547,51.417090005557434
335.17497601222544,43.58469124488942,16.738797553699612,51.48369528400757
335.10937712972975,42.968470152691125,16.869995318691032,51.679406395805415
334.9654634687098,42.89663626732009,17.157822640730956,51.823074166547485
335.39561488501545,43.398482090260615,17.34673703467823,51.86859974722504
335.3424749496602,42.85917612544441,17.453016905388754,51.893895645416514
335.2954577041799,42.726385815201006,17.54705139634931,52.15947626590331
335.23678271051193,42.116505683059046,17.664401383685234,52.3181325265827
335.1838578908816,42.15331821400644,17.77025102294592,52.24450746468791
335.691341060739,42.17184988274501,17.821667047057126,52.207444127210785
336.2008560860562,42.16091109133963,17.86942918987927,52.22932171002154
336.2732468849695,42.03855750530243,17.724647592052612,52.474028882095936
336.3121169437829,42.00852122057946,17.646907474425873,52.53410145154187
336.35605823994297,41.98907705916467,17.55902488210569,52.57298977437145
336.38294929716596,42.02839626664566,17.505242767659706,52.49435135940948
336.38346792039295,42.09736316700864,17.50420552120581,52.35641755868352
336.39579866880297,42.22831199918658,17.479544024385763,52.09451989432763
336.95901577435865,42.73587653040153,17.412059067974134,52.13834008659754
337.0188136758581,42.674255322386266,17.29246326497525,52.26158250262806
337.12436048358626,42.585173605552534,17.08136964951889,52.43974593629552
337.17115444498353,42.6315545048786,16.987781726724435,52.34698413764339
337.7698677402663,43.665204679911724,16.843889197873644,52.38675191100666
337.7520718323789,43.91079184762379,16.87948101364845,51.89557757558252
338.2583109910154,44.17522116812317,16.912151961650736,51.366718934583766
339.3721693430628,44.83095427825378,16.760930238289493,51.09350020468936
339.90094402603114,45.18846887206489,16.734984390538774,50.378471017067135
339.90393090446446,45.40804227770468,16.729010633672114,49.93932420578756
340.5635555294036,45.43154578929651,16.42440092416204,49.892317182603904
340.5924109152012,46.09899964089871,16.366690152566772,49.56581333976038
340.65148129058974,46.19368148470177,16.2485494017897,49.37644965215427
340.5676801109012,45.907935860397146,16.416151761166656,48.95007390639821
340.60767060186583,45.94325444070892,16.33617077923751,48.87943674577467
340.6343277116512,46.00600473928604,16.28285655966673,48.75393614862043
342.25979172487024,45.99890319879567,16.000906749435224,48.768139229601175
342.2570831362624,46.07283108832691,16.006323926650865,48.6202834505387
342.25898068461885,45.9801913734448,16.002528829938004,48.80556288030291
342.21185796741247,45.60537778841252,16.0967742643508,48.56992500503223
343.24672479230225,45.68141625466227,15.994333524272989,48.41784807253274
343.7392237870695,45.740944030669866,15.988950304548966,48.29879252051754
343.7054504664425,45.85706686594273,16.056496945802927,48.066546849971814
345.19007666599754,46.29747041523992,16.014538854754726,48.161504520731384
345.1720342841619,46.42978849929037,16.05062361842605,47.8968683526305
345.5844229392119,46.57919851880679,16.199094420359256,47.598048313597644
347.46222968790977,46.74032506443053,16.330323690261753,47.27579522235017
347.33224486974456,47.099980539131764,16.590293326592132,46.5564842729477
347.71117205179763,48.466866439261736,16.79643053239071,45.750695612497026
348.15548866251936,48.810672060192445,16.864018340873777,45.063084370635615
351.04723548710956,50.11197411896505,16.7662054853998,44.35570718432587
352.9267657863743,50.96805327411833,16.75009887397377,43.57928737079516
352.97836847044755,51.19716768307577,16.646893505827293,43.121058552880285
354.04257560280445,51.30872278873694,16.350324813689127,42.89794834155795
354.6809334117769,51.80941286354906,15.981020610018014,42.803979606207506
355.29977630634977,51.20025484366199,15.6427665944009,43.122863872453095
356.3490477893802,50.45441124918656,15.339999385124408,43.71666318301169
358.2856867267383,50.47259135337881,15.070203585700593,43.680302974627196
358.33283323066894,50.24029845240295,14.97591057783924,43.24943697046825
358.3477079537147,50.43349743482104,14.946161131747749,42.863039005632075
361.08595309114094,50.545670178262625,14.759078285229764,42.6386935187489
361.15495611525284,51.080005897587085,14.621072237005944,42.444997949546284
361.58844494919094,50.96656205587382,14.623805260046716,41.80217494205578
362.15086804668266,51.11803266317686,14.359571691802936,41.499233727449706
363.5469442250049,50.892664971270094,14.121921759913686,41.098468303011494
364.00600606503775,51.61782952745366,14.045275541641582,40.48961665243796
364.05573758087144,51.860372602019766,13.945812509974244,40.00453050330574
364.71696338740884,52.00334258904416,14.268783596248102,38.89587917958259
366.0772697038413,51.92827924849459,13.98642549314318,39.046005860681724
366.21940672923125,52.28553835754377,13.702151442363252,39.951072847810934
368.3276263250322,52.970118412770276,13.573315372313004,41.03447461028892
369.1308750313726,52.98436554335145,13.627937698700354,41.83654021866066
370.3443482541966,53.94698420615643,13.729801335064318,42.440112975062505
371.5795671876498,53.52804776076761,13.819444688155656,42.42462545917424
372.04285930190673,52.511675996386735,13.74764504198918,42.74779982324118
371.96480992417025,52.65038657628867,13.903743797462033,42.470378663437316
371.9278128755513,52.72088985474137,13.9777378947,42.32937210653191
372.30544718076385,51.177477029767175,14.078801359377625,41.990869456069184
372.7373194400899,51.735242710766045,14.068430802234035,41.72871205557999
373.66316204502624,51.93719027419728,13.915667733736548,41.324816928717524
373.74147908784346,51.707332690203,13.75903364810215,40.94359577566876
374.25303067692715,52.27389106739776,13.568593397934903,40.64314194927944
374.31100199635665,52.375143161630255,13.452650759075969,40.440637760814454
374.7684481613143,52.424741860724325,13.357683943764917,40.34144036262631
374.7963343548315,52.285415139792505,13.301911556730534,40.620093804489954
375.1800480926415,51.896249523953486,13.354197967390526,40.57871114988791
375.042797903201,52.381931251755525,13.62869834627152,40.42743189771811
374.92620936680015,52.42184863172942,13.861875419073279,40.34759713777032
374.80837638855076,52.502939203903416,14.097541375572067,40.185415993422325
374.7482597700237,52.57960329870174,14.217774612626174,40.032087803825675
374.73323870059767,52.67456895916644,14.247816751478183,39.84215648289627
373.87588673305527,52.73556964362571,14.310773195284265,39.72015511397775
373.32181350076473,52.72582368654289,14.593646724427002,39.73964702814338
372.87068896915486,53.03972424876493,14.665236781275839,39.94250491007012
371.9178533977566,52.98312855636517,14.901214230822752,40.05569629486962
371.7700724345347,52.837088817974575,15.196776157266575,40.34777577165082
369.2200371364925,52.67576723577699,15.195599626397897,40.67041893604599
369.22331966312,52.49471946372471,15.189034573142969,41.03251448015056
368.7475527276272,52.48802113781334,15.280711444500714,41.045911131973284
367.8981926128787,52.53724789526905,15.256033136891446,40.94745761706187
367.4950050314653,52.67247339020063,15.202560392865855,40.67700662719871
367.11003958728105,52.67706481192769,15.11747155926932,40.66782378374459
365.87891149780336,52.74726603188837,15.01965639413129,40.52742134382323
365.54093266463474,52.30528432518552,14.846024654059336,40.56179535081968
365.57870626623685,52.81029520364522,14.770477450855033,40.39872396831531
365.2769483284012,52.840279730455705,14.530734155613366,40.338754914694334
363.76461704163916,53.18024621620732,14.20310471844274,40.496894945864774
363.9054700511351,53.08218889986535,13.921398699450888,40.69300957854871
364.0290978792085,53.08388195398575,13.67414304330406,40.689623470307914
364.1251753190375,53.18818722320093,13.481988163646118,40.481012931877565
363.73101958651625,53.637134122124436,13.449264822292534,40.404153940426596
363.38749675470854,53.52693046283761,13.316964751676338,40.62456125900025
362.9300992024704,53.00084002726567,13.411706929799243,40.856689203790715
362.3861034101125,52.65318460776432,13.674618339907962,41.55200004279342
361.8209531547299,52.88042348006972,13.96516261181508,41.9372785370407
361.28527709660926,52.698015725252255,14.185977371031118,42.302094046675634
359.987861308872,52.51815568718992,14.201557268335682,42.66181412280031
359.0354673529895,52.46197173066503,14.376059829202699,42.77418203585009
358.9898379891324,52.0021371428019,14.467318556916872,42.823926007174784
358.5547392598597,51.88596029654007,14.465219147187145,43.056279699698436
358.08399824011633,51.48313865057388,14.531141935649057,42.98636374060615
357.23721934494,51.38924491354122,14.47316214079298,43.17415121467146
356.83733115420216,51.30933847714004,14.395560229853114,43.33396408747383
356.0072185312582,51.19652133755558,14.299326338463091,43.55959836664274
356.0105328435522,51.122485958288756,14.292697713875103,43.707669125176395
355.56015926287523,51.011796240432865,14.311795624612154,43.92904856088818
355.0324050068708,50.634643033064606,14.482165842793268,43.79821668179701
354.9672006089255,50.22791944494683,14.612574638683856,43.72526195165436
354.9210511792491,50.68479431139111,14.704873498036685,43.699262213301566
353.953807082757,50.21728383463527,14.86123001193106,43.745217327268335
352.5008510831212,50.19193220723936,15.089431354098906,43.79592058206014
351.46349658017476,50.08752529274788,15.369248019922832,44.00473441104312
350.8843902354072,49.83503087147203,15.621957793867441,44.50972325359482
348.43830598853265,49.11138880881066,15.927727046737449,45.03972753074175
348.354826730494,48.53074136097665,16.094685562814817,45.270648221524
347.4081298250532,48.39546740728512,16.11469967954536,45.54119612890706
346.58116586421875,48.19227187726875,15.886812501066448,45.94758718893979
346.18757119663917,47.94175321746819,15.731445411317676,46.448624508540924
345.71243189644747,47.87094867801497,15.734872410755074,46.59023358744735
342.2903755013694,47.77351699389748,15.936502007272782,46.785096955682334
342.21390512434107,47.74139589003458,16.08944276132947,46.84933916340814
342.14015825298145,47.807307754689006,16.236936504048654,46.71751543409929
341.1485834671583,47.47683468764836,16.300334661436363,46.41858586105126
340.58269579938036,47.61298887795908,16.4753387600752,46.14627748042982
340.4448499478336,47.823057064943384,16.751030463168668,45.72614110646123
339.86425066031336,47.94623665477254,16.957177501251756,45.479781926802914
338.81115621406076,47.94552115143423,17.152873454855886,45.48121293347954
338.26291550126615,47.96550157623569,17.290568906509442,45.44125208387662
338.235071441392,47.72817494755692,17.346257026257746,45.91590534123415
337.6274763965464,47.181975885205624,17.592968454239674,46.039824804227564
337.0620757309294,47.02577001619672,17.74908925232789,46.35223654224538
336.5142056832437,47.30170523040914,17.862876066479163,46.782319395040616
335.860404344116,47.15699697334109,18.180327171486994,47.071735909176724
335.22511273053027,47.13451267862997,18.45092415460235,47.11670449859896
334.9739390198536,47.128691876545446,18.953271575955736,47.128346102768
334.838437897429,46.56325580324402,19.224273820804925,47.24461572918202
333.81894372727373,46.522317247151896,19.22107006451343,47.32649284136626
333.31150884706483,46.52853832601182,19.213723608824587,47.314050683646414
333.4323975026089,46.49388516476378,18.971946297736444,47.3833570061425
333.55129302030934,46.01454110886731,18.734155262335573,47.32344694133134
333.1074362768232,45.944785808743845,18.608371525540747,47.46295754157828
332.75392670373935,46.03133701374752,18.30213859324873,47.28985513157094
332.0174182147144,46.18487254959874,17.764570232801248,46.9827840598685
332.14747702685725,46.04700881245223,17.50445260851547,46.267255601147156
331.3030666328482,45.92083055956314,17.240579721317086,45.5432652693171
329.602651743099,45.549374594326046,16.796412642412132,45.324927985190456
329.7011982803948,45.56845389845883,16.59931956782051,45.286769376924894
328.94649335604345,45.35702867578874,16.216646501426432,45.70961982226506
328.6111720288538,45.06134490953726,15.94213440759502,46.300987354768026
327.76750377198994,44.86908175002121,15.732291275081703,46.68551367380013
327.28519070008576,44.661261792872,15.746684730267107,47.10115358809855
325.5084600661773,43.79268496716665,15.474551935024515,47.88190872374435
325.49699873654447,43.14754043560452,15.497474594290114,48.209705490519994
325.3963858444957,43.506389516385624,15.698700378387667,48.459565166197656
324.89733242602614,43.42043938061016,15.722016047875918,48.631465437748574
323.02230964061596,43.39844637787381,15.561440780724231,48.67545144322127
322.9853398140372,43.99045429503623,15.635380433881657,48.46676586838723
322.5424935303182,44.039750904817794,15.547341473666673,48.3681726488241
319.2260393881046,44.216464789207386,15.385220119312322,48.014744880044915
319.20559235940914,44.85201281706429,15.426114176703251,47.7063833133852
317.9269351481554,45.43152816212766,15.106080406989275,47.50646868733227
317.15254067000427,45.57899933552468,14.75405668413657,47.21152634053824
315.0451874686811,45.65681739380097,14.270001952857871,47.05589022398566
314.28297296886865,45.26299116682003,13.937202358160434,46.9149283807864
313.0656458953966,45.39040430020944,13.610479759656197,46.66010211400757
313.1001390935143,45.98983419458018,13.541493363420718,46.37203936430245
309.55216902116996,45.38136774417904,13.393803479428236,46.68351851151961
309.07735898402973,45.338802428273326,13.436330017735735,46.768649143331025
308.2186452837931,45.315461132031004,13.335587449109013,46.815331735815676
305.5465367906241,44.56781145681968,13.232618362069998,47.40276674067548
305.49309194322126,45.035901927733846,13.339508056875616,47.38079372014016
302.7595420032274,44.426999350774594,13.311228403241113,47.682702285121614
302.7347051646661,44.82459413503323,13.360902080363799,47.80712816394016
302.1653726228889,45.39898714196069,13.577272683924559,47.58063663007881
301.26338331877014,45.59460295024734,13.534956892788717,47.18940501350549
298.1134408886266,45.76482593994215,13.416899206027702,46.84895903411588
298.1297499315144,45.98552715785527,13.384281120251991,46.40755659828964
295.03509493732645,45.83718858365281,13.252388499785635,45.80120480257422
295.0729834377721,46.10670132888723,13.176611498894276,45.262179312105374
292.5281299643719,45.534684541294396,12.968172110281166,45.523188498055475
292.53227181599664,45.27440683781404,12.959888407031723,46.04374390501619
291.26783119896396,44.82815441381804,12.818796292127123,46.93624875300819
290.40919556641524,44.40140086593631,12.73626751493665,47.78975584877165
290.3126459962181,44.13409551570819,12.929366655330881,48.32436654922789
287.0639503179978,43.3764947406282,12.976455094681073,48.91809625408923
286.47332893893486,43.112076199156675,13.227006954572301,49.44693333703227
283.93714905216063,43.02727849555556,13.585233780256875,49.616528744234515
282.8616081629385,42.57380647709708,13.832447624922658,49.571538814262254
281.3342687200471,42.47503115331219,14.019335780861976,49.76908946183203
280.2872905423055,42.54867627306861,14.188887224832293,49.62179922231919
277.81474387265973,43.241570212825316,14.31751524461049,49.199304406708464
277.74505266723077,44.016106252946486,14.456897655468453,48.60996860460154
276.6821239910233,43.84722031715967,14.67472576113084,47.99372585279887
273.2957866948435,43.62661930946972,14.801973434355236,47.485581165445154
273.2222006767327,43.884397129826766,14.949145470576761,46.97002552473105
272.8092948948936,44.63079967203876,14.835031853194792,46.41714562136741
270.1038656383991,45.022116269209135,14.66590121966054,45.634512427026664
270.01133507043613,44.959408019807114,14.850962355586491,44.84412353010822
269.04893853063146,45.45717932709356,14.959776977911892,43.84858091553532
268.0569638791234,45.92126416866667,15.152056369059718,42.920411232389114
265.238210275387,45.97910754753754,15.47283739919122,41.918603445090525
265.1206660522246,45.81398223279933,15.707925845516092,41.37122503754563
261.7290003462891,45.237693395291934,15.499007391497562,41.64977147932423
261.9739223764594,44.44829595979063,15.009163331156941,42.35430711729769
259.0225311685011,44.80287088873145,14.783684907821407,42.520623093594935
259.2490858823281,44.28005837203878,14.330575480167493,43.56624812698027
258.78373998968755,44.30348530854888,14.380930291028726,43.51939425396007
257.7354583950012,43.697262386489186,13.835712585857596,44.731840098079466
254.86178735695933,43.53833002676624,13.368812323357458,45.937453723037336
254.96520459897056,43.63363547396909,13.161977839335005,46.642959681817395
253.6748944407232,43.41826201280223,13.036004516444041,47.07370660415111
251.91695110669775,43.16425680165847,12.92828435921695,47.58171702643864
251.58437271600118,42.44917689829572,12.682418679105409,48.100854371659494
251.25736237352442,41.662951180200714,12.422751355488359,48.75961779927893
250.7871305418352,41.57875199635639,12.445193633179402,48.92801616696757
248.42931910888404,41.06846791793748,12.556792443336397,49.0277795126563
248.25139749154295,40.68177527599191,12.912635678018603,48.87685182472425
246.69513699221224,40.438114571332946,13.23842458153167,48.4352625356594
246.06655392022085,40.97509298510489,13.566758534798662,48.29013789883125
243.59659786781341,40.48661985307915,13.841984106230214,48.33414685620605
242.90512189247605,40.50959967317627,14.286242949584215,48.28818721601181
240.02772316639874,40.40375335256974,14.36318884701185,48.49987985722486
240.0163170548847,40.17338335677028,14.386001070039907,48.96061984882378
238.5605895416331,40.540315239157565,14.424522476251529,49.184400624146406
238.50321437514373,40.693869893350545,14.539272809230278,48.877291315760445
237.55105517139953,40.782898077040905,14.524962536695897,48.699234948379726
237.11774340579774,40.823638480052054,14.435049582645892,48.61775414235743
233.91793561621355,40.63527009261653,14.158630945338231,48.994490917228475
234.088513083093,40.43011991420269,13.817476011579352,49.40479127405616
233.26340216138627,40.3768208165602,13.561088267719521,49.51138946934113
229.9281362008753,41.59088252098176,13.581593558018767,48.98327366927593
229.83572157058043,41.18578632375009,13.766422818608463,48.850501989090375
228.41133734229538,41.30090228860965,13.781534642212875,48.620270059371244
225.05435681279346,40.848508090274066,13.904337125836634,48.58346437384526
224.94681314346667,40.60899068137591,14.119424464490223,48.11913274455249
224.4292015645352,40.327639735872836,14.21382116715374,47.74100818035916
222.01931494360818,40.04054268472544,14.347367759797846,47.37795695281197
221.9824652361901,40.153705236524786,14.42106717463398,47.151631849213274
221.51790436044956,40.090514238367035,14.417428730008261,47.27801384552878
218.19268146894427,39.95577669853016,14.52652459194574,47.547488925202536
218.04562722476044,40.35155802160221,14.820633080313414,47.69622880587046
217.9329887390387,40.66270455203896,15.045910051756904,48.02177089651582
215.0428742363485,40.59370683696103,15.086585235519387,48.15976632667167
215.03494197944917,40.395476566030894,15.102449749318067,48.556226868531944
214.16700816097585,40.29458320646506,14.907928642137641,48.75801358766361
213.7234608896657,40.30700873921644,14.830567405603613,48.73316252216085
212.44689197217662,40.142833527369305,14.495681803863127,49.06151294585513
211.22688288420488,39.89355467034568,14.052387078114604,49.56007065990237
210.4096208560805,39.69944667855751,13.767155459280094,49.94828664347872
209.12163092106408,39.62496756202513,13.463117889006439,50.097244876543485
207.84905564743227,39.19487819948526,13.139084603523614,50.00102899070774
206.5042201737179,38.90742178236056,12.981914673970957,49.62699486596335
205.5707535114191,39.16636958264568,12.96737108790395,49.10909926539311
203.25228952198347,38.40434173208136,12.938299573940204,48.766755169387736
202.71184499599232,38.64519177159212,13.091339601260522,48.28505509036623
199.94857073511125,38.39124427948674,13.07411280329766,47.86898752128949
199.9087616352622,38.45681723513229,13.153731002995773,47.73784160999839
198.90430871588097,38.43721947061152,13.327750673117421,47.77703713903993
196.0149008764757,38.439498992168794,13.579058567895888,47.77247809592538
195.90917940848757,38.47639311002517,13.790501503872187,47.69868986021262
195.33170541928627,38.57874758186502,14.016666579616386,47.49398091653293
193.00382477395925,38.61772062538414,14.021917909340718,47.41603482949469
192.0549298707746,38.61636252269146,14.061507560562571,47.41875103488005
191.52006332848615,39.2890274662993,14.201367510124651,47.0032942826792
189.24722350619905,39.414640836103665,14.114040277611313,46.75206754307048
188.80330779969776,39.13904774518045,14.080434334850917,46.38181636915393
185.5187610176565,39.29343578449499,14.240421317688073,46.07304029052485
185.45057800592005,39.359002591122575,14.376787341160943,45.941906677269685
184.50462660429065,39.34787830140824,14.439010994078696,45.96415525669836
183.99007092325746,39.3411522746033,14.551821788634726,45.97760731030823
183.06741830261817,38.62695187307782,14.559992103788156,46.48744065029659
181.2036386422639,38.32229321133698,14.583819947974701,47.09675797377828
181.11534698960853,37.5595685524244,14.76040325328548,47.687217318443544
180.96760461562366,37.42984801410689,15.055888001255227,47.94665839507857
177.88896550518055,36.805174500228375,15.478886153817193,48.24029207811489
177.6553406798853,36.69823114237573,15.946135804407671,48.45417879382018
177.02372314294288,36.50521103581833,16.23012258365607,48.84021900693499
176.94654107945382,36.87074188579249,16.384486710634203,49.099078002734686
176.8877752817328,37.211960757592124,16.502018306076245,49.41305654083684
174.5157733874759,37.12152917549953,16.23091615571894,49.59391970502201
174.57446507336172,37.089146180804725,16.11353278394726,49.65868569441163
174.55057971507355,36.542301275434355,16.161303500523594,49.75297972170905
174.58316963878053,36.53628611848593,16.09612365310967,49.765010035605904
174.6407863324861,36.005202912117994,15.980890265698545,49.826592943432125
172.80516227838112,35.85537271891591,15.654774608985722,50.1262533298363
172.64721039335507,35.75309997418088,15.970678379037864,50.33079881930637
172.45048116107608,35.603776875897914,16.36413684359581,50.62944501587229
172.31341629060694,35.57130640355414,16.638266584534122,50.69438596055984
171.76828815130088,35.153540010555346,16.704826357996083,50.50622224140728
171.20915701045865,34.66656559599813,16.8008436262392,50.457926057080414
171.02672154908808,34.63211152574051,17.165714548980336,50.52683419759564
170.38463031586093,34.61118801841509,17.418944548915647,50.56868121224649
169.7816330376597,34.57586165100403,17.588780835080325,50.639333947068614
169.70123880758305,34.48132365355948,17.749569295233655,50.828409941957716
169.1221738788974,33.77403405488565,17.861836127857003,51.197126114557406
168.56789085155816,33.72852193256612,17.917251779489533,51.288150359196464
168.49901582276388,33.68729666823182,18.055001837078052,51.370600887865066
168.00820494534972,33.593321350640466,17.977497153293267,51.55855152304777
167.99937278563024,33.54139470201345,17.99516147273219,51.6624048203018
167.61008222497318,33.48744114818039,17.711547917868153,51.770311927967924
167.68218497872476,33.38519517609983,17.567342410364986,51.97480387212904
167.25879383899846,33.277951999015286,17.355274004105073,52.18929022629813
166.8844955942159,32.608410839289505,17.045845610279365,52.47034766235883
166.97347947442015,31.849486883457317,16.867877849870855,52.93184811576961
167.13805826123786,31.50306410699737,16.53872027623541,53.6246936686895
