228.5,61.5,32.0,37.0
226.0078577060274,61.573175942054604,32.73310642633559,35.85364811589079
225.6074102888448,61.955410902627314,33.53400126070083,35.08917819474537
225.39017769059203,62.30028360583907,33.968466457206354,34.39943278832186
225.20898920362762,62.47565725157867,34.330843431135165,34.04868549684267
225.15263277428903,62.525120377892314,34.44355628981235,33.94975924421537
225.08540737227145,62.55141148551132,34.57800709384753,33.89717702897736
224.7714503946706,62.62537584355258,35.2059210490492,33.749248312894835
223.57877508277238,62.62407343427631,35.42392034389536,33.75185313144737
223.3602811143986,62.73364833492252,35.86090828064294,33.53270333015496
223.40430568293095,62.74453824205793,35.77285914357824,33.51092351588414
222.9522468857701,62.92756721969355,35.588221380637854,33.1448655606129
222.8575123236864,63.28062448771904,35.77769050480527,32.43875102456192
222.79687741730066,63.577378006275495,35.89896031757673,31.84524398744901
222.78545799171582,64.28229339803703,35.92179916874643,31.49963882958779
222.69341125559723,64.37903514511578,36.105892640983576,31.306155335430283
222.7131709171169,64.40904967993103,36.06637331794423,31.246126265799788
222.28443430836492,64.37863655438069,35.866608315461214,31.306952516900456
221.89375236568614,64.89756604090796,35.59284720851572,31.324218536149036
220.9664002639329,65.55784567065325,35.34521699313986,31.054826486099607
217.66758179016222,65.93819826038148,34.64163211352778,31.337152996236526
216.7299109786483,66.33985554486918,34.4437108974807,31.57046984679861
213.90621871307593,66.57665018020712,33.86749034747772,32.13414808964734
212.06373671408153,67.0843091483517,33.40354515760315,32.15605745032403
209.5968353317311,68.5404950257849,33.18573294649554,32.33465468094267
209.64973516000356,68.98384586221425,33.07993328995063,32.47768469597587
208.64750191657322,70.44636149171941,33.02374435045804,32.64363657649547
207.18473747696532,70.91229754794765,32.853095091690136,32.74382384336691
206.66663890449695,71.36186002234169,32.858336294916604,32.87565483628907
206.1523227417602,71.85174563345544,32.85385802861933,32.92899420583242
205.67816498330615,72.34162316263411,32.76829518677059,32.98311750623191
204.29297229384952,73.2924578817491,32.438531496774075,33.148214113941734
204.26677424572614,73.30538573060575,32.49092759302084,33.12235841622842
203.11926000775628,73.90997478720395,32.72355297172729,32.94438185164867
203.09435607991014,74.57849789538847,32.77336082741951,32.639406594994675
203.03603244365547,75.71897155147485,32.89000809992889,32.41458235461422
202.94775620425278,75.8317477434338,33.06656057873423,32.18902997069633
201.96114231584522,76.35533383198893,32.98865130637791,32.16742631817179
201.47651150767734,76.26745990405142,32.93390553646111,32.34317417404682
198.97863853179453,76.67267463261538,32.80005652969987,32.55866370862428
198.91466634808134,76.66905853193887,32.92800089712627,32.56589590997729
197.73790709348134,76.66670034928204,33.2228530044638,32.570612275290955
194.48578990255803,76.63813192916821,33.522891939440974,32.62774911551862
193.89626002251225,76.43682075677026,33.66231669795833,33.03037146031453
190.81091996834823,76.80317249226023,33.543999693246555,33.34583417484121
190.15341956801356,76.45146502395119,33.80772520779849,34.049249111459304
187.07057091560299,76.50383418278116,33.57457343879962,35.010985639436
186.97821896832266,76.26116859742724,33.759277333360245,35.49631681014384
185.96653669057835,76.1763609836421,33.605897767116915,35.66593203771413
184.5923772004696,76.99182201460953,34.17703209837596,35.12360230025852
183.26129400395274,77.36390126717659,34.66091774388033,34.37944379512438
182.58136941427472,78.36206202453246,34.93569389829164,33.46819530535734
181.51540113701128,79.21929659677902,34.91761035632706,32.82873620910993
180.8452896523557,79.78580518454017,34.12861171058487,32.76032984111432
178.41139834286426,79.85463122673065,33.74035827727846,32.622677756733374
177.90682926097975,79.94753160632521,33.70653656357142,32.436876997544246
176.49722715752492,80.35629226770915,33.407249081630994,32.65885290439306
176.06642976041474,80.74060717794441,33.23053036527344,32.92853659450047
175.2074305350481,81.15279569708625,32.86895161386872,33.143948157285784
174.80975199408545,81.57076413047201,32.62681687710253,33.34550310920575
173.89853395732084,81.4440750010445,32.37557122688607,33.59888136806079
172.46779462970295,81.86089064377792,32.12651464156144,33.802095162780745
172.04866630905246,82.35277186449,31.928685950964827,33.854418053254136
170.58297263491923,82.31876164070862,31.758759445593284,33.922438500816895
170.09720609890024,82.40531198130354,31.698152241078038,33.749337819627044
169.0340720562942,83.00644866156203,31.767458350822928,33.57554544684365
167.53567765901036,83.14532736461412,31.683646307194092,33.29778804073947
165.6038720717895,83.31365730391911,31.46244177632866,32.9611281621295
165.25107197431797,83.5208582592984,31.155595421325348,32.54672625137091
163.3570536058878,83.50950965785228,30.939152670482947,32.56942345426317
160.83715748827075,83.6092328607794,30.9886837149285,32.369977048408906
160.96940337901648,83.71301477374243,30.724191933437012,32.16241322248285
159.14872713777683,84.33207688294287,30.41236570457746,31.91258368191669
158.71344992179527,84.97515954235396,30.303459092027303,31.605879407607738
157.26884077220348,85.01958058661617,30.27383859286205,31.517037319083336
155.33387298042487,85.20262679377156,30.259417561941227,31.150944904772558
154.41008817279706,85.20838133086058,30.176721960495446,31.139435830594515
152.0029506459958,85.26016805645044,30.172758255411313,31.0358623794148
148.48907198036736,85.37330965991863,30.466771445546208,30.809579172478415
144.92043088515157,85.57759447234805,30.86271656578898,30.401009547619555
144.99322112267492,86.22008044614522,30.717136090742272,30.078884258887626
143.13464190295178,86.36229078498272,30.612336164285455,29.79446358121262
143.3961633789255,86.79214664113222,30.089293212338028,29.884115635320477
141.06610396745847,86.84542198590827,30.036547932016518,29.777564945768376
138.25257970008025,86.97961673781032,30.023185990900267,29.509175441964295
138.3007514429846,86.27677632567156,29.92684250509161,29.979222552210388
137.35507756327664,86.21265854687243,29.935158856924097,30.10745810980866
134.58297774136818,86.61730127010259,29.817392849891366,30.24183360515662
133.51099116378953,87.06928897709315,30.07353191663057,30.281775235384533
129.9572984487855,87.7569731466987,30.540893003075823,29.854981802396708
126.92542103368729,87.78747577688546,30.909456586029204,29.79397654202318
122.8706231559299,88.38906303187872,31.386994536275772,29.5448092576952
118.99781179012408,87.72535895513339,31.472401348868686,29.91469042130851
118.11318872916307,86.80013183914014,31.31221860219612,30.80043021899771
117.56732836192812,86.85610697108868,31.427752008424328,30.688479955100647
116.61647877283804,87.48403914332566,31.3769819744353,30.408850216711272
116.7425360765492,87.97379817764786,31.12486736701297,30.40036144683322
120.08175631930342,88.10220476406813,31.215053154190585,30.14354827399267
120.49726972287282,88.54440409051006,31.34833407197757,30.22345734603461
123.5210370021158,88.79109291634487,32.07438245066085,29.730079694365006
124.82829070929253,91.17972007578271,32.37340486618801,29.808708425290376
126.68481552812239,91.03460923775508,32.56867009869388,30.098930101345644
129.31295734677408,91.00068956602559,33.220739799088776,30.166769444804622
130.10637921742543,91.10652146882924,33.62577959748368,29.955105639197313
133.74584822854177,91.15814326067567,33.33881364979753,29.851862055504462
137.27429228265058,91.1789183607069,33.231237789426736,29.810311855441988
140.94813765790613,91.05508796874489,32.81654671406086,30.057972639366042
144.54093219735933,90.9940163207133,32.5464736275471,30.1801159354292
148.23512708183878,90.97225363223315,32.05776384703428,30.2236413123895
151.542542695984,89.07357868048419,32.29412219008357,30.10602574655043
154.3594278030671,89.09261995542357,32.54372868371996,30.067943196671685
157.8408713611249,88.6819255912391,32.46775967044151,30.889331925040636
161.67137374183184,87.48277858550712,32.77216617322,31.296273120456476
165.54408017901912,86.98431595066442,33.08168796171234,31.28633155728349
170.53780406607544,86.96987140416053,33.209675007589496,31.315220650291288
174.45759608118897,86.88213673919503,33.48207572022303,31.49068998022228
178.43883242843685,86.64878025451996,33.6878140550845,31.95740294957242
182.51873024666142,86.30634798203856,33.781021653929585,32.642267494535226
186.75561906050018,85.30542326793304,33.65848778043551,33.600211453473335
189.80632591150487,84.88334532426018,33.89951585900238,34.44436734081904
193.46318430050158,83.74115622885154,34.104642540735384,35.65462503738969
196.95300408052302,83.16969154744712,34.79914546528803,36.79755440019852
201.30715736387833,82.18275512176456,35.091975238242455,37.64628520910553
204.46445968349695,80.8838504290467,34.492453142155426,37.95806157728118
206.65273323991835,80.796585246376,34.669282242174134,38.1325919426226
210.25028070945325,80.3361304658001,35.48126482301781,37.90963328664388
210.74924889119853,79.65875135032756,35.636620612583094,38.111099364533096
213.49822054730703,79.26850966331442,35.93315168152265,37.73268786232808
213.95265153379776,78.93004738062984,36.18197477437236,37.25192736186606
215.17132567799956,78.38170852269702,36.05281803595415,37.19450930273899
217.08072358553937,78.35213061785532,35.68749956473848,37.25366511242241
219.59039083977828,78.35620419993751,35.253429326281584,37.24551794825803
220.46082782975705,77.78667425872649,34.65187964782897,37.24525352917514
224.6076875286762,77.32231732319116,34.266685448841756,37.04417808612423
225.2594521953548,76.37928937568094,34.083702427610504,36.689141356892726
228.3883805435156,76.53124316569011,34.49853392985926,36.38523377687439
230.01977386053403,76.21521651143125,34.577591866076574,35.90333889530737
231.17538368515315,75.9813375965756,34.48170593083175,35.26342986802197
232.32216203113222,75.61500552590584,34.38041847036565,34.89995939361545
235.34869413322792,73.61898112425101,33.77155340940061,35.62548871098933
239.75695540247747,73.07725887295553,33.67969788049851,35.61834983738066
243.07810684679234,72.37938246309808,33.57150444157442,35.925084415477954
245.76036750740326,72.04125045129457,33.66742498379827,36.60134843908498
247.51582090893174,71.83043573492755,33.46893823000585,37.022977871819016
251.6644406449477,71.12379662599051,32.924445190290335,37.32872088507648
253.46110016234496,67.43019762884119,32.641901031937564,38.094369126491614
257.1031590505883,67.491389474111,33.13408182717352,37.971985435951986
259.9578758357044,67.61442640023114,33.00910618005289,37.7259115837117
261.08537954457034,67.83709123116962,32.97627645511734,37.28058192183473
262.6605364389133,68.20369904103377,33.13698508047076,36.54736630210644
263.55319150464953,65.19535979629295,33.54140958024114,35.99484089785949
264.3554994750163,63.49832166756671,34.12219001636002,36.11082259003341
265.6752617329206,59.69452314278207,34.793791185205315,35.99245970874357
265.6746842391564,58.76002576579571,34.794946172733745,35.636505296262456
266.6599955274481,54.969040650762324,35.03816073320205,35.470045546648635
267.2788542014557,54.4416931771154,34.90858288951965,35.416600989609655
268.7702959297796,53.244879955667365,34.13622144421604,35.59970542116146
269.7885262075757,51.453261586759545,33.19570747306699,35.89510240564745
271.42799550777517,51.23637893566868,32.088089103252784,36.32886770782918
272.8922964968598,50.72452338847458,31.309004964017632,36.277819882750315
273.00918133225736,48.217752226217414,31.075235293222427,35.983812419777706
274.72627712407916,47.23739004688943,30.800724606598948,35.83808284708695
277.7618523062982,43.637638170925214,31.00905323719005,35.711527771481315
277.2215663073456,43.430873066819785,31.041662794085994,35.07709553868301
277.2974578893529,41.666210107093725,30.889879630071377,34.45173389694888
277.34423574321966,40.63264481146996,30.79632392233794,34.46574300861587
277.4592070482027,39.12023288939779,30.566381312371856,34.414707178761745
276.8565280716172,38.38558214775495,30.750911318667203,33.84235276829638
276.8747663405894,38.13435976121263,30.7144347807229,33.329907096724085
275.97648760760063,35.69140351981141,30.498303315865137,33.18409725243825
275.3411318957429,35.877954958709886,30.76837148449394,32.8109943746413
274.68140953499284,36.09378676811952,31.08869829727817,32.379330755822025
274.7253522536344,36.815427251346804,31.00081285999495,31.93349554815825
273.82470239714297,37.88103436151471,30.823948525189934,31.78044537561035
273.9736059792895,37.89342458092962,30.526141360896837,31.755664936780516
274.21519806251126,37.92212404891637,30.042957194453365,31.698266000807013
274.1978100817876,38.73839557965188,30.07773315590071,31.035993521039675
274.26660865635904,39.00481533844881,29.9401360067578,30.503154003445815
274.8160219019548,40.120693815757036,29.79125828032057,30.171294578337886
274.87634952537826,40.705068209235705,29.670603033473597,29.944944627130155
274.3502133368571,40.68819950899071,29.78592803352248,29.97868202762015
274.37415191027856,42.67858314165653,29.738050886679627,29.755080304083375
274.6568150576654,42.682747306622915,30.107750486675087,29.746751974150612
274.60542001544303,44.08048026440677,30.21054057111983,29.77338940110488
275.4764535348406,45.18967677451143,29.411206809156837,30.383196211391905
275.15316371974853,45.2186607911255,29.11805675116768,30.325228178163762
275.35213891699436,46.14757771088871,28.720106356676055,30.33578261395632
275.33388707294677,46.848900690992195,28.756610044771236,29.861203434295472
274.77053145100183,47.52176124874125,28.96209340343694,29.436710204021622
275.0329908363749,48.3118940957538,29.354993890498086,28.77426376780386
275.3903478281395,48.55077422496469,29.55385900106092,28.296503509382074
275.4071963457842,49.289206672258004,29.520161965771536,27.728791982050062
275.85431292445315,49.93595155793244,29.52557345213105,27.334946854398694
275.9905639748759,49.88351150871468,29.253071351285648,27.439826952834213
276.09585977354385,50.41717499763005,29.042479753949703,27.263401522208042
276.38754333077236,51.42727951213591,28.45911263949271,27.01283748132432
276.736948428165,52.35370438079539,27.760302444707378,26.903492724428727
277.4715399437168,54.07058230946909,27.150218397317904,26.906132801937368
277.80243929675424,54.4938629596621,26.488419691242903,26.909147886635356
278.54190439729825,55.63181714185839,25.848707714365755,27.1508941948753
278.8112473029522,55.925765864672854,25.31002190305791,27.395903760914884
279.4286637644701,57.48039924961706,24.90338068551126,27.59940381298325
279.5824693902639,57.964889604918014,24.59576943392374,27.455311862198045
280.59145272953134,58.78399305927189,24.21330823993108,27.452610438032586
280.3646095731906,58.761069095420304,23.855386003966185,27.49845836573577
280.52963603259,59.55060117977099,23.525333085167322,27.5325833780218
279.03420893294447,61.54613218546345,23.308855424610258,27.550686191447177
279.15288502895226,61.48310347188968,23.071503232594647,27.676743618594717
279.2445379593767,62.297747416181,22.888197371745683,27.64097950158257
278.91927199284817,63.19486649401672,22.74546797431071,27.43326400689532
278.5528734090798,64.91018604903805,22.690493616727537,27.153710997332496
278.5724381429127,65.83914665617468,22.651364149061656,26.8609688207914
278.1655497759953,67.2425256244561,22.687684819602374,26.386579074110628
278.5141446727425,67.41080030761503,22.761222321986992,26.050029707792774
278.03246216799135,69.54760530490348,22.9578807657696,25.6099525418146
273.8822213285601,69.86179071320366,22.865006330603606,25.744614099216857
273.91628120115735,70.50666443833708,22.796886585409034,25.982143198488302
272.05740926552903,71.20019485042013,22.68349556658449,26.127536330354665
271.9874092373147,71.54080813822952,22.823495623013176,26.212970598587354
272.25194631607627,71.859161725011,23.06464256927697,26.346484528811406
272.57203900937714,71.39681503254981,23.200598845038318,26.495036251370628
271.40905685117406,71.75932159184939,23.184726212043252,26.550635449238577
270.9981452442248,71.26961650045013,23.22533129047855,26.74882749657374
270.78276894867156,72.27882267239451,22.871153410525057,27.085206565864727
270.5502173853112,73.75228969009966,22.551817105450574,27.27603025763503
270.8697329087029,72.9938582021001,22.695023216806472,27.228418917355675
270.28231982094354,72.70732836741479,23.086038251557767,27.01766744595891
270.5496993360743,72.36256163315542,23.338127123299117,26.92035301247466
270.53106949017206,72.29201796283759,23.375386815103603,27.061440353110328
270.07314419219955,71.86904647567995,23.499076758642754,27.115222675019766
269.6263921345445,72.24936832897828,23.597609200935505,27.149550641440456
268.8862875593605,72.12748657498953,23.48366032525886,27.393314149417925
267.79545693648373,71.59376637729393,23.268270711773102,27.661737591729366
259.59717367163614,71.64954383217844,23.670929850195595,27.55018268196036
257.3460197229424,72.5090029580341,24.151044137531407,27.440141874269713
254.2541533133459,72.29864644497898,24.66182999634863,27.050433906040578
252.3289641524165,74.88266121275157,24.449608428368883,27.570044216269327
251.86738066019154,74.38622335367951,24.555575988257118,27.745720509851868
243.44072920218537,74.8854920282817,24.155041982793247,28.390405724597628
238.0019118144209,76.05579090889341,23.480454277871843,29.35044295778859
238.75799873705742,74.81413514346035,22.797311654690397,30.175692044471486
241.734593923623,74.01593121821377,22.657778955910757,30.111054845149926
236.10927356283153,74.637147368037,22.326721092508684,30.52315091478704
233.37309564443342,75.29727145541202,22.002336598067615,30.85911426324768
235.49727506729434,75.25845977721937,21.893311362784573,30.936737619632954
232.9757520261902,75.15077801860114,21.97287993283598,31.152101136869412
230.69156773283893,75.77319298308396,21.550410174460733,31.57088398959637
231.92947051077073,75.70819035371656,21.56804266692589,31.700889248331166
232.71420089321148,76.13043725146548,21.665366975379506,31.689787989500918
248.57486796427034,77.46796497230432,21.667763253553105,31.519237581004163
248.19897196037275,77.11550389345044,21.587246832970028,31.391851310333678
248.20636401673505,76.80924238563378,21.572462720245433,31.17531317495464
246.21995190006032,76.79066859345411,21.41750289316336,31.21246075931395
245.84466273917454,77.99727243357535,21.344524029021805,31.269924636810863
243.38931791385062,77.17406417795762,21.315921197182448,31.269910320550586
243.13277562470017,77.9082310992545,21.00626356104366,31.447060906836107
240.29936179504563,77.90464561967713,20.931165653003465,31.45423186599082
240.17882661642165,78.88914448735514,21.172236010251403,31.12350789478431
239.6768123702915,78.64249012578078,21.358100167361048,30.798652282782342
237.9524703853427,79.02839891245563,21.541400042055567,30.8431807332334
237.82214057012493,79.94120312169801,21.802059672491097,30.657651860902483
237.7921422431238,79.92515265682319,21.862056326493388,30.689752790652125
237.35637340519136,80.26572266824175,21.910591742148156,30.83161502802512
237.32406243458937,79.82273945366694,21.975213683352163,30.891638358835323
236.49315406090585,80.49090651915,21.981205997109228,31.211128661479172
236.86574119119405,80.01622605572294,22.06886593451627,31.327655390349847
237.78540173715044,78.71307049975803,21.90161617054738,31.425859510363882
238.15080718389947,79.04719039448466,22.005566516459666,31.592380960320995
237.62161103334597,79.70257906294214,22.224973848520232,31.95957356149905
238.1035320834626,79.87422141934965,22.109268510305043,32.46442561070202
238.4796727476944,79.80617571625298,22.210812211787598,32.60051701689537
238.40571576308287,79.77884791070704,22.358726181010645,32.655172627987255
240.133407532377,78.84301206447778,22.346616277174384,32.805207503069774
240.44657092902082,79.7890647665327,22.583164268412983,32.638851668012414
240.66408957757193,79.78041219676898,23.01240645044198,32.656156807539865
240.44513339896108,80.22317365484474,23.450318807663656,32.64224936476698
241.26270957593678,80.1065073301582,23.572375923437278,32.87558201414006
241.7588573120784,76.81994039426262,23.464217324220797,33.25975777446416
242.54026759125858,74.93321598043792,23.677719887494593,33.48056035884509
241.23196229958674,76.5940959474504,24.504314727332996,33.738831911830786
239.8051098113548,76.90342401050428,25.533043783242285,34.03266374600032
238.75114899104187,77.53663774457223,26.70719419572437,34.63377873415199
240.81122976290274,76.07863093341037,27.39725815211924,35.62570215642908
238.21098034707057,72.42532381785179,27.65585067656952,36.01364755744652
237.6485714682317,79.6637505930698,27.782170857646953,36.51425765601469
236.70799786702491,79.62171512421928,28.655142810060713,35.59015334371594
235.83222867694096,83.27540336687433,29.39844538377684,34.33219169711677
236.05136669556236,82.66988578245278,29.96104050400126,33.54148455102537
235.8698892219349,82.78837130855192,30.323995451256195,33.30451349882711
235.80374202400796,82.13982668941006,30.45628984711012,33.60185844281528
235.92159997872065,81.47440473824084,30.220573937684698,33.926234903887696
236.3366791053431,81.62050850883057,30.39815894744862,33.63402736270822
260.0230572957598,58.67606381655112,30.30935443812433,33.24500640493912
261.67231308235404,58.52079064041062,30.00660345008427,32.55696589550395
261.9328700289241,55.244940010115236,29.485489556944156,32.227124868148294
261.82204936230613,55.0032399995405,28.73746267189891,31.740856671016537
261.90560808666993,54.96040126442904,28.57034522317128,30.876318729754217
263.0182976191139,54.18509061320462,28.21320445400459,30.55870173648185
263.2446413481981,53.324268655564566,27.760516995836145,30.433333459484423
265.27809256138755,53.433899793378956,27.351068731012333,30.214071183855644
265.5439573978893,52.9530743569962,26.819339058008865,30.271278398873367
265.24568063970554,54.82042228081305,26.519037643864042,30.124002273288852
264.80342580044083,55.284389196412356,26.513767637996164,30.085848126487562
264.2411913560265,57.20630354425239,26.7491314381908,29.798439785343454
263.6018118795613,57.790931757432276,27.13948287902739,29.517590871077566
261.9817043541932,57.916704837394434,27.708929931579547,29.266044711153263
261.5636815638622,58.49151673707753,28.544975512241585,29.011786176803334
259.00378029381983,58.57674792443047,29.14185096883692,28.84132380209745
258.473837054872,60.54772803381033,29.29044589828232,28.544529777139015
259.0130369894706,59.895262272182904,29.120992497775433,28.940514831703496
262.3644396219691,57.228023545855265,28.805859647731484,29.71236913082086
262.036212108771,57.04812727320576,28.542638557159144,30.072161676119872
262.5703039299845,56.951967723151235,28.395597771521206,30.264480776228925
262.0586296451804,55.64558573403409,28.49713058866208,31.033613249528724
260.4425212899242,56.4582340755461,28.923135750537433,32.21452811514191
257.41578373167624,57.456277503865344,29.213474729575957,33.10000932723209
256.7610628258518,57.81532119751601,29.544042710937017,33.36079577021861
255.11030242725832,59.36054369906024,29.880995804782316,33.23491847047184
253.4432648593447,60.31313820497529,30.240235233905185,33.31295326311127
249.87682734360806,61.275693413348705,30.383310212258355,33.384928575827324
246.2128751999593,64.18307832227805,30.697655068994948,33.58178112702086
242.17080611799233,65.06047680660252,30.701835181353246,33.84697367126583
240.41280082175325,66.45105366395727,31.175301798690185,34.10836393169763
239.17112596646064,67.14645989824379,31.607105328670663,34.769097643729324
235.7622209136101,68.3712584286593,32.167474663253195,35.44822096845759
234.76658461049357,69.15849440560382,33.0963768207686,35.99848991200383
231.27752949142484,70.15043395587517,33.560338271048316,36.18599374074706
227.69358067854924,70.49526977227347,34.152381609119615,36.59229782256374
227.53131388294486,73.27068577792011,34.47691520032841,36.599942142740574
226.25059543423143,73.25004021072277,34.80443837833944,36.64123327713523
222.7327773813875,74.43188550873793,35.103362785728415,36.523113247204535
217.93323360187867,77.25829014119498,35.697134032187066,36.498626677639805
213.60250888445492,79.16262362011751,35.281386022788965,36.09390876138684
210.98772772792574,83.25035927027388,34.90217781083387,35.77071619609299
210.47476316530617,83.56496455372744,34.81739494727499,35.141505629185865
210.11612921209309,83.6468140215461,34.43515427569378,34.977806693548544
210.28811550384614,83.69716143179183,34.09118169218768,34.87711187305709
209.26251075280817,83.82430333720126,33.97454126625715,34.62282806223822
208.82329373430025,83.45485986556982,33.774874402283935,34.283614104512054
208.36158995672548,83.56109102187145,33.62864581224456,34.0711517919088
205.7266947145486,83.94053710015227,33.57843348245446,34.37626019817592
205.15141798631674,83.7959166554795,33.66099306381065,34.66550108752144
201.4704567762958,84.20683707831235,33.5061290241819,34.91748687895157
200.66908228318871,84.10648492257961,34.03355324956022,35.118191190417036
197.07965367119763,84.45779670501139,34.691656763082605,35.502359910630105
196.38099410878155,84.72557986113743,34.98578760623153,36.06998188006122
194.15939237990472,85.05578777623454,36.07883739964799,36.52628393797943
192.29863062400784,85.3604239909407,36.37707434217013,37.05810703165761
189.74686055423257,85.20404778459229,36.86407779236338,37.37085944435443
186.16359061365506,85.59534833974467,37.03036248893616,37.75496753148004
183.044730137922,86.13628057032423,36.215968795006106,37.84845551122028
179.30800134516818,86.9199868162717,35.54167016665588,37.44500819273361
177.35406565093072,87.28567402530406,34.86154231572666,37.86063358451992
175.6113313145102,87.3278767170346,34.91892098313792,37.776228201058835
172.2675911809671,87.24163262894066,34.752635175124894,37.94871637724671
171.37665546665332,87.71941354510497,34.249834215143196,38.13549073922272
167.57662088947328,87.85180316645928,33.889258150028255,37.870711496514105
167.0959280101102,89.2808708102203,33.72326160659352,37.26734081331383
164.76872087824913,89.61879956733705,33.916166771267555,36.591483299080345
161.10281117469265,89.83347711061504,34.6003717574199,36.16212821252437
160.68748358613516,90.46579694879392,34.31895358602257,36.00956188467891
160.78985989790476,90.71471488957931,34.114200962483366,35.51172600310814
160.78286047953623,90.94701215132558,34.12819979922047,35.047131479615594
163.00233748101715,90.9343758862563,34.03793566362594,35.07240400975415
166.29314411501892,91.0781895261731,33.97318975479948,34.78477672992054
169.8163768515461,90.93749778436546,33.41043300857522,35.066160213535824
172.52166313578505,91.60803769853901,33.38053961323064,34.80121621981538
176.66539499603783,91.8646359961357,33.665256622752004,34.288019624621995
180.11363225493986,92.06459217622123,34.24463381976035,33.88810726445095
182.23908434767011,94.04269623147732,34.27695747236375,33.14432003248669
183.90845832640187,94.86392940965517,34.11698361033067,32.561445041274474
185.34219299915225,96.41895003574459,34.3931611818836,32.595050706149294
186.08104836676284,97.97312708731474,35.02090524814259,32.644878805229254
187.08820911864177,98.53541526950397,35.1331979729948,32.5836095551558
188.10719800326268,101.16418461682902,35.22338869377227,32.64649208555394
188.65655422671549,101.14789810875459,35.19116263091535,32.67906510170279
188.8128861908004,101.94761015400576,34.878498702745496,33.21264385759716
188.44569129420688,102.82343760397525,34.5428120318935,33.601141885736325
188.6570526696988,103.57791612214262,34.12008928090969,34.23410724727069
188.85050721578764,104.93875719543742,33.73318018873199,34.73529743047976
188.90683156349445,107.19767631970495,33.62053149331834,34.521692477603594
188.9747053198681,108.09329096828596,33.484783980571095,33.801399350873396
189.150383125368,108.76179836943345,33.13342836957126,33.521887294436326
189.33800592905547,109.92434673962255,32.75818276219633,33.291962884094495
189.4951475137254,110.9679137491867,32.44389959285645,33.28097075656808
190.17801091325057,112.53224781372262,32.111119019137114,33.25114130348926
190.6975032952626,113.2508692624209,32.09936331491134,32.84112746589095
190.76675913016726,114.98491431918416,31.96085164510204,32.434905789904505
190.9119867365842,115.37435916364417,31.67039643226817,32.66808742100594
190.9196882311146,116.86299490798464,31.654993443207356,32.724258566636585
191.3483951066358,118.2906246956098,31.80936345769325,32.90435028797132
191.54775221703045,118.978787541311,31.410649236903964,33.56210225556096
191.67125013788697,119.62600772577474,31.16365339519094,34.30967392927285
193.29502399764053,119.40129517496689,31.00225264147678,34.75909903088854
193.43904068766716,121.02891593598454,30.714219261423537,35.63632628557214
193.33634048328062,120.93724676253565,30.919619670196603,35.8196646324699
193.85748111093983,121.85484645563912,30.925538883674683,36.08086618385591
193.65972825879945,122.40229181796936,31.321044587955438,36.0383013563729
194.03234158526746,122.78504895196376,31.63382167287892,36.3307908262436
194.0661690149857,122.62658312644427,31.56616681344244,36.64772247728257
194.5583703797303,122.62506955082125,31.653103165940607,36.650749628528615
194.9575434869804,122.57964799871122,31.92753537203933,36.74159273274868
195.0584032535992,122.83618929261736,31.725815838801697,37.30708504264979
194.99051633437318,122.73804786097972,31.86158967725376,37.50336790592508
195.0609765548383,122.55746490120094,31.720669236323502,37.86453382548263
194.5894847492938,122.4442436537591,31.571085033068876,38.09097632036631
194.03610829500184,121.85485143680083,31.584195970427338,38.1761187830574
191.72667944706637,120.55486198818933,31.822409113275555,38.58577540376907
191.1730722768268,117.01507462820634,31.82433293980315,39.03360704002538
191.16228292845707,116.26696422451889,31.84591163654255,39.4176342366769
190.96400714071575,112.55337373949233,32.242463212025186,39.01581852099205
190.34270711664942,111.72185177943022,32.366400596348576,38.441537113497674
190.35659649018464,110.53494341580384,32.33862184927813,37.47987318461964
189.83564652480086,108.62548464377323,32.2839639292751,36.91255932559862
189.185868140339,108.36280414638875,32.49660194891414,36.35100157108291
189.10433853029224,106.90407716052214,32.6596611690077,36.023595278050415
189.02567683832473,106.41852595970856,32.81698455294269,35.91555986990861
188.34014567704963,104.28164800663896,33.10808496989168,35.869468153643155
187.52103060997436,103.21764751762097,33.66244501582393,35.82972895524248
186.78131861350542,102.93729045061178,34.04982612425638,35.29840020475542
184.02148742574127,100.91446371910172,34.12014092439169,34.98457560746118
183.53896561813056,100.66349219220653,33.99911914246099,34.40045326409943
182.66355868119513,100.31768609634278,33.59993369922947,34.01706579727577
182.76034759483622,100.61128373054143,33.4063558719473,33.429870528878475
180.80380813511073,100.30601543810539,33.1176991749056,32.98997320962737
180.18114512636518,99.88895718978662,33.32404210372452,32.78510661759272
179.39980592928657,99.33950690422145,33.847722385570336,32.8450090764117
176.95988617210315,99.37262352653629,34.53496613654377,32.778775831782006
176.78332147226052,99.26298784276288,34.888095536229024,32.998047199328816
175.46118619707173,99.23542517209214,35.39870374840229,33.05317254067032
174.74456848531727,99.13373589792805,35.75627137128198,33.256551088998485
172.9513774681601,99.1004161967121,36.08926181314516,33.32319049143038
172.27626291919083,98.85638788297187,36.348785084416946,33.811247118910835
171.10150103995105,98.71117102523233,36.49332566049326,34.10168083438992
168.943274413452,98.53048241839925,36.37238254681909,34.463058048056105
166.85104306040384,98.57761139757494,36.104100468754226,34.36880008970469
165.82963856101324,98.10108491133306,35.93189835981138,34.21434750832646
163.750541275908,97.69297442515594,35.68060091092769,33.928195475907174
161.60974124396938,97.60722736276067,35.58651260254917,34.0996896006977
161.75392173393925,97.778010636331,35.29815162260945,33.75812305355702
160.82598200892556,97.73814867251951,34.983515785885515,33.837846981180014
160.39364637328555,97.72089773715395,34.76659128976784,33.87234885191114
159.98676394738223,97.75184125358768,34.501612786766884,33.81046181904368
160.07139513462502,97.68940192148946,34.332350412281315,33.935340483240104
160.08280326013445,97.14703152456883,34.309534161262455,33.94715424820019
160.18238798481025,97.24795742096386,34.11036471191086,33.745302455410155
159.64856946429754,97.31544054646525,34.11154962951876,33.610336204407346
160.24642927124341,96.8682569489751,33.980176117089826,33.440357297924855
161.25624240269997,96.88967286604434,34.079767208178,33.3975254637864
163.799141635085,96.93755137314398,34.296447019911824,33.30176844958712
164.70503673112762,97.67385896581021,34.609418585748216,32.89153414321543
168.3215881891793,98.24254813778236,34.80187980718901,32.81495067606316
170.1663650804837,97.87717763581927,35.362674593378365,33.54569167998935
173.22071895713492,98.35634509569599,35.75140449156548,33.67026303548417
173.58038714709852,99.06104223844015,36.12301314306089,33.35181378141846
177.47737812972667,99.65689379158881,35.970829877434596,33.25179620363971
181.65226300270263,101.88374127953698,35.23516434150995,33.149017919187564
184.43641685487734,102.46531936563485,35.04004107967998,33.06049863549572
186.02402374182424,102.60371491124869,35.075400432715455,33.8538985865778
187.65644996219595,102.51610997243822,35.060409211818104,35.112395537480765
191.60791393936523,101.94118443333704,34.877594331684804,36.262246615683125
192.914221803003,102.21684282681161,34.50101594639679,36.828948499727716
196.28984005976264,102.06776251847575,34.47523971791049,37.12710911639947
196.50960183215733,102.6149278832088,34.035716173121116,37.157925499107975
197.70852717193745,104.40279397781563,33.87516005705034,36.93813515512844
199.59331513742157,105.35016219451775,33.44361905459353,37.26875534073182
200.03201384870442,106.19836625375031,33.6771669595047,36.68329254974361
200.6054831064218,106.24971744347715,33.63579773726945,36.58059017028992
200.76040000339523,106.76421813421523,33.32596394332254,36.654903510815025
200.779956479106,107.26695256503001,33.286850991901005,36.7489790401479
200.82425503054097,108.27758377793668,33.19825388903108,36.92848256709622
200.80333974207457,108.76431474106413,33.24008446596392,37.05677853469038
203.393667234257,109.29453980543033,33.58150110675754,37.100742730989694
203.94422982267992,109.94238643803347,33.59091025009484,36.9155837859665
206.8046395803613,110.57527449472074,33.40913345269468,36.75761621618446
209.29862889605306,110.78388180584297,32.831006716204485,36.34040159394001
212.02379501998425,110.49746790116588,32.81459267701884,35.82644576155886
214.89343502741843,110.28603879887314,32.46800572331526,36.24930396614433
215.25863386983576,110.27666085736863,32.81719557973389,36.26805984915336
218.85911416286524,109.8182129342095,33.214320690133185,36.09951488169187
219.87653881179904,109.34292920143213,33.35774427807522,35.960945904341806
221.0832848543828,109.34548228553876,33.122765802810754,35.95583973612851
224.96169155075341,109.39750777499198,32.964082437297364,35.85178875722209
226.3099701796374,108.8516216211861,32.430141254845324,35.8622530271759
228.08950490992316,108.28164413475004,32.09001048451912,35.92922843663291
229.27632663071057,108.24315607241942,31.853565580050798,36.00620456129413
231.3576179808706,108.22809109992131,31.955059394496793,36.03633450629036
231.3608741896017,108.22525427243565,31.948546977034603,36.04200816126169
231.95005396805553,108.22397431554823,31.838277164021328,36.04456807503652
232.45677039334362,108.28070870662869,31.89121323590628,35.93109929287562
232.4186612893639,108.97399872710935,31.9674314438657,35.60997627649619
232.39585212576483,110.21220942528116,32.01304977106381,35.25694564440303
232.47286610874642,110.8833951102333,31.859021805100657,34.971516951244595
230.98377884248075,112.03723283231135,31.687020630426886,34.763958645225244
229.9413374534976,112.7694025399705,31.68370718932277,34.34371733944212
227.88553939075112,113.8744215917518,31.64525946131066,34.20870116263205
226.28036247290822,114.39733101020796,31.751215498539253,34.19768159187212
223.03315368420422,114.3042516101104,32.027778159668,34.383840392067235
222.90521016959676,114.18349238511578,32.283665188882956,34.625358842056485
221.53399150221094,114.13782898133525,32.92326975865359,34.71668564961753
220.3567344565238,114.24743421674525,33.151839929995795,34.497475178797536
219.19484419027742,114.13594981743404,33.34930034028489,34.72044397741996
218.49946536114078,113.89994709463114,33.670291929001586,35.19244942302576
215.47130603858233,113.71575474228364,33.23330649085667,36.64305147493106
215.70932981991513,113.21799313762611,32.75725892819102,37.63857468424614
215.81241999461912,112.96801843486617,32.55107857878305,38.138524089765994
215.7297507772721,111.91081298807954,32.71641701347707,38.032686612005456
215.06426784481337,112.02086106339198,32.93624031403908,37.812590461380566
215.07365087066506,111.90036391623639,32.91747426233567,38.05358475569177
215.02028318697688,111.70482502259331,33.02420962971203,38.44466254297791
214.9246866335336,111.6773458708609,33.215402736598584,38.49962084644271
215.0145298219093,111.68485372384384,33.035716359847235,38.48460514047686
214.64655812087744,110.41256830100596,32.64842722036426,38.78271090305934
214.6842172911497,109.69979805760943,32.57310887981975,39.08664093040642
214.61126909205768,109.8028267637339,32.719005278003785,38.88058351815747
214.18904250891487,109.40556784666721,32.43920732994739,38.550850237948815
212.07881085777203,109.54629037672942,32.20095284443629,38.269405177824396
210.98597068632196,109.31459318818435,32.173595898453186,37.626280910472914
207.19985047297214,109.67661686299382,32.072634173605195,36.90223356085397
206.1197627250948,109.53128485829056,32.066052209112236,36.10951884013668
203.86531965593798,109.10216192361526,32.29089575559033,35.8967540615284
199.94002690371926,108.57133657634957,32.64239920594593,35.887107319762386
196.03034765108643,107.46862812824568,31.847810917465708,37.0157808667519
192.26646719523896,108.23710616896545,31.80484909412649,37.64188842389357
188.92061042674743,108.47186800796196,31.953598720371005,37.17236474590056
187.78756510475225,108.32088873397485,32.048402895700995,36.388680059544555
183.16301593253374,108.31767745414058,31.622044351356877,36.3951026192131
181.13000255249327,107.830138731766,31.41473898388275,36.30184703207352
179.50575025914497,107.86743773490001,31.472520946872997,36.22724902580549
175.03137365998282,107.01757681282419,31.914498493271935,35.80027695697581
174.9655409781646,106.50920515443687,32.04616385690841,35.753218520412375
174.92855913032963,104.2192134212891,32.12012755257832,35.00734436238577
173.55660778598516,104.84737828607162,32.7544976014981,34.805780952705305
173.1003933452037,104.71572918299509,32.60523582570568,35.06907915885836
170.3267654282665,104.58223463511055,32.83534754975752,35.33606825462745
170.09901563159204,104.88358228435351,33.2908471431064,34.73337295614152
170.6582417624954,104.79342118847217,33.24143960730895,34.91369514790419
170.65815922842071,105.17793819839785,33.24160467545833,35.2157427847786
171.24564274269193,105.60304850089203,33.14243767815589,35.441322211030204
171.26976163531398,106.90851655843443,33.09419989291177,34.98588027674357
171.72312367736632,107.30484904555873,33.257355119346094,34.19321530249496
171.69654546386226,108.25149213845572,33.31051154635418,33.359992784491794
172.15236430944907,109.06825139601412,33.44670312640122,32.77430354059566
172.68757835085717,109.59065790205179,33.41702637437998,32.770241859315284
174.34442493284064,109.33033532631597,33.22399944941346,33.290887010786925
175.11071150510392,109.08675278861622,32.73680974209376,33.77805208618642
178.05051724800632,108.74411467155511,32.083953413969645,34.46332832030865
178.88823666563312,108.18176658899945,31.454239473040232,34.54229959109583
181.88794905308768,107.25381681492271,30.639574188792626,34.3242953429847
183.41146281260308,104.46538735626093,30.65433059206869,33.77758641569454
185.8430398135537,101.04516949220339,30.852915800156346,33.531587249825186
187.77198516409973,97.76399948250653,31.04175102555392,33.01215689786197
