120.5,36.5,103.0,108.0
121.06056443419514,33.64029468935858,100.87887113160971,109.40345535560891
122.3377985822279,31.201260569195497,98.32440283554419,110.97729566213823
122.96009924453776,28.955475460370636,93.79181303034812,112.1808773992116
125.25941765229683,28.39641969919333,89.19317621482998,113.2989889215662
127.72027064230403,28.075602175850435,84.2714702348156,113.940623968252
130.30632157386654,26.111651972858994,79.09936837169056,114.7620889558251
131.97107403261674,27.88226640709474,75.76986345419013,114.25472268742256
133.44746547213637,27.95346049501569,72.8170805751509,114.11233451158066
134.84808441836537,27.939711553686124,70.01584268269288,114.13983239423979
135.92478399483088,28.17640437513417,67.86244352976192,113.6664467513437
136.8603053942141,29.70353205088216,65.99140073099548,113.44230839419748
137.66941758124761,29.72885292574287,64.37317635692841,113.39166664447606
138.28790666112255,29.81049812322901,63.136198197178565,113.22837624950378
138.63454602999445,29.45138349175528,62.44291945943475,113.94660551245124
138.87960402075058,29.309977253781405,61.95280347792251,114.22941798839899
139.02701542581468,29.254292028753298,61.657980667794256,114.3407884384552
139.261565110172,29.042588586423207,61.18888129907961,114.76419532311539
139.44661110472936,28.76373849598822,60.81878930996491,115.32189550398536
139.62757678966847,28.72569859681859,60.45685794008672,115.39797530232462
139.6930144294653,28.552486661397367,60.32598266049305,115.74439917316707
139.66146781300424,28.31921465519119,60.38907589341515,116.21094318557942
139.53845846447092,28.071445380156504,60.63509459048181,116.7064817356488
139.2489742583077,27.571427781261022,61.21406300280823,117.70651693343976
139.0813263751366,25.497578880544083,61.549358769150444,119.07760846105884
138.8903708539699,24.84075856096721,61.93126981148383,120.39124910021259
137.48721505193475,23.961490687223318,61.90931757716577,122.14978484770037
137.9270874770749,22.50883394875777,61.02957272688546,125.05509832463147
138.17901702666876,20.62848988802797,60.525713627697755,128.81578644609107
138.32968230121847,18.84842765785382,60.224383078598336,132.37591090643937
138.48588579570597,16.587798769958667,59.91197608962333,136.89716868222968
138.94162965935433,12.254087360223252,59.00048836232662,142.53141356253957
138.88632816224992,10.200862547242608,59.11109135653541,146.63786318850086
139.01476891071022,6.26706029327336,58.85420985961483,151.34610339699782
139.1090461350955,2.9320895482398868,58.66565541084428,154.7936988540685
138.22790782619336,3.1711054564783865,60.427932028648584,154.3156670375915
137.24177757534875,2.399302243916736,62.40019253033781,152.56620938389284
136.25254665244574,2.059843854799354,64.3786543761438,149.9420382560452
135.4745429873285,1.9573368511985052,65.93466170637831,146.84673912406845
134.9361935745771,3.122273070269941,67.01136053188114,144.51686668592558
134.6688440680993,2.7706047863027976,67.54605954483671,141.95220716480333
132.81910309283452,3.8737600158319907,68.00549844320591,139.74589670574494
132.78760936254474,3.3335952684965804,68.06848590378544,137.61032928813023
132.77845289407907,4.271268620100486,68.08679884071682,135.73498258492242
132.03709643550016,3.4283850796007442,66.41073603870474,137.4207496659219
130.8629748044654,1.6254872772883573,65.60462672944881,137.87219269922124
131.00356055631894,0.1429036597720028,65.32345522574172,137.69044296748982
130.8906517601385,0.2737480125559273,65.54927281810262,137.42875426192197
130.8442949842539,0.24241969110103412,65.64198636987179,137.49141090483175
129.34068995506763,0.10741649638386264,65.50716993949499,137.7614172942661
129.2958091781906,0.14798443369993208,65.59693149324904,137.68028141963396
129.45513936036852,-0.12431367610774657,65.27827112889321,138.2248776392493
129.50494169497023,-0.3068005925192949,65.17866645968977,138.5898514720724
129.3755732683947,-0.35199885580765056,65.43740331284087,138.68024799864912
129.23143727489554,-0.43635312025755013,65.7256752998392,138.84895652754892
129.30472000831466,-0.5545508185286252,65.57910983300093,139.08535192409107
129.5579478476384,-0.7962369412744437,65.07265415435344,139.5687241695827
129.81284096710948,-1.0018181274474358,64.56286791541129,139.9798865419287
129.94272835560676,-1.1159794273626318,64.30309313841674,140.20820914175908
130.11262376440826,-1.1138973613328034,63.96330232081376,140.20404500969943
130.1552472844089,-1.0306563075653514,63.87805528081246,140.03756290216452
131.74929122497153,-0.7444650983988339,63.83820929697923,139.4651804838315
133.34159859487954,-0.6259174663714759,63.79283912152525,139.22808521977677
133.3247033295118,-0.7496630090993222,63.82662965226078,139.47557630523247
133.27530848342843,-0.8148585474415171,63.92541934442747,139.60596738191686
133.22279166239696,-0.7019679796564873,64.03045298649045,139.3801862463468
133.16317345076752,-0.5148867079843029,64.14968940974933,139.00602370300243
133.21168361386597,-0.6812374179110918,64.05266908355242,139.338725122856
133.2089283795903,-0.7428926640074138,64.05817955210372,139.46203561504865
133.27436520846874,-0.5794907090874659,63.9273058943469,139.13523170520875
133.27188162891838,1.2593298688958754,63.9322730534476,138.59360703834716
133.4125454889914,1.068695161853114,63.650945333301536,138.97487645243268
135.06707175229099,0.8529237664713349,63.47075105589377,139.40641924319624
135.19674945292445,2.2055687588385524,63.21139565462686,139.83309235631197
136.80517787832983,2.2366715908499657,63.128143813250894,139.77088669228914
138.5140785229891,2.1004350629372794,62.84158749442625,140.0433597481145
140.3059130700027,3.6033734176876067,62.38808632411261,140.16765096232734
142.00594424995265,3.6237869938965446,62.112032556548854,140.12682380990947
143.76747981803948,3.574492571697448,61.707530522575865,140.22541265430766
143.90076746971874,3.5079618724848984,61.4409552192173,140.35847405273276
147.131341720449,4.881868724464027,61.200042878978195,140.7207784293852
148.7022674359426,4.5097521634636735,61.1693029065424,141.4650115513859
149.96033863848254,4.289877942683134,61.77447980654526,141.904759992947
149.80036741914378,5.147140386692726,62.094422245222795,143.328570935411
149.77084706253186,6.158910915613276,62.15346295844663,144.46957060306406
151.42432630071687,4.919341343814622,62.02856136950876,146.94870974666136
151.53091791944115,3.7495066245508895,61.81537813206018,149.28837918518883
151.74619379500575,2.1707963582844485,61.384826380930946,152.4457997177217
151.18143547048146,1.792406202089623,62.51434302997956,153.20258003011136
150.84354495084693,1.8441073195988338,63.1901240692486,153.09917779509294
150.4706563382146,1.8167092831113223,63.93590129451328,153.15397386806796
150.0899519555964,2.2069444781736536,64.69731005974967,152.3735034779433
149.77866560668747,2.523980809871489,65.31988275756757,151.73943081454763
149.466633418983,2.8283331819136777,65.94394713297645,151.13072607046325
149.27744587826686,2.975752206433455,66.32232221440874,150.8358880214237
149.09716543271006,3.0791640567445597,66.68288310552236,150.6290643208015
148.9148534656615,3.191472775821609,67.04750703961946,150.4044468826474
148.82570095300156,3.440158973028886,67.22581206493936,149.90707448823284
148.5472497593045,3.578237431151848,67.7827144523335,149.6309175719869
148.37109308028718,3.9002158285237556,68.1350278103681,148.9869607772431
148.15812037218933,4.049931247127589,68.56097322656382,148.68752994003543
148.15344606187375,4.3168058617833935,68.57032184719498,148.15378071072382
148.0079833975626,4.334147080051125,68.86124717581725,148.11909827418836
147.98890162243612,4.258087159197558,68.89941072607022,148.2712181158955
148.18892272233225,4.138200962775457,68.49936852627798,148.5109905087397
148.34832824541252,3.8883718716930957,68.18055748011747,149.01064869090442
149.00030212209762,3.575518326993759,66.87660972674725,149.6363557803031
149.96980601648426,3.118938983104954,64.937601937974,150.5495144680807
151.26645018223493,2.3240656381579186,62.344313606472596,152.13926115797477
152.13340583880847,-2.1181956754258664,60.610402293325535,154.43187586246057
149.2898230349953,-4.422509608764784,59.70158418215886,155.7425118697419
140.8883029186148,-6.142128797640808,60.002085966936974,155.88124255789737
133.51148903735756,-5.862069424640325,61.52419219911383,155.3211238118964
122.01349287935932,-5.0044251898659695,64.55777382158385,153.6058353423477
110.16523580079296,-4.391261517604818,68.11637868291214,152.37950799782539
109.10616938324523,-3.9828653528830955,70.23451151800761,151.56271566838194
108.34666412393429,-3.967145797970602,71.75352203662948,151.53127655855695
100.83822221644637,-4.226738761373937,72.96007303790694,152.05046248536362
100.25849620006463,-2.58916288176772,74.11952507067043,152.25643088901143
101.32145297498886,-4.64081201273261,75.497856402085,152.8554842696782
127.8277691135988,-7.485958821236451,72.00120671550434,155.00892198735448
133.2392925058872,-8.200547579792286,68.19302683568046,156.43809950446615
133.5560335544028,-8.001992515759795,67.55954473864924,156.04098937640117
133.203207043464,-8.96200294567204,68.26519776052687,154.5165385022226
132.6539183470675,-8.015240879593705,69.36377515331986,152.62301437006593
132.05203911299506,-8.813645425870291,70.56753362146475,150.7931084739502
129.67439501742456,-7.8125492577932505,71.90162976447661,148.79091613779613
129.0925100849496,-7.105876663968729,73.0653996294266,147.3775709501471
128.7208462450218,-6.6809959447031275,73.8087273092822,146.52780951161589
128.42166259913344,-6.2918784272439865,74.40709460105886,145.7495744766976
128.12236958516328,-5.552049734485394,75.0056806289992,144.26991709118042
127.71337652867116,-4.2788343508226205,75.82366674198343,141.72348632385487
127.57265971462414,-4.943998555969259,76.1051003700775,139.67433159042378
127.26839971455104,-3.745896653632343,76.71362037022367,137.27812778574994
126.95573187164696,-2.582356926083861,77.33895605603183,134.95104833065298
125.16042368070379,-1.8984630629931445,77.62409214738757,133.58326060447155
125.11930533151238,-1.7192383548851211,77.70632884577037,133.2248111882555
125.15001764029608,-1.7829329844063437,77.64490422820295,133.35220044729795
125.24372676085073,-2.0419732256626872,77.45748598709368,133.87028092981063
125.13978192653376,-0.6629423939816519,77.66537565572762,134.40372230077563
123.80871800940885,-2.8955952627708683,77.02458977482402,135.56611432320065
123.49884802493698,-2.7844590452562556,77.64432974376777,135.34384188817143
123.44048167457055,-2.7657181180325523,77.76106244450061,135.30636003372402
124.7164232152936,-2.093423459879048,78.52706394285227,133.961770717417
125.64659458246106,-0.6677358995307543,79.97766113698037,131.11039559672042
126.31791939783149,2.5708643100333006,81.9280628679962,127.92624653934902
125.69325775271429,4.218084134111166,83.17738615823062,124.63180689119329
126.82170617307236,12.961532771367473,84.17017784971885,120.14366374549837
128.31126607223268,22.62705458464344,84.38964620399213,113.60697272932204
129.7097428787007,27.14890525495003,84.69599770508647,107.66657650273923
131.46757581346287,31.095475098078055,84.19818980336733,102.7912947842884
131.4485560100051,32.473977151126725,84.23622941028287,100.03429067819106
131.69121816424322,35.24484626694166,83.7509051018066,97.3859738573792
132.0114179047511,36.33167646140976,83.11050562079085,95.212313468443
133.7303844044577,37.007677102130216,82.4735691161778,93.86031218700208
133.94828099166844,37.46129996350837,82.03777594175631,92.95306646424578
135.54230825114206,39.22533192456709,81.59862791625345,92.1739090355727
135.56089346878514,39.56500924718985,81.5614574809673,91.49455439032718
135.6432367006367,39.71447411744575,81.3967710172642,91.19562464981539
135.75649477228362,39.93870182572552,81.17025487397036,90.74716923325583
135.64213173532087,39.96739519686445,81.39898094789584,90.68978249097798
135.72080088442857,40.004492525465615,81.24164264968041,90.61558783377565
135.75063649590828,39.919277845917634,81.18197142672105,90.78601719287161
136.9403066357771,39.86916698565854,81.50431397284228,90.8862389133898
137.05718966173595,39.77765161961779,81.27054792092456,91.0692696454713
137.3231208545664,39.668650883766446,80.73868553526361,91.28727111717399
137.70598359625083,39.23099083041813,79.97296005189479,92.16259122387062
139.7006785175975,40.23777913768626,78.68724154961532,92.85268594974826
143.6745225404025,39.39333414529406,76.1269636584733,94.54157593453266
143.78262029791534,39.77511473597221,73.23237188034177,96.45641101628223
144.03619882318196,39.776829729924295,72.7252148298085,96.45298102837806
156.11496284563833,9.825160198757303,67.13394700789559,105.96218519971258
168.12804521259383,6.052037266080326,62.03044321853599,113.50843106506653
176.27685617552058,3.031385463182474,59.377440579430996,119.54973467086224
176.05537450427528,3.98765643732046,59.82040392192157,123.18102109128982
183.0033128716239,2.427106210238705,60.08726509773638,126.30212154545333
181.92519327020906,1.657929894486898,62.24350430056602,127.84047417695695
181.10113169874307,0.6300697033252689,66.83409961906861,126.95372238370963
179.2490693923913,0.34937065759448416,70.53822423177213,124.50646068452883
178.91545340816685,-1.4750951778620447,74.24128576187073,122.08373323214241
177.55738451048555,-1.5149975527513888,76.95742355723337,119.1010714456441
178.24749171764097,-1.9783540207032573,78.64064897095435,116.96434455351601
177.62377063450845,-1.2737319769484188,79.88809113721939,115.55510046600634
177.2004544967582,-0.7989471322877719,80.73472341271986,114.60553077668504
