139.5,94.5,59.0,42.0
138.8473999316651,92.30116844255768,59.30520013666977,42.23423097175689
138.7674514159135,92.10951709112203,59.46509716817295,42.61753367462818
138.70615256332192,91.2823918973689,59.58769487335615,42.67289257045379
138.6121445415652,90.46272266441851,59.77571091686961,42.71057702829054
138.61703046104057,89.66468547331647,59.76593907791886,42.70153661055373
138.5898226329141,89.68346080906552,59.820354734171815,42.66398593905561
138.6227397673375,89.78779141174213,59.75452046532503,42.45532473370238
138.63468627791445,89.08486667923302,59.73062744417106,42.26057513469995
138.70054038649062,89.12877097827518,59.59891922701876,42.17276653661558
138.73069374513722,89.12294645096107,59.53861250972558,42.18441559124383
138.7393495379883,88.38561560217653,59.521300924023414,42.06619418488794
138.78709572728448,87.67813748820294,59.425808545431025,41.89047370631168
139.6321307525659,86.92202411484371,59.32208189303958,41.816357054858706
139.7343848233221,86.93835624224914,59.11757375152715,41.78369280004785
139.72479819102915,85.50500786850246,59.13674701611309,41.490521823038414
139.59151768446588,85.6951741967129,59.40330802923964,41.110189166617545
140.26831236741714,84.97030365106119,59.62286205077055,40.98678687048751
140.09599684863983,84.9503646602599,59.967493088325156,41.02666485209011
140.68282353447054,84.89022923617634,60.37409584384814,41.14693570025722
140.68304533628964,84.78521890122362,60.37365224020992,41.356956370162656
141.45137593289866,84.57863484940921,60.428816604707606,41.77012447379147
141.4553767874571,83.69256156940595,60.4208148955907,41.942791133224176
141.6065458204792,83.63625417189756,60.11847682954651,42.05540592824096
140.78214925028922,84.41649818453622,60.167761595308775,42.09442627758133
139.11330716330485,85.22338387560123,60.303656741796715,42.08154940919171
137.4397350536288,85.17074277686208,60.4453387390001,42.186831606670026
135.88521626509882,85.12589826700723,60.34117152488615,42.27652062637972
135.16095919176513,85.11514992934224,60.18317585071283,42.29801730170969
134.3055978178944,85.10090496494891,60.28941779541647,42.32650723049635
133.42653518243426,85.0762349245391,60.44099039698854,42.37584731131599
130.10922287480145,85.10589993961008,60.637008704217365,42.316517281174
130.13252912241242,85.09808428099714,60.5903962089954,42.3321485983999
129.26624842531598,85.0842395891919,60.71177316070608,42.35983798201038
126.88562173145543,85.06854421563787,60.63261461398323,42.39122872911844
125.31824619665036,84.24770175919562,60.541776376778884,42.420118988595696
124.58757575355138,84.18947103389287,60.39121634055633,42.5365804392012
121.43083970750229,84.18341308944991,60.25849756660209,42.54869632808712
120.74562907377526,84.22710045583185,60.01917458544648,42.46132159532324
120.09348756262696,84.25863244689094,59.71876367870015,42.398257613205075
119.42360301953461,84.33876488155494,59.45941215107476,42.23799274387707
117.85141047286857,84.44991826645976,59.41866068004033,42.01568597406742
115.4634799846518,84.58301586524533,59.42963296587406,41.74949077649629
114.7558996195254,84.67160446058114,59.26071390766789,41.57231358582469
113.95701330417535,85.51113904529461,59.279872957055275,41.471857997710416
111.60531903841746,85.56237765526049,59.25151909291707,41.369380777778666
111.69811391348875,85.59910923546875,59.065929342774496,41.29591761736215
110.07989117443209,85.54156094690332,59.160130308776644,41.41101419449302
108.54228108811134,85.53419191151967,59.086471894024825,41.42575226526032
108.77169550609406,85.53545201944915,58.62764305805939,41.42323204940134
107.25690361121,84.7525086785154,58.524012970264124,41.422511792487185
106.57043643418953,83.97684963564814,58.331916606120146,41.40879916003679
105.83277482598596,83.14337654026491,58.24533521609718,41.513840744373105
105.16385712381786,83.13588625731067,58.02084686192567,41.528821310281586
104.50788907657667,83.2009923931119,57.7736054537503,41.39860903867914
103.77677405811531,83.21378326421771,57.68253410364515,41.37302729646752
103.0440541153567,83.25446636920721,57.59646952850099,41.29166108648852
103.04255282556102,83.29751275706242,57.59947210809237,41.20556831077809
103.00462530635441,83.36728779948848,57.67532714650556,41.066018225925966
103.01713818016597,84.19242937072558,57.65030139888244,40.962086378553316
102.99662897820492,84.19156587410663,57.69131980280454,40.96381337179123
102.89716978398374,84.17761691649329,57.89023819124691,40.99171128701788
103.5481197389414,84.1567563193401,58.13671325068204,41.03343248132427
104.25093935672373,84.94558741213397,58.28385609144021,41.00855237205937
105.71201082189953,85.72129292903247,58.47089896680682,41.01173424112146
106.46063925766595,85.70130234809528,58.53110896397631,41.05171540299584
107.92677114213203,86.45513619480089,58.71691237368718,41.10308129890617
109.36262045695692,86.39577983305252,58.9705776297367,41.22179402240292
110.09095375333851,86.35462871966178,59.08237407094765,41.30409624918438
111.54518708634951,86.3444021887369,59.316917374447,41.324549311034176
112.25620732136511,86.37419446315232,59.47025468816058,41.26496476220332
113.78624896859196,86.3456371356906,59.56358272441277,41.32207941712677
115.33992113860722,86.29640930324645,59.61434624267163,41.42053508201505
117.00278528519371,86.2159055060251,59.45150368668381,41.581542676457765
118.581851227253,86.11599925125519,59.45665748311536,41.781355185997576
119.30625747834424,86.76746673467045,59.592857211207914,42.06343244944208
120.00540941491123,87.35075576383794,59.78626464613981,42.48856569917303
121.47380038618691,87.94991961613675,60.0527328977868,42.89186309167456
121.3933415440098,88.60525239885017,60.21365058214102,43.19347742306891
121.32729912052302,88.41553967991811,60.34573542911456,43.57290286093304
122.04875490274847,88.22226163486087,60.53071626612058,43.9594589510475
122.83658566418232,87.97785654707994,60.592086361142286,44.44826912660936
122.83146975430867,87.50816874030197,60.60231818088961,45.387644740165314
122.82397040869174,86.86719545648627,60.61731687212347,46.6695913077967
122.78010488047764,86.31455403536509,60.70504792855166,47.774874150039054
122.70301733959943,85.86819463710276,60.85922301030809,48.667592946563744
123.50887806729467,85.64470411166535,60.96620479803178,49.114573997438555
123.41329295195538,85.5965369286579,61.15737502871036,49.210908363453456
123.41603388790266,85.47291249901667,61.15189315681581,49.45815722273592
123.3746811920312,84.42993592697343,61.234598548558736,49.80814377511807
124.25436052394747,83.25335735968919,61.218126333994064,50.41841446041869
124.10720521729215,83.66335188561835,61.51243694730471,51.35090310353319
124.00867026340518,83.11956358143681,61.709506855078644,52.43847971189628
123.9957006133937,82.36754801046317,61.73544615510163,53.94251085384356
124.93956981697391,81.85729303650567,61.664728645921215,54.96302080175856
124.90183543361016,81.19072298005759,61.740197412648726,56.29616091465475
124.85309438504092,82.56183359992309,61.837679509787215,57.263194241610776
124.87103089762084,81.87614489457997,61.80180648462737,58.63457165229701
124.89211046937022,81.24633649021047,61.75964734112862,59.894188461035995
124.9343063048865,80.75172503883915,61.67525567009606,60.883411363778634
125.03693871155986,81.24957529118396,61.469990856749334,61.81389840096526
125.07327393972906,83.44426773874092,61.39732040041092,63.23729467057916
126.2148116390378,82.7396123372678,61.0730157665087,64.64660547352541
127.41950595396457,83.03401771213584,60.63930364786854,66.0334712350027
127.55910193755935,84.65571505157075,60.36011168067897,66.77088461013003
127.65330241643618,86.59524276426521,60.17171072292532,66.88667131825424
128.8215226326647,87.6530496357622,59.831487745145964,66.76727502993796
128.95636820583155,87.63293674984344,59.561796598812265,66.80750080177549
129.05390986507572,87.56459968570968,59.366713280323964,66.94417493004302
129.19911087715917,87.49086133092072,59.076311256157055,67.0916516396209
130.28106997710094,87.41123567552876,58.894311675271965,67.25090295040485
130.28172522679301,87.45428009762747,58.893001175887846,67.16481410620742
130.1991695557988,87.78206864040675,59.058112517876275,66.50923702064885
130.1522150751283,87.13443892582595,59.15202147921727,65.83188505713434
130.12582675540312,87.59063770600773,59.204798118667625,64.91948749677078
130.1048095164444,88.02263220019655,59.24683259658511,64.05549850839313
130.08474954088013,88.2865322705621,59.28695254771358,63.52769836766202
130.15714268093342,88.55710003831729,59.142166267606996,62.98656283215165
130.29804085637437,88.8026030091481,58.86036991672515,62.49555689049005
130.40130332764917,89.0147784133207,58.6538449741755,62.07120608214484
131.68007093754227,89.0611815848485,57.99349848222985,61.978399739089234
132.05174108583864,89.20566983691171,57.250158185637055,61.68942323496283
133.35556644876556,89.36852189062883,56.51149876236935,61.36371912752858
133.76598474807807,88.95994757468982,55.690662163744335,62.180867759406595
134.07299151392195,88.62641898724019,55.07664863205655,62.847924934305865
135.291321448694,88.52341582373747,54.49234407534884,63.05393126131131
136.47228150527295,88.56164404607117,53.97661375287422,62.97747481664389
136.59648584060065,87.52551119836681,53.72820508221886,63.212994282175956
137.60860628995613,87.53948355271189,53.54035668276204,63.18504957348584
138.66621205037026,86.78121374643315,53.25809159937707,62.8686427486
139.9380261951695,84.43150123747716,52.53800376087423,63.9209868643206
140.21284036143732,83.09643122242399,51.9883754283386,64.7629909060694
140.61587959899964,81.90803901984393,51.18229695321398,65.30760741675515
141.89655697705132,79.9220267146608,50.448378365244736,65.62475969085297
142.09871051684632,80.02479043924639,50.044071285654766,65.41923224168181
143.1071851080523,79.1967780746722,49.83776237743176,65.26461669664118
142.89790273488052,78.64592300166925,50.256327123775364,64.56139910310688
142.76548720663615,77.98739253344675,50.521158180264074,64.07744202524978
143.58607290447395,75.37159346920285,50.67791390067737,63.9152588054709
143.4720501361889,74.60569527134196,50.905959437247446,63.6490661928147
144.24811015127682,72.95867693771768,51.15144931925034,63.347883035705834
144.34338507221656,72.30462195325285,50.96089947737087,62.859024545097796
146.48143598904045,71.75447302699843,50.25759748184683,62.17292247854478
144.57315214942093,71.01220980815738,48.78058798740698,61.89292319166728
145.01055619693824,70.47075313189319,47.90577989237238,61.239499323611454
145.53615500478418,70.69297634108155,46.8545822766805,60.79505290523475
145.20029261429045,70.89511116184877,45.83799231088247,60.390783263700285
144.74990021703218,71.08779259268289,45.07316581820177,60.005420402032044
145.29509439583802,70.12282698365897,43.98277746059008,60.28807106507075
145.74832058819698,69.84388978627797,43.076325075872155,60.845945459832734
146.91565653515764,70.3297096720906,42.368947067015384,61.501599573272024
147.62973309227954,71.02874043630959,42.566312953978894,61.72905704604136
147.51868140666295,71.77569430590503,42.78841632521208,61.86735166866903
148.37761358176877,71.82440611881954,42.708503271562805,61.76992804284004
149.27474148456162,71.83876297005506,42.54941258786846,61.741214340369
149.37807517265165,71.79095196848613,42.34274521168842,61.836836343506874
150.24551010580439,71.79961407525822,42.23800657978977,61.819512129962675
150.29518121714378,71.79539747287431,42.138664357111,61.827945334730494
151.04112305601853,70.19060529922604,42.27340414502723,61.78428275069554
150.99222928454114,70.20419537158128,42.371191687982034,61.757102605985075
151.68413743050385,70.22261758618339,42.61677702886125,61.72025817678083
152.4054248275081,70.16859824461528,42.807105273687036,61.828296859917074
153.07264113950413,70.93562469961606,43.11034416773822,61.93191546795868
153.7190266513344,70.88125818310502,43.461808065304886,62.040648500980765
153.4967274592967,70.82916919637385,43.90640644938028,62.14482647444308
153.28677624190044,70.805311678653,44.32630888417278,62.19254150988478
153.13875282761913,70.77946455603364,44.622355712735406,62.24423575512351
153.03155170213893,70.74248470977464,44.83675796369582,62.31819544764149
152.96060559232734,70.7060813778246,44.97865018331895,62.39100211154158
152.91473077789402,70.67935294983005,45.070399812185585,62.44445896753068
153.74680642341346,70.6666285737976,45.09046267141328,62.469907719595604
153.77978134802296,70.65003327370981,45.024512822194275,62.50309831977116
153.81398217329993,70.636434015931,44.95611117164032,62.53029683532878
153.0863633133958,70.69113158249561,44.72771213563589,62.420901702199544
152.35717775575367,70.75301640743785,44.50785093128328,62.297132052315064
150.81728061787328,70.7605111916168,44.24214558718904,62.28214248395719
149.94540703174965,70.821929838107,44.31773690799888,62.15930519097678
148.26173641187836,70.92322038147768,44.349992174424585,61.956724104235434
146.5718035139308,71.060791030662,44.39983486090078,61.68158280586679
144.89338752794745,71.94693087638794,44.433327032394914,61.57097301465119
141.58729842442534,71.96566359113359,44.40331957872727,61.533507585159896
141.62252424866026,71.88554843928542,44.33286793025748,61.69373788885624
137.48096858388098,71.85985898632859,44.312207262933,61.7451167947699
136.80592389726203,71.7303010610523,44.001104594775995,62.00423264532249
136.0902869274836,71.70944140292315,43.772383636957045,62.04595196158078
131.2130285540311,71.70744191549548,43.58573069489636,62.049950936436126
131.19729411031693,71.73634947362005,43.61719958232467,61.992135820186974
130.5203461301699,71.7907680817781,43.317600722170695,61.883298603870884
127.38648679397497,72.6984629361947,42.997645960329635,61.714827253595416
127.39527746493022,72.7184062468204,42.98006461841915,61.67494063234403
125.82437059800382,72.76361090859609,42.845450740126665,61.58453130879262
124.21342751567403,72.81742046269034,42.798073784813425,61.476912200604154
122.64144339280655,72.83794480324656,42.677585126263885,61.43586351949169
121.81401236648931,72.873558665062,42.70282440927846,61.36463579586082
117.74937920602201,72.15226081457811,42.68726210763127,61.178265772312244
117.59735589813705,71.40059466346958,42.99130872340121,61.055697938418916
115.18532971200082,71.48018061133925,42.92817947902643,60.89652604267957
114.31015382584309,71.4996372153526,43.0529118419313,60.85761283465284
113.45786396773275,71.52393819644908,43.13040673527733,60.80901087245989
110.24738041982786,71.57318759371843,43.0408705395185,60.71051207792121
110.17478914870529,71.59417156814527,43.18605308176365,60.66854412906753
109.3487106488769,71.60140882450719,43.211790775097306,60.6540696163437
109.31983635200731,71.60034421929878,43.26953936883648,60.656198826760516
109.33478586854514,71.61294849115541,43.239640335760846,60.630990283047254
108.57618723272527,71.64278344965916,43.130104839099744,60.57132036603975
108.58343422850852,71.67037466509373,43.115610847533254,60.51613793517059
107.8143778871709,71.7279471882207,43.03076456537264,60.400992888916676
107.7763180902505,71.78034704246419,43.10688415921346,60.2961931804297
107.65727889533179,71.78567279986791,43.34496254905089,60.28554166562223
107.44706463318028,71.86922340805796,43.765391073353896,60.11844044924216
107.16422885544655,71.96857008489337,44.33106262882135,59.91974709557132
106.79968199570749,71.18212217442183,45.06015634829946,59.858785589509395
106.41717970534931,69.47777305934233,45.825160929015816,59.97780385256038
106.0585691257574,68.59565169889578,46.542382088199645,60.08292880531221
107.42289575563942,67.6358280374783,47.15849949697866,60.33019079387562
107.8766005612696,67.52064280401127,47.93725303432452,60.56056126080969
107.3661908105682,67.41062305866792,48.95807253572733,60.780600751496394
107.82320166385401,67.46927476279937,49.76624847126608,60.66329734323349
108.261488312016,67.44396742472094,50.62312275878256,60.71391201939035
108.59595052803762,67.51363127335686,51.702225931807654,60.57458432211851
109.05797104181093,67.40085745520554,52.54140391888133,60.800131958421154
109.52957904935813,67.34484263908394,53.37833679385406,60.912161590664354
110.0188066090555,68.42670895707329,54.19515252465011,60.54369980487644
109.53736240779581,69.55528834889185,55.15804092716947,60.08914526870894
108.92882484890586,69.79664487470782,56.375116044949394,59.606432217076986
108.53934328834333,70.75056004450707,57.15407916607445,59.5212524091531
109.4281789495748,71.73254989454809,57.21004509419511,59.39090995965467
110.69545341165902,72.62877204204273,56.507978753391484,59.430948248030184
112.60476767465866,72.80544356828858,56.33337601768331,59.07760519553848
112.50579553705748,74.90280135357287,56.53132029288567,58.51035375470195
112.34137428139341,75.29010393444857,56.860162804213786,57.73574859295055
112.08701002932503,75.84019358012524,57.368891308350555,56.6355693015972
111.76048321441216,76.40972057698448,58.0219449381763,55.496515307878724
111.51685658645546,76.70951992261956,58.5091981940897,54.89691661660855
112.27799749512053,75.92101753523353,58.76904063286658,54.691797135273646
112.29668814923517,74.97385666643878,58.73165932463729,54.8031966160523
112.34426998972789,74.90888352053824,58.63649564365184,54.93314290785339
113.35912024295502,74.05226311607034,58.39147817415778,54.861700679829006
113.43302071072262,74.16462574761644,58.243677238622595,54.636975416736774
113.25607362724986,74.33103005345598,58.597571405568075,54.30416680505772
113.10736355189675,74.46013323560713,58.894991556274306,54.045960440755415
113.93443662109777,74.55280538125476,59.01547520143783,53.86061614946017
113.90751515361508,74.62473083213041,59.06931813640322,53.716765247708864
113.79989104809958,74.70792114474807,59.2845663474342,53.550384622473516
113.75071559782569,74.76429193198433,59.38291724798201,53.43764304800101
113.70396472621337,74.86672100344713,59.47641899120664,53.23278490507542
113.6043096143889,74.97711461709852,59.67572921485557,53.01199767777261
113.47199644780855,75.12584240945466,59.940355548016285,52.71454209306035
113.51596513563283,75.2663331476846,59.85241817236772,52.433560616600474
114.39458062487935,75.37643825100082,59.858966653883954,52.213350409968044
114.23175796678524,74.68913392688572,60.18461197007218,51.82759962001926
114.13545408418827,74.9995194866813,60.37721973526614,51.206828500428095
114.16098883487973,75.29164906369382,60.3261502338832,50.622569346403026
114.31311562030417,75.52898604075921,60.02189666303431,50.14789539227225
115.4294149600193,75.57585503390892,59.51903900428361,50.05415740597282
115.64515881662508,75.23148322294419,59.08755129107206,50.74290102790229
115.90798560198708,75.81920935649765,58.56189772034807,51.29235195818226
116.21358951797998,75.32400289129845,57.95068988836225,52.28276488858066
116.3992357418226,75.93750028220305,57.57939744067704,52.78768317784302
116.45815500845066,75.59489035143393,57.46155890742092,53.472903039381265
116.25484363758842,75.40545971285077,57.86818164914538,53.85176431654759
115.92137657908775,76.07336734254446,58.53511576614673,54.271514715073536
115.62889297178248,76.01465052689778,59.12008298075729,54.388948346366874
115.35040683653745,75.98990768654046,59.67705525124734,54.43843402708151
115.17880405612584,76.10064763421765,60.02026081207056,54.216954131727135
115.01549318313644,76.22880901625993,60.34688255804936,53.96063136764258
114.81413941328884,76.50407133280942,60.74959009774456,53.41010673454362
114.65601073559861,76.74036838843745,61.065847453124995,52.937512623287546
114.49533665366522,76.79895534546068,61.38719561699179,52.820338709241085
114.38582062991321,76.82976746396366,61.606227664495805,52.758714472235106
114.28415296785207,76.81636971771815,61.80956298861808,52.78550996472614
114.17410220832147,76.81897929591666,62.02966450767927,52.78029080832912
114.07905538913067,76.80448799709518,62.21975814606087,52.80927340597208
114.1153135510909,75.65696678165766,62.147241822140415,53.2979771510548
115.07278445130945,75.59586852730439,62.045360439408725,53.42017365976133
116.02466983087031,75.62290522599943,61.95503655436991,53.366100262371255
117.92958097059338,74.90695808277226,61.767587348597104,52.98680801198891
119.92796081111973,72.48854069426261,61.37525920570333,52.416995481769746
