125.5,167.5,13.0,44.0
124.90153660400404,167.25179388222284,14.058873252574799,43.49641223555434
124.72316179201368,168.10914930444707,15.289990617149783,42.65606913170012
126.74160952646677,168.43190289624178,15.677355091040086,42.89541393667001
126.43763404523907,168.5738217762261,16.285306053495518,42.61157617670138
126.10537489719613,168.16846384077462,16.94982434958137,42.52014656013922
128.2402564811141,167.6270340246186,17.243652503721282,43.603006192451225
128.18548207521673,167.34989105178687,17.353201315516063,44.157292138114705
130.6389024719928,166.9132143524136,17.163419735086247,45.03064553686127
130.71323030464336,166.68327879986106,17.014764069785095,45.49051664196631
131.91705307729885,166.2439466173472,16.519990619828647,46.36918100699401
132.55347449873253,165.97542745942064,16.207196651806793,46.90621932284715
132.9730915304432,166.06636633202166,16.32998281604957,46.724341577645134
134.61941018430713,165.5675262001358,15.922333932439091,47.72202184141683
134.31614329666954,165.92438425361527,16.52886770771427,47.00830573445793
134.68886871192882,166.05856327855363,16.752732410857874,46.73994768458119
135.2413932476161,165.79626570740652,16.61723056570446,47.26454282687539
136.96905062461843,165.3039292126235,16.085618931039146,48.24921581644146
137.38872302882405,165.86067290892694,16.22516438710302,48.11461868830962
137.18202832221397,165.98468268883957,16.63855380032318,47.86659912848437
137.53449995984894,166.6476314744578,16.917136561002618,47.52422759319737
139.38755975669503,167.21211980066522,17.145830471951662,47.378954316942796
138.93472771073965,167.88075516821192,18.05149456386245,46.04168358184936
138.3592419364942,168.6634183059108,19.20246611235339,44.476357306451625
140.08339897381836,169.11791397286913,19.677452348730643,43.56736597253496
142.1439381350708,170.29730316537837,19.460484225673795,43.16064268724054
142.05336896924376,171.12657599718892,19.641622557327878,42.468429808192894
144.87165070741526,172.05719993081252,19.761846593249544,41.5666465263232
144.94097728830607,172.29111994867566,19.623193431467957,41.0988064905969
145.28662762353858,172.36491600847805,18.93189276100292,41.89045301628653
146.101354148766,172.11684131155414,18.24110710090819,42.386602410134344
147.37202327713334,173.27515530727158,17.567163951583815,42.87106707981491
147.8956041908006,173.63475462884017,17.44875039388135,43.08061670630978
150.1393408462626,174.14321925369802,17.60955846324099,42.99334373265085
150.55112130593932,173.57601937727927,17.717257817123564,43.196483212252346
152.77620823408768,173.4830255283552,17.947561473251692,43.382470910100515
152.62816333919943,173.51905739214024,18.243651263028184,43.310407182530426
152.98385239959592,173.0576831619873,18.479340967411858,43.28608781765962
155.84259323733974,172.03093646793437,18.467162168865514,43.43781358011843
156.0989081195848,170.0723602106087,17.954532404375417,44.496394201283294
156.3421164962878,169.0565220733172,17.468115650969402,45.569066332756584
157.07850963888117,168.6200841857189,16.96103065661155,46.441942107953224
158.29854762259595,168.09431867793083,16.459074145486404,47.493473123529334
159.49971696446522,167.0502021048886,16.006644859966563,48.60675157050445
159.60168276679303,166.69400485011488,15.802713255310959,49.31914608005189
161.18650936663934,165.7998755676669,15.599700400838392,50.11852452987447
161.0734260138785,165.8002164094142,15.825867106360075,50.11784284637994
162.63154103562172,165.12606773950063,15.711482022892158,50.46552519953422
162.53500737012618,164.54046187977096,15.904549353883201,50.63330980276829
162.95536300644005,164.4296129864164,16.073196432492146,50.8550075894774
162.83063414839526,164.44218477969403,16.322654148581712,50.82986400292215
163.3612239722202,164.7927976663366,16.28130442480971,51.14846815351484
163.26130557452606,164.8576175010766,16.481141220197948,51.01882848403487
163.1438875583876,164.95211501351235,16.715977252474886,50.82983345916335
163.13819651799858,164.9956979015138,16.727359333252945,50.74266768316046
163.14709218381935,165.03412696739778,16.709568001611387,50.66580955139248
163.17550486847728,165.05523979506157,16.65274263229552,50.623583896064915
163.14986946445072,164.99570938975972,16.704013440348668,50.74264470666862
163.08504482800961,165.05971707144798,16.83366271323088,50.6146293432921
163.04072169558322,165.08805967769686,16.922308978083645,50.55794413079436
163.03808157334242,165.09743944837834,16.92758922256527,50.53918458943139
163.09092609293765,165.07729773414107,16.821900183374815,50.57946801790592
163.0685442805941,165.0777168606096,16.866663808061908,50.57862976496884
163.06748806083962,165.58874347930055,16.868776247570825,50.58280774954097
163.0090529168973,165.57337337885855,16.98564653545549,50.61354795042494
162.97361425809927,165.08271348092399,17.05652385305157,50.56596774563755
163.06818740230923,164.9618896387322,16.867377564631624,50.80761543002116
163.16129966488126,164.9130132930004,16.68115303948759,50.905368121484756
163.20986627160335,164.68695563988362,16.58401982604341,51.35748342771832
163.86256171888988,164.39650540406006,16.31073234038159,51.93838389936545
163.88349949740143,164.01237950182167,16.268856783358494,51.6713303205112
164.45450323592337,163.93412326972395,16.15760461260478,51.827842784706675
164.4204503970901,164.00490966504566,16.225710290271312,51.68626999406327
164.9836146741568,164.45182677220777,16.129553939715525,51.82260798331667
166.03737553073276,165.09187970673088,16.082689983323828,51.572830992650566
166.50619280229606,165.22012913205424,16.170987566708767,51.316332142003816
166.38079721806238,165.40035969758773,16.42177873517615,50.95587101093686
168.50397336866095,165.83450558339112,16.26916638801385,51.111014227838766
169.01005889214375,165.94498515051242,16.279824586425306,50.89005509359617
168.98980897436732,166.0851141501797,16.320324421978185,50.60979709426164
169.56270444505722,166.2217344108173,16.19120260286519,50.336556572986424
170.14166616556628,166.32024279767847,16.04370658366483,50.13953979926407
171.27811009264812,165.94810559352402,15.780674110976783,49.87888651683517
171.82319441754476,166.1054016409485,15.686906500906304,49.56429442198621
172.85529601678627,166.84889664420265,15.60314860056334,49.067527064547974
172.70631778380303,166.3035232014385,15.901105066529775,49.17662477061335
173.15391067228143,166.3674499036969,15.994586221027175,49.04877136609656
173.15439263538593,166.95144883496374,15.993622294818174,48.869342047084906
173.68506548575704,166.86043344745522,15.918283082959348,49.05137282210195
175.66749120293292,166.27648503657034,15.902258475948813,49.2320629370364
175.64693515301408,166.1410300506372,15.943370575786476,49.502972908902656
175.61705173375037,166.84155539273348,16.003137414313937,49.09598936529847
175.58955340169598,166.88289309169662,16.058134078422718,49.01331396737218
175.55346941072997,166.28790123335546,16.13030206035471,49.21406779727121
175.41589214826584,166.3259542065635,16.40545658528301,49.13796185085508
175.4257650088154,166.33301308665963,16.385710864183874,49.123844090662814
175.47796773974582,166.31950117651016,16.281305402323046,49.150867910961765
175.46844723139714,166.9543942727024,16.30034641902042,48.87634720714879
175.51692740452484,166.94411534156075,16.203386072764978,48.896905069432094
175.57433877909463,166.90497742035825,16.08856332362543,48.975180911837086
175.57106441647935,166.272272287585,16.09511204885598,49.25134499073776
175.46363704463832,166.98396022626136,16.309966792538052,48.82125202148327
175.50996864939495,166.9664552879559,16.217303583024787,48.85626189809413
175.53315050592786,167.00496309532633,16.17093986995893,48.77924628335331
175.4864011947417,167.0902413982347,16.2644384923313,48.60868967753658
175.52498135103895,167.11786289483524,16.18727817973675,48.55344668433551
175.53074662533106,167.15617157000545,16.175747631152564,48.47682933399505
175.4716309623959,167.17296969502922,16.293978957022908,48.443233083947504
175.51259786676178,167.1167539942625,16.21204514829114,48.55566448548099
176.06099706623192,167.0338536312737,16.10079753180797,48.72146521145855
176.1008240309576,166.9605168677593,16.02114360235661,48.868138738487346
176.19445538413498,166.79508604952522,15.83388089600183,49.19900037495553
176.29430139117582,166.09032220689477,15.634188881920196,49.620777721647464
176.84169446826854,165.98423904612054,15.529454653214032,49.83294404319594
178.3583725072053,165.77346456969894,15.4694712364197,50.25449299603912
178.3237393375279,165.81270517737957,15.538737575774455,50.17601178067787
178.7869845683067,165.96988747597078,15.608394028297031,49.861647183495464
178.74298050273578,166.07515876649774,15.696402159438911,49.65110460244156
180.79256697860114,166.49417579098116,15.563733931043917,49.80469673430862
180.75421617989247,165.9765181136063,15.640435528461296,49.848655580875004
181.24293712569707,165.61546527301104,15.656385198807262,49.57736970011033
181.82855698473435,165.519700065801,15.474991596550307,49.768900114530446
182.9474596007009,165.4276116441026,15.215614847125325,49.95307695792722
183.49600420474857,165.46624686639802,15.105553501269377,49.875806513336414
184.0624852743943,165.90127133993553,14.956491911201645,49.98965811548511
183.87160816838943,166.1218246840375,15.33824612321137,49.54855142728113
185.24301662399884,166.2646344058051,15.546157046274901,49.26293198374595
186.5737697749049,167.05208782499625,15.834751744920297,48.67139214551617
187.31619015932725,167.7497960662741,16.31048810851133,48.256264229178406
188.0978137923704,167.37930742287242,16.713431248043776,48.01414631317231
188.29643374083656,167.52955997273727,17.30317762898094,47.71364121344262
188.56565545539476,168.06966122866774,17.758121202538927,47.62682570425601
189.42660646952817,168.27764894255202,18.03691909284194,47.21085027648745
192.19385042858855,168.44261351220484,18.49888107810515,46.8809211371818
191.96151677465804,168.53972119225182,18.963548385966163,46.686705777087866
192.42763157006226,168.0924083952146,19.039757358020047,46.5728928083
193.1380800716569,167.83766954047894,18.62701713302366,47.082370517771324
195.4946102704789,166.85796734853255,17.946458193563863,48.03364953711802
196.05535251547118,166.15165429362165,17.83452800672074,48.43672134379834
196.10195416915283,166.56866101323092,17.74132469935745,48.616005930714735
197.80106860516304,166.5975987247287,17.38562588365972,48.558130507719184
199.38411810185002,167.9652823962545,17.240294794246793,47.836608433974895
200.32650841955797,168.38926553650396,17.343523763804086,46.98864215347599
202.66287032077105,168.7439836273331,17.58962225833713,46.2792059718177
202.90079084141993,169.51174320118363,18.091828250433664,45.72173385751095
203.2099659669247,169.66935836361287,18.452525074250257,45.40650353265249
206.11586262244393,169.7868190181416,18.52640606466497,45.17158222359499
206.08433779186348,169.19835629104827,18.589455725825857,45.36962736224934
206.8745144283406,167.931432234147,17.991951622285576,45.93777713722395
207.65959719270546,167.00853257629996,17.402148326928977,46.80321421954487
209.93060612226301,167.32849741378274,16.788814625344045,47.14545558396184
209.9166453609674,167.2749457592863,16.816736147935256,47.2525588929547
212.13451083537254,166.66800051642616,16.293057969990862,47.488436185958534
212.1309519368013,166.83961752944126,16.300175767133354,47.14520215992839
215.50957123920023,167.62061944129607,16.31271291943982,46.55030915866222
215.945711949855,167.72404750088594,16.399303034167527,46.34345303948247
216.85089145003406,168.06080469767244,16.503935626671215,45.6699386459095
218.75053263763385,167.79578998417335,16.503804307763648,45.25018030883468
218.6208864577973,168.0856704664048,16.76309666743674,44.67041934437178
220.00960035190957,168.9592955795606,16.806220855922344,43.863353110296856
221.9585327812859,170.19636134325492,16.62599450324611,43.2480408359465
222.55277899662536,169.84586945251243,16.35486938036448,43.031657309634106
224.16907303580726,169.86435134874267,15.850501512833862,42.99469351717366
225.28591489320098,170.28881569693107,15.416430741005435,43.04557129227636
227.22896522892103,170.16642669849136,15.101103491287567,43.29034928915576
228.28855720406048,171.4819160452166,14.762848194195637,43.33076357548567
228.8887881620726,170.45703645187558,14.447272961794427,43.61074939492167
232.01658980503873,169.88205915993478,14.373393571890954,43.877600565084805
231.90761727410225,168.82549076275612,14.591338633763934,44.219662844842425
232.17807936428824,168.7696794757265,14.944793591052917,44.331285418901714
232.31021031113386,168.49449893916108,15.582953196801489,43.97922499259271
233.87543275522182,168.59065801366978,16.0885727083928,43.78690684357534
234.52707967131124,168.75814369577552,16.616104589839956,43.45193547936385
235.12379179152973,169.02343210563998,17.262899853894943,42.92135865963489
237.47339787914137,168.82839264620065,18.108044754423194,42.38737806588827
237.0447229368272,169.1837265717781,18.9653946390515,41.67671021473339
237.12692020102557,169.14585838611424,19.737156511664683,40.81629018505122
238.74085446166467,169.07685662152778,20.257708654361085,40.01718854823054
239.02405607207612,169.8655635845227,20.625753900045503,39.37422308874804
241.86315358374856,169.57869095066837,20.535746766150623,39.01660370821498
241.8214293971864,169.79514855288036,20.619195139274943,38.58368850379099
243.1906447712704,170.43513423546113,20.639712225173874,38.22336641665173
243.73129087082327,170.50095460619082,20.473124506570826,38.091725675192365
247.07080963477688,170.54245155018899,20.16353947275639,38.00873178719604
247.84578506824968,170.506068367537,19.516992918772473,38.081498152499975
250.41589296684248,170.36168496947775,18.84362018987101,38.37026494861853
251.09029060971903,169.40004063437772,18.38078647816347,38.521630470727445
253.55997713339107,169.75377968470127,17.84208880464833,38.694287444846154
254.64889085044632,169.6716836197717,17.410770072498064,38.8584795747053
256.5036750591444,169.52318465304535,17.17353376686886,39.15547750815803
257.1560045851459,169.33548739796709,16.737086544634025,39.53087201831451
258.50550284796947,168.7514621573566,16.63588908247869,39.83298947837164
259.22807410317716,168.65506117816008,16.927738226010337,40.02579143676469
261.79382943557164,168.6616181267417,17.05486895734648,40.01267753960141
262.30349991297015,168.60984854607943,16.914026237362908,40.11621670092597
265.45203114502675,168.40759187544148,16.759472391751036,40.520730042201905
265.6388903898467,168.09407491055777,16.38575390211112,41.14776397196934
265.6669129369527,167.90507969788183,16.329708807899085,40.64279817895524
267.8030380040658,168.80000944143328,16.43098678027973,39.72764431317366
267.9046261475275,169.76441857637022,16.227810493356294,39.52551873399737
269.3416125950789,168.9723871033334,15.924331695279534,39.39591894872032
269.9359041492398,169.22086781742638,15.58532127317293,39.74853020674939
272.56759575882995,169.588052206584,15.413470620640812,39.862750189542226
273.69862746194576,172.25251244008962,14.845710734098018,40.46389204144188
276.70979205795504,172.63433518832468,14.742209452064175,40.54579338925532
277.09072932979615,170.75433654236784,14.82518299661708,40.08155023999366
279.4445045527305,171.93611442049087,15.155927962971452,39.39742628782196
279.6725304592554,171.64672077668027,15.53574860003102,39.14034112533359
280.3933160967062,172.14665993285894,15.772132748615958,38.97944052471945
281.20511912865965,169.94928763625455,15.830284043084387,39.169791721990066
281.54294458278457,170.57061606392176,15.999282330606857,38.77178406242802
281.9298093784325,172.36995372454385,16.067481375274014,38.54082328503554
284.610067522212,170.55474953254867,15.745842073253321,38.81198034533371
285.1895425381252,171.4060124775851,15.424895979925678,38.78546233225807
288.17916353214264,173.9884335538704,15.268997124286582,38.61205715031245
288.2033932525413,171.89120229224983,15.22053768348933,38.673342123652844
290.0932351488262,171.24946296131608,14.747451643294298,39.13017134742659
292.61738399166467,169.9616347008686,14.647457583428315,39.23167605541611
292.5222501576038,169.638370411292,14.837725251550012,39.05383393856877
292.82947532751047,171.03415568384258,15.048521287083716,38.73800251950879
295.6976547882745,169.9384527590713,15.083670067823192,39.28040616840343
295.5454195366587,169.81721439335885,15.388140571054794,39.52288289982836
296.2011072248393,168.32836338252466,15.760420592402422,39.97510182493362
296.97010423727676,168.65095350866284,15.93236038580396,40.18488848179548
299.09994898138046,168.49834592812095,15.97790402367324,40.49010364287924
299.9541706819058,168.73260929522598,16.001939385635332,40.88781629017558
302.6617893338873,168.52563593204331,15.820942452661683,41.30176301654092
302.81415913474336,168.25666472873922,15.516202850949673,41.83970542314911
305.12925383408594,167.84859543279958,15.272428880165085,42.65584401502841
305.1655123542357,167.98744491131947,15.19991183986553,43.26267606171055
306.1376627927575,167.50396129183093,15.039338617183931,44.22964330068763
306.4992687505822,166.17003539222327,15.218827789194469,45.09209292458294
309.14139203370496,165.9722725918551,15.44395497185543,45.48761852531933
309.30052163156813,165.9907417446802,16.053649843983628,45.45068021966909
309.3614942033206,165.2829535594953,16.870216068656575,44.98923385368323
310.56272570376103,164.78195046302739,17.3077600821314,45.044571041833834
311.89758619280866,163.6576694199388,17.50398629050037,45.38250167036814
312.53391316858557,162.73340874417187,17.195004357096625,46.26735100375194
313.7488528533215,162.16499438567354,16.70669223307148,47.40417972074856
315.3979978881898,161.79388327570575,16.342939569370422,48.14640194068416
315.9450127836921,161.7074497498753,16.231035513074143,48.31926899234506
318.9818125813904,161.15808533012978,16.05267952330057,48.43545723089893
318.81477195729667,161.9336287844665,16.38676077148794,47.86530210360273
319.58266212079775,162.2311988171581,16.808836660559315,47.27016203821957
320.45011181332404,162.31257979528448,17.030179259187157,47.10740008196677
322.20767509205876,162.68065406406575,17.434272343028752,46.37125154440423
323.2528353663599,164.18183472482303,18.27367210362216,45.3220370956867
324.8948030094146,164.55519686191113,18.895933982229902,44.575312821510515
325.5421256338317,164.82534395058983,19.554969810687535,44.035018644153105
327.33885239291965,164.89934897965296,19.88411536796086,43.88700858602686
327.697604734695,164.85148549966644,20.150890466274678,43.982735545999894
328.66077314348735,165.14184428769425,20.20522702213298,44.39235465666578
328.3649146291815,165.2507081034977,20.79694405074465,44.17462702505892
330.794188316817,164.86405277973753,20.960394103501315,43.9435381869737
330.82355464738964,164.77477948992134,20.90166144235608,44.12208476660605
331.5378369665293,164.69305670358818,20.47855590877861,44.28553033927241
332.7538943277535,164.7965442532673,20.04735438592884,44.07855523991412
334.02973010545566,164.69590331659265,19.475511809539,44.27983711326345
334.774188307443,164.05189033265918,18.969389684717456,44.585068801977215
336.73895086191186,165.69645642892215,18.95298285775043,44.23077532092921
337.4921292386401,166.86502219790827,19.39238262774983,43.8394003064129
310.68802939797,189.81002497670954,19.37761430609572,43.7726583150055
310.3100857348085,192.3457246878723,19.159763581607375,43.56994914673605
310.44045872776996,191.37116987248564,18.899017595684498,43.58510606449052
310.65818083887143,191.2782709083073,18.4635733734816,43.770903992847195
310.6737940258111,191.54055099679746,18.43234699960225,43.246343815866865
310.7724133984831,193.00659744548187,18.235108254258257,43.16269194199401
311.2651736375744,192.7968537758689,18.194375183569104,42.63739187372652
311.35201436425683,192.32138093491676,18.020693730204194,42.651845749944115
311.36606970882,191.92576764810073,17.99258304107789,42.50944197455776
311.39684029733905,193.77262817149852,17.931041864039784,42.54004140072921
311.41438700978205,192.89332270160352,17.895948439153866,42.43778699581003
310.98326233602523,192.3505337872012,17.829859932832242,42.595026970779514
311.0044364336964,191.9018302199534,17.787511737489947,42.56300021276703
311.0321923926011,192.78803706504,17.731999819680542,42.64703135570013
310.99074144412845,192.54994379211328,17.81490171662582,42.19476896416412
311.05430919626235,192.93530755954407,17.687766212358024,42.34744238099067
311.04937581415777,192.67046294315122,17.69763297656725,41.953781286830264
311.0684276119474,192.68662085083432,17.659529380987884,41.921465471464124
310.6886952630254,192.14281059416007,17.502281540583887,42.09237344656465
310.7833465478515,192.87884539200607,17.312978970931653,42.453083236884694
310.77437149268496,192.544724907294,17.330929081264777,42.20310426170617
311.2658392103684,192.19679074100742,17.262936904603805,41.98402933557336
311.2617118434583,193.07752821323652,17.271191638424188,42.04372231937564
311.1492074235353,193.3224029246598,17.49620047827014,41.55397289652911
311.1045768618458,193.47143142233497,17.58546160164901,41.255915901178774
310.8120560636389,192.6975127169461,17.26469705306809,41.89794716696164
310.76412186520514,194.09372634583445,17.360565449935574,41.83364950289855
311.23135988148306,193.69738253388692,17.336241215579182,41.71618532859412
311.2147803116642,193.32968523280422,17.369400355216918,41.54355072146187
311.1515572329712,193.01122344591425,17.49584651260301,41.27434381739622
310.82742157901174,192.2293875790996,17.23962964696019,41.93352737746386
310.50294206819115,191.59215456387784,16.979145164269937,42.29854990357592
311.41387807865283,194.34778776854756,16.977390195358332,42.24763465027196
311.33157044157787,194.1073148256338,17.14200546950823,41.819284660436054
311.80242882516245,193.23791854424638,17.106354931451,41.74594476498703
311.3725203176473,193.1826842814598,17.06179397584305,41.85641329056017
311.36169616287214,193.56486469913622,17.08344228539346,41.99722737721214
311.27812371734285,193.75306822963375,17.250587176452022,41.620820316217106
311.2388781543691,193.16961223565903,17.329078302399427,41.88259495643317
311.1776641051932,192.84753336268537,17.45150640075132,41.61645471927311
311.25418335587335,193.5954128815485,17.298467899390975,41.93796548768657
311.17538177365793,193.77186461703684,17.456071063821867,41.585062016709884
311.1964653535888,193.32398100762867,17.413903903960048,41.572565854840065
311.1377787278709,193.06076176077895,17.531277155395834,41.191667648413954
311.1342326949244,193.9227291501639,17.53836922128896,41.275576975795204
311.12679669688936,193.36836382143647,17.553241217358963,41.47905001407959
311.1361675162787,192.93850777173486,17.534499578580224,41.43030746104258
311.1881766230804,194.22294066670804,17.430481364976956,41.58370304115465
311.2466449463821,193.22099236090355,17.31354471837342,41.772018214772906
311.23088803465095,192.8092754429313,17.345058541835776,41.687021415699164
311.2682667891466,194.04372977205665,17.270301032844525,41.941409431308095
311.26779124942146,193.14044424207435,17.271252112294757,41.92777761877789
311.1697732253609,192.88892341745728,17.46728816041577,41.520897111992554
311.2678233089834,193.16669278647507,17.271187993170855,41.87289564584719
311.17781706756335,192.94457838981072,17.45120047601092,41.40799322337678
311.16322117122644,193.8289820972059,17.480392268684803,41.450436446091985
311.11322664770546,193.45026346423316,17.580381315726772,41.3011201178178
311.1004627203432,193.05970260427532,17.605909170451213,41.175873384052316
310.7358301669816,192.4064705093121,17.43016177719624,41.577325074000356
310.78077382367053,193.66421485874272,17.340274463818304,41.78491587018057
310.72756008986977,193.29240676593048,17.44670193141989,41.619441716491565
310.7436809733532,192.8426109342085,17.41446016445302,41.61044051059436
310.7461524169727,194.18457267782935,17.409517277213983,41.65019365424092
311.18444820188796,193.7995070394655,17.44130304420166,41.51194759415041
311.11706736341563,193.99814330725042,17.576064721146302,41.114675058580616
310.69773315189514,192.86077170334366,17.51113067126045,41.58221332054053
310.76727879808664,194.08018978333337,17.37203937887748,41.87096778049338
311.22264690490965,193.26221376777093,17.372195720394778,41.68513470129175
311.1410894669139,192.96251700149875,17.535310596386196,41.37630887821518
311.1955224431872,193.7917195042159,17.426444643839716,41.53121627135601
311.1468954575186,193.93008235241874,17.523698615176876,41.25449057495033
311.1415839669592,193.35247030791368,17.5343215962956,41.50502044626491
311.1875560134236,192.8546341020788,17.442377503366885,41.59219839669426
311.178821503623,194.19155098088362,17.459846522968046,41.64273593489443
311.6487847416993,193.33600887943922,17.429081296583174,41.53549763824791
311.1685064911431,192.83072141004158,17.482566444646537,41.63900122399424
311.25314004035516,194.00375894266753,17.313299346222383,42.02145523358784
311.25860449648496,193.14741387767555,17.302370433962835,41.91011225763998
311.20114939233144,193.29492308551227,17.417280642269873,41.61509384196654
311.1671403311344,192.9781756317127,17.48529876466388,41.34057954700879
310.8167316682336,192.76392234786547,17.280859397894755,41.76908611470328
310.8795902571651,193.125955630332,17.155142220031827,41.95282822405588
310.77239586916875,192.87145109125274,17.369530996024512,41.55361679638351
310.77980905035145,194.1359492952795,17.354704633659104,41.74345378104567
310.7573371282886,193.25251057515024,17.399648477784798,41.69283285839946
310.7395394552376,192.86264082045835,17.435243823886772,41.56375567627609
310.801484685165,194.15595026995,17.311353364031977,41.69989967696114
311.2554255606135,193.79835044580065,17.31082507140063,41.507745866994284
311.2187440511373,193.3410192452927,17.384188090352964,41.51783129290177
311.2150299847804,192.9354107177019,17.391616223066773,41.42302647323783
310.8248294399316,192.76934167331686,17.267229897798828,41.75516456200793
310.7861135186806,194.66682280410487,17.344661740300808,41.58966826623958
310.80400864993914,193.7946243256384,17.30887147778373,41.521352271957234
311.2063404222032,193.40429536632197,17.40894625856246,41.39727186528335
310.77554264761176,193.3597679119119,17.3658187694041,41.48632677410353
311.2807184457154,193.33573240630398,17.260709839481066,41.534397785319385
311.2628287205221,194.24718605826192,17.296489289867672,41.51963555908962
311.2224943018235,193.77221552701133,17.3771581272649,41.56508245468444
311.5542803222181,194.94918309255922,17.620164157758886,41.024303466155054
311.4648715830026,195.08747899163507,17.79898163618985,40.747711668003376
311.5160427406489,194.47136458290402,17.696639320897237,41.07770648734356
311.5903626899921,193.86840967953987,17.547999422210836,41.37841932415412
