38.5,137.5,40.0,111.0
37.323926902401354,137.06143700945603,41.3521461951973,110.87712598108796
38.66303209791744,137.4886427483595,43.33202338843745,110.02271450328104
42.35556179726277,137.59698744570903,45.35618008948249,109.80602510858196
43.82106401661811,137.91327793130623,47.19562422425725,109.17344413738756
48.911304458211305,136.9952254787734,49.05833798317104,108.60091011403318
56.15421248458986,137.00561956058027,49.17111002163807,108.58012195041943
62.944407179372874,136.7746743525573,47.764583378262394,109.04201236646537
65.09646829097346,138.11385935340098,45.87722339545506,108.78040460517187
74.14370438909555,138.2439029331155,44.44053443625817,108.52031744574288
75.79581294226122,139.77097047332055,43.48678544677125,107.81665048217724
85.34291374024075,138.19500087640068,42.97970943268891,108.6451989782824
87.58873915631496,136.26826241575228,43.14055647587571,110.17242696191157
93.98838515406932,135.83110876132795,44.447445267156134,111.04673427076023
94.24053464048492,136.96228787798654,46.33004901683664,111.17127875995477
101.5638310796443,135.2775323067549,48.638505208177214,112.11864003532389
105.56633459073313,134.89205624798018,50.53993076088294,112.88959215287332
114.53038983002867,134.66161288533544,50.26015680961984,113.35047887816276
122.83197258311122,134.71574140085104,48.7946881348672,113.24222184713157
130.27225450452877,133.8633619712724,46.39205949055723,114.94698070628884
139.55096522716428,133.43595838878724,45.17761061785749,115.80178787125917
144.59036259624835,131.74948706050913,44.97148666432822,116.70656283165576
149.91030713481456,130.5074422613604,46.71881757407638,116.71320843257706
157.17361170509895,131.07809171241277,49.75353040327063,115.57190953047234
158.4062477635702,131.54174525891767,52.38052648373615,114.64460243746252
163.17066433314898,131.42198279886054,53.16716355712524,114.88412735757679
172.40595914196237,129.23576819599597,52.86922084216952,116.66046414863865
174.71916383719574,131.65582315428367,50.859456574519186,117.05364447769611
185.9046646432675,133.8117082956682,49.18469042936799,115.32890362830099
195.99488108093078,132.7061276332304,46.73235583077554,115.00747948507178
205.26539899133826,130.91471025720344,45.582762318657146,116.1058224787405
205.95417949090867,132.67498607930258,46.6849715248694,115.06504103989528
214.7205315218157,133.27260067968018,49.0280792436831,113.86981183914011
220.49279195171988,133.71750154905226,52.53614481452347,112.98001010039593
224.18225716112872,133.9942413804219,55.38694161883446,112.42653043765665
231.80191236834452,134.50800798465787,55.74117420447689,111.39899722918474
241.8085893724611,134.60092366143894,53.858162286787824,111.21316587562256
252.15104309229957,135.728607528879,51.056430518993935,111.51253752244003
258.91550388384553,135.07451173683646,47.56864452893991,112.8207291065251
265.4959714656426,134.25050900707097,44.27909937582537,114.46873456605607
273.4883818748099,132.10744487800324,42.89217652628347,116.32187982939274
276.0550322510754,130.73251877808144,42.62803268615173,116.63715357303673
284.02442850669576,130.7621408204506,43.72945726618525,116.57790948829836
287.3272730813615,130.63164595571874,44.483700043938825,116.83889921776208
296.360123442091,130.76490554562463,43.71214993592281,116.57238003795032
298.14005825475584,131.10299432115036,42.6052006679996,115.89620248689886
302.0437736497937,132.64711736259852,42.067745998296395,115.23128177746005
310.77382503851373,133.0218412572699,41.43659702687,114.4818339881173
318.6899318969091,133.06061155048386,39.896642688196664,114.40429340168937
324.06619588309724,133.0833488944948,38.556283319625315,114.35881871366749
331.4689616870897,135.0423961446138,40.04673909846869,112.76872241154783
333.6291600309261,135.82361161359222,42.72375369979672,111.20629147359097
334.89543106742474,136.61016642309485,44.907983537814346,109.6331818545857
341.4474190585617,137.12522661063736,46.052687859772206,108.6030614795007
341.51447111336034,137.41989064298497,45.9185837501749,108.01373341480547
348.3822456322702,136.5348867300687,44.02983630055324,107.41438092299836
354.20023281701634,136.3850302057478,41.702917750852066,107.71409397164021
354.143403342991,135.48277942131853,41.81657669890275,107.22852299073968
356.5350296297666,135.45590957643975,41.60361798798484,107.28226268049727
361.12382770200617,135.2255308085855,41.5544492306085,107.74302021620576
362.27787128188334,134.11993669382937,41.53419025947721,107.66638025709501
364.90822075223315,134.50045672794403,40.84622609250194,106.90534018886568
371.9305855255511,136.70840356113948,40.38032015660384,104.75258379093111
372.0748872052535,137.72931215607042,40.091716797199055,102.71076660106922
374.67039415456145,139.51926035256815,39.27976289432337,101.32040020594388
382.3574196696917,139.6899217252186,38.99122795909044,100.97907746064303
382.5398396606427,138.82141033032252,38.62638797718837,100.5710833938247
383.8506283222058,137.85263920278308,38.137446703088514,100.37598959987729
386.1905263320291,137.80681637978574,37.69979691638047,100.467635245872
387.65209953727793,136.6075865316529,36.89117220515952,100.7515732428609
390.1912497125721,136.72964780886673,36.02090162087851,100.50745068843324
390.1003825263576,137.21839593955463,36.20263599330744,99.5299544270575
385.7764956089413,139.0548763007659,38.62796097984582,97.93114332073301
385.64234999988815,139.669880583625,40.991075044114524,96.70113475501485
387.77908615926475,139.8254093485114,40.9558402464049,96.39007722524198
388.854318986595,139.73200695907974,40.91938474631928,96.57688200410539
390.1695673040619,138.6333155303284,40.40494770165879,96.65820527133468
391.53288523537435,137.55978689121565,39.786439271067444,96.69713511752656
392.919592834833,137.22713708709045,39.1107436030355,97.36243472577694
394.3223987358642,137.05114955316427,38.40040063362554,97.71440979362933
394.6295548371397,137.48078339685043,37.7860884310745,96.855142106257
397.4749819119817,137.90275781873495,36.22392632479243,96.01119326248794
400.3815274444478,138.28968853253394,34.459350390695384,95.23733183488999
400.7379823955371,138.94461683539762,33.74644048851677,93.92747522916261
402.85558262340385,139.49000226058664,33.4109120964059,92.8367043787846
405.1066030823934,139.84332551498073,32.76529553380176,92.13005786999642
406.2210316406442,139.06226999120486,32.442891789689035,91.78571554515926
406.18643884678914,139.170322185803,32.512077377399144,91.569611155963
407.09469640627384,138.26702281740884,32.589441889098175,91.48233026208277
407.01488461798556,137.67432329157705,32.749065465674775,90.7736922865379
407.96397932234527,138.02203788390733,32.73769705294343,90.07826310187733
407.8826717075813,139.48521430883832,32.90031228247133,89.0286039143353
407.9269868121685,140.96235969181072,32.811682073297035,87.93895304034268
408.0528126962994,141.34156255556155,32.560030305035184,87.18054731284103
408.28750432963295,141.63032271005588,32.0906470383681,86.60302700385239
408.55910903543844,140.8286650618209,31.547437626757098,86.3909424549245
408.8076559808306,139.95018199283695,31.05034373597282,86.34533145427217
409.15121717888474,138.97507663452353,30.36322133986443,86.50259653644748
409.41783808713524,138.1989793847041,29.829979523363424,86.27205153500879
409.661343616137,138.33086293928528,29.342968465359995,86.00828442584637
409.73304649653596,139.36718207541423,29.19956270456206,85.69280481893205
409.5891693648688,141.51306413867007,29.487316967896376,84.90116407624157
409.2439778825107,142.96290210173436,30.177699932612562,83.74552589635155
408.8997209528718,143.52855225270287,30.866213791890395,82.61422559441453
408.73444696292745,142.2227911533173,31.19676177177903,81.75304636025388
408.7120618438162,141.37979037466866,31.241532010001656,81.70907844852923
407.9456108942173,141.17841837767037,31.044290867794437,82.11182244252578
407.09369585270366,140.3174427923031,31.015753968044642,82.10140663048347
405.45856390915515,140.57766032080178,30.822607130563362,81.58097157348608
404.64845204963495,140.95967196303127,30.722040493889565,80.8169482890271
404.0378528980413,142.39178248066895,30.235186577822397,79.66077947300616
404.3089048261058,143.92118748814744,29.69308272169348,78.28473640476291
400.7083954446612,144.35807649704037,28.627385376930455,77.41095838697701
400.9082728294762,143.8466353834423,28.227630607300476,76.81215733152881
401.048805388424,143.85074692587793,27.946565489404815,76.80393424665756
400.2206085239294,142.94351937696015,28.00222315201328,77.0176532781122
399.87321948196876,143.3708328574304,28.697001235934522,76.16302631717173
398.0220005375855,144.817026968995,29.189245339575365,74.8757349866054
393.79460711676467,145.20671390386337,29.66658880701214,74.09636111686862
392.73302992764184,145.54004971334734,30.19691526161818,73.42968949790068
388.640049026209,145.9725666452988,30.41948895730339,72.56465563399777
387.86033024065625,145.4530859899275,30.394757547987,72.01944796431837
382.5985940131923,146.3106108269368,29.8871127572422,71.88027218253873
382.64199132801076,145.63424137326942,29.800318127605305,71.66813217937762
377.9446345123613,145.5895539340128,29.833318736775645,71.75750705789085
377.9334389896986,145.71344092910368,29.855709782100995,71.50973306770906
376.54480346996297,145.0724462282986,29.51500899962823,71.23273655834726
375.34957695357053,145.14832399823914,28.807546644790982,71.08098101846615
369.67062247247634,146.32804021798876,27.891791883241794,70.25575654443412
369.6638539170752,146.59952705711038,26.3992891850049,69.7127828661909
365.0051201291656,146.91053802449886,25.415948721411816,69.0907609314139
365.1267538028348,146.54493901810537,25.172681374073502,68.37700041741667
365.01928841667495,146.77776441455518,25.38761214639316,67.91134962451709
363.32828683384287,146.96370866145662,25.914423763090255,67.53946113071416
360.92035325150823,146.42074103039815,26.435086058403947,67.19366143637927
356.3282770424309,146.59317360760122,27.00266335013326,66.84879628197312
355.38253602248534,146.9852545813409,27.45288035574345,66.06463433449373
349.433489565101,147.36826587905483,27.84711291157667,65.29861173906588
344.67568939919937,147.75424932788394,27.32528160751174,64.52664484140769
340.1382395088077,147.86781659078338,26.50524309873808,64.29951031560879
340.2860586479392,147.25146872809327,26.20960482047507,64.13644240431086
338.32963605830867,147.06082814561,25.957948051568906,64.51772356927742
334.7234163927497,146.1111230749982,26.224531380325693,65.02796251002877
333.23611547279364,145.49698887802333,26.39663549689399,64.8549820423066
329.8359182226184,145.60675352255447,26.187907541260042,64.63545275324428
328.6694933067598,146.4586983557265,25.73084493005355,64.32651930836205
323.3921121931742,146.7726285999425,25.2265767191527,63.698658819930074
317.62572236290276,146.94457036124263,24.48001203164255,63.35477529732981
313.8448655853485,147.06648075437704,23.965163304966815,63.11095451106097
313.80935642557057,146.54620500376427,24.036181624522666,62.818134648464145
313.0057296461708,146.69389128314384,24.312981145265557,62.52276208970501
307.20047370340274,146.75352394503952,25.27404649238855,62.40349676591362
305.8951254495178,146.14465637780387,26.538126633934432,62.274615534161
300.7464076516174,146.31181021155254,27.265363148359345,61.94030786666365
300.8213102817134,147.28719850129386,27.11555788816738,61.364692916362976
295.44670527328316,147.50691614292208,26.951142372105302,60.92525763310653
290.3524687909355,147.55280761432644,26.299958269609757,60.83347469029783
285.4337880483653,146.712677966294,25.399975580359303,61.17156596456384
285.2128834096048,145.81107398983363,24.510653993756275,61.64364305336059
284.59314368361015,145.2025802900612,24.428031322053013,61.53852832921291
280.02333537120137,144.9474423836663,24.333812621840075,62.04880414200273
278.53881945904953,144.9090810016864,24.653328428533765,62.125526905962516
273.698099296884,145.7841989919391,25.01381805034599,61.706855311531314
268.9441364192936,145.96982527652105,25.197930245547383,61.33560274236739
268.3988434650032,146.41285242878635,24.958609371468917,60.44954843783677
263.45019960974435,146.87616017584034,24.35263095056595,59.52293294372877
258.7370009482602,147.772761349857,23.468496502260923,59.01854706710465
255.29337499649003,147.34477504916856,22.760771788816157,58.60869023231735
254.4165105761947,147.5525180224523,23.267194542306722,58.19320428574991
249.6161607987637,147.0188046693656,24.11516360228541,58.01024092122567
247.16237941803917,146.9891545842633,25.234229628647057,58.069541091430295
242.15506504065146,146.47148066008953,26.264607441754233,57.82142451953951
238.66618538141793,146.99491564109414,26.75251096478086,58.07252571661836
234.12192520261485,147.1801382309884,26.670001422784765,57.70208053682984
229.09444731950788,147.176635860914,26.298320097512807,57.70908527697867
223.74175993681388,146.91572816546565,25.331299664391494,58.230900667875346
222.1443393362229,146.82323601413512,24.6636240095622,58.415884970536425
221.48711690520727,146.9644012971422,24.699679813285805,58.13355440452226
216.74308587686912,147.0294689103136,25.263052069353822,58.00341917817948
212.48601342830793,147.44855892782746,26.079095795437624,57.165239143151716
207.30464014505202,148.71135155278895,27.44536353194057,55.924865154658555
204.7472432707891,149.64169705173046,28.6872796052067,55.35513338186212
200.38477152945822,149.56486973692628,28.283819115079673,55.508788011470486
178.18989137727272,139.37950379556153,28.495176960625685,55.089683442988246
183.73838065269933,140.99953897663937,29.069999686830933,54.443346697956635
184.04852873904204,132.15989474275625,28.44970351414556,55.258441189620534
185.39245418237445,144.04434949086925,27.060409006739278,57.46065927856567
181.41050860772364,143.45686001961886,25.877868339909995,58.63563822106645
177.4572893149067,143.107516894549,25.96645937136384,59.334324471206145
172.7143916970716,143.18863645854316,26.249811558919312,59.172085343217894
171.20468532068656,144.83147750847593,26.634682088513465,58.520945466528275
166.03813257187034,144.93428704429525,26.451067337388785,58.315326394889595
161.9828179371718,145.1772335244825,25.40293324362072,57.82943343451512
157.61141839764264,144.50242851581032,23.88201669253685,57.89607899809168
153.07578398587592,144.36261337123034,22.896858286548756,58.17570928725169
150.89759799310522,144.32211972085216,22.27910654176155,58.256696588008026
150.11178879627712,145.06129651740937,22.617089972172415,58.01197795813891
144.57388797563442,144.72531378962594,23.803433660029174,57.44776116952718
143.26846925968428,145.64052837524648,25.165064923440475,56.8665381667751
137.3699242428296,145.200300259225,26.843299173425503,56.48213742585247
136.15161058843378,145.1345625895765,27.991301672880944,56.61361276514951
132.1554913899531,144.79075866659954,28.120794664280968,57.301220611103396
131.06494739986044,145.50727903233383,27.656421857030633,57.190910273352685
126.4228405568162,145.33754524869016,26.43606378997368,57.53037784064003
123.89827313808402,145.28291378052276,25.001447002516628,57.63964077697483
123.86005571407448,144.4730835870389,23.804729170232708,57.98614848363957
119.77494082097843,144.29970486743318,23.176117436261,58.332905922851
119.27723195221913,144.8463614782888,22.920763434965764,58.49036443995362
114.81782071406018,144.07563175405687,23.10028803461417,58.78335276317896
114.19886453281079,143.90088556163423,23.082319080198648,59.132845148024295
109.89225832595821,144.64586258237745,22.871528072088168,58.903463023940056
110.01095608713536,145.39133740823561,22.634132549733852,58.66602623504631
109.55311128556252,145.50641103444548,22.303961843866226,58.43587898262662
105.36889616152584,145.57612741591387,22.015869812145993,58.29644621968983
105.49091378589505,145.49418485601998,21.77183456340757,58.4603313394776
101.33869045593076,145.40606630193187,21.484242245742845,58.636568447653815
100.80729531516259,145.18261085498213,21.32226297537526,59.083479341553286
100.84849126307361,144.38041650438362,21.2398710795532,59.45964560211833
99.54020016997734,144.1809725183966,21.392261077044836,59.858533574092355
97.01215996840212,144.10832889957766,21.48617789106296,60.00382081173026
96.95466049116024,145.28400551882734,21.601176845546725,60.14109142986793
95.62519113133685,145.95604143549374,21.763415936549613,60.04536941085706
93.7540156950831,145.8501956553321,21.75601507395514,60.25706097118034
93.54371263579985,145.68397325894477,22.176621192521658,60.58950576395502
91.06806055535952,144.8299519730221,22.067351528988016,61.03240487969677
91.00463405871197,143.89464979646516,22.19420452228312,61.63351802975947
90.3504849746616,142.91387532595445,22.222143956993754,62.314708237390704
89.69142908225103,142.66143147189814,22.249678991342286,62.81959594550334
89.0063482688714,142.41508081927822,22.321570015305422,63.312297250743185
88.27487506044905,143.54989487032066,22.477923603604303,63.655854805749954
86.29524024554604,144.1144441261408,22.494228209890327,63.841077968616325
85.59212293937912,144.1763994223666,22.58320712584329,63.71716737616473
84.9538305752185,144.07475205244302,22.542688339216703,63.920462116011905
83.71087685980713,143.96843320603676,22.39006532949949,64.1330998088244
83.79368325624029,142.8961661577809,22.224452536633187,64.95811022867
83.15988140086563,142.32644584325783,22.163806636530843,66.09755085771619
82.56907168978738,141.73346956230566,22.00209085042958,67.2835034196205
80.66561710118253,141.29487831896364,21.737375802014355,68.16068590630451
79.95964586434506,141.59852746565605,21.78453656600625,68.91816932260281
79.1995137252825,141.1531285352213,21.928427305353217,69.80896718347228
78.3748873082271,141.5089206980996,22.186050940359195,70.48901205682056
78.23076229849686,141.37116337811398,22.474300959819697,70.76452669679176
76.92313178131491,141.0399321096453,22.259162135376304,71.42698923372916
76.16938253858153,140.03901983794208,22.346047390263447,72.00820054655597
75.51235383108434,138.97020960913295,22.229669706092388,72.71538590500873
74.86761882145534,139.34027818833,22.080857300277017,73.41353117168804
74.18902606128988,139.886637158548,21.99265342343826,73.76620262842165
72.78990020614495,139.63367198701042,21.89344004849091,74.27213297149684
71.93071102336228,139.80910115678452,22.15778967027147,73.92127463194862
70.90404588685269,141.04749154685695,22.75713785770972,72.89847593738466
67.56668697646337,144.7789679894218,23.62943125564207,71.23794747510125
66.90885687659332,143.4494285139611,23.501999937514306,71.01084339028696
65.72483364628643,142.47816704274544,22.994969899182014,71.5158280832452
65.86275128879046,142.43521012738327,22.719134614173953,71.60174191396953
65.33914675237862,141.2170143827464,22.334787829541686,72.60657754578729
63.403699428154326,139.09664347303064,21.889622146911677,73.96994581116644
62.7161972822686,139.7223273798539,21.814930771931234,74.1682736642718
61.26642109132614,139.7079858613307,21.81227122922528,74.19695670131819
60.42852603702197,140.34607956634954,22.036600308653227,74.3722303204609
59.65158370247417,139.48604322867897,22.132386774199368,74.63420479225266
58.93456032692207,139.27981955223703,22.102862160885078,75.04665214513653
57.20461965780169,138.23584658860764,22.625061864809183,75.665757255237
56.15158874048858,137.33218885825158,23.243859846229636,75.98580886274331
55.993605863657734,136.45717491104193,23.55982559989132,76.23260056532808
55.22248121117097,136.23947323917162,23.589515318605066,76.66800390906872
54.29638990804748,136.74479834936676,23.92243539947735,77.17661621405314
54.18873810108673,137.59734838083153,24.137739013398864,77.0041138242532
51.82001927281226,138.60894530444182,24.2727959695748,76.51504687715695
50.86385370156692,140.41963735560356,24.655435934532548,75.95304512989937
49.81297496829344,140.45402598528574,25.228436868474162,75.88426787053497
49.48157898632142,139.65702853431713,25.891228832418197,75.93999190126422
48.5135721717721,138.57147031144382,26.276086065913837,76.5599519514079
47.51991623877151,138.1197340560102,26.69641932143948,77.4634244622751
47.331683479168504,137.6255627695237,27.07288484064548,78.45176703524814
46.42504269667306,136.3791425355292,27.2777836668294,79.3362247644301
45.38226485565147,136.81943017515775,27.738648761301558,80.08034007274404
44.10145490072209,137.4585511874747,28.6566110865003,80.44575563277013
42.62285150855026,138.26458732968206,29.948302020211827,80.49919919898761
40.99253308244553,138.28316912878518,31.51933900830268,80.46203560078133
40.22952088431031,138.04956812588546,33.04536340457312,80.9292376065808
38.90082121359522,137.605721634836,33.9516068204465,81.81693058867974
38.761904002041085,136.1688471968481,34.229441243554774,82.91066238047156
38.655053172784385,135.60186084666176,34.443142902068175,84.04463508084429
38.46820282309818,135.0515635185975,34.81684360144058,85.14522973697278
38.22587972902498,134.72950185695103,35.30148978958698,85.78935306026574
37.96652495882567,135.60177365399022,35.8201993299856,85.90595383115874
37.57521917184189,136.67878690832924,36.60281090395317,85.62395040824312
37.39970297948095,137.82871282989146,36.95384328867505,85.20590038720617
37.353935728853166,138.55543931856224,37.04537778993061,85.63440671418441
37.33700976226366,137.23762942052906,37.07922972310963,86.38026502887166
37.297455249308584,135.7330114994602,37.15833874901978,87.48837421864727
36.435698636188995,135.21907451651455,36.9633409772741,88.51624818453854
36.49298779250559,133.65501095731597,36.848762664640915,89.71450019500469
36.48887527252446,133.0754654679049,36.85698770460317,90.87359117382684
36.41420509903001,133.6812887326418,37.006328051592064,91.6238521606339
36.171095108187075,135.70803047715162,37.49254803327794,91.52106463280816
36.180933420847076,136.7980497839898,37.47287140795794,91.32354185946014
35.978625377815945,137.7971278918793,37.87748749402021,91.30471052780601
35.86603325363784,137.6320760547515,38.102671742376415,91.63481420206156
35.444004994480935,137.20200113643892,38.94672826069022,92.49496403868673
35.30086813290055,135.73126744486174,39.233001983851,93.41411029095764
35.184318291191545,134.14617737695608,39.466101667269,94.5436561774213
35.25238252510607,133.6457624509165,39.329973199439955,95.54448602950052
35.44578267243231,133.0897268550869,38.943172904787474,96.65655722115966
35.57246171927737,133.73613881779767,38.68981481109736,97.44587692624025
36.6549758602624,134.6824681958759,38.61374971629197,97.64218135724843
36.59914125436988,134.82827066544917,38.725418928077005,97.35057641810195
36.769072066873534,134.77410792272383,38.38555730306971,97.45890190355263
38.08893882702915,134.5043194561886,37.82954253056573,97.99847883662306
38.00469731165197,134.1578925456341,37.99802556132011,98.69133265773206
37.90611595002153,133.84232103162205,38.19518828458097,99.32247568575617
37.8315899670683,133.5389877414732,38.344240250487445,99.92914226605387
37.767820945660475,133.1537162744392,38.47177829330309,100.69968520012185
37.6834931211567,134.0471468951734,38.64043394231063,101.04452934564975
37.38945412484943,134.06104703818045,39.22851193492518,101.01672905963561
37.17292942227322,135.28854350217165,39.6615613400776,100.71154059554752
37.12032564105342,135.36549158272192,39.7667689025172,100.55764443444701
36.78280093822409,135.0821086306562,40.441818308175854,101.12441033857843
36.31780567271229,134.691497732485,41.37180883919946,101.90563213492081
35.15171537574622,133.9981682169974,41.50318822377538,103.29229116589602
35.07756159455153,133.4665185280312,41.65149578616476,104.35559054382844
35.0926819424884,132.97650571211165,41.62125509029103,105.33561617566752
35.148385645350196,132.4700218550972,41.50984768456743,106.34858388969644
35.285440179899105,132.220457482789,41.235738615469614,106.84771263431286
35.50175576996011,132.33942456370346,40.8031074353476,106.60977847248392
35.576959612679325,133.80560449918363,40.652699749909175,105.9355509144201
35.744294719685655,133.79473716587307,40.318029535896514,105.95728558104122
35.81919378254631,133.56381006832436,40.16823141017521,106.41913977613865
35.79327096133961,134.43848861916408,40.22007705258861,106.9137913037519
35.678528652957795,133.85944976834023,40.449561669352235,108.0718690053996
35.649294343650496,133.50616999258372,40.50803028796683,108.77842855691262
35.56465585031943,132.94718058955385,40.67730727462896,109.89640736297238
35.6322469880513,132.65670510513038,40.542124999165225,110.47735833181929
35.50498676376399,133.60636073238058,40.79664544773985,110.88678657930103
35.415992352856,133.8584554725028,40.97463426955582,110.38259709905657
35.437322799146436,135.35228293437075,40.93197337697495,109.71012245048806
35.57826533536766,135.73348330253162,40.65008830453251,108.94772171416636
35.782451085072026,135.9830976475019,40.24171680512377,108.44849302422577
37.20165298662311,135.78617189123784,39.67765757765717,108.8423445367539
39.42916022744958,135.60396873325305,39.762241797207054,109.2067508527235
39.14327393452694,134.1380817090144,40.334014383052335,109.86199742410233
41.20647025752832,133.74546248751676,40.80002008761835,110.64723586709762
41.83263070607357,133.93965646117397,41.86351453479971,110.2588479197832
46.103443985158165,133.6742587071571,42.6394562835655,110.78964342781691
48.06667252053265,134.69719148283102,43.414814882011704,111.09468571106669
55.16266583589642,136.4782279224919,43.437773878087576,109.90177043621212
56.245911020133526,138.24559785103588,43.623740675268024,108.71948774477889
61.71797256525494,138.41123573518254,42.034818726035944,108.38821197648554
66.06554981025272,138.39358899877973,40.25668647308159,108.42350544929116
67.47462032248572,138.17228149914422,39.712802524227,108.8661204485622
70.6224457960003,136.40049417161993,40.22947094267717,110.13892198178436
75.55664538279144,136.16723172121687,41.85240630059446,110.60544688259043
81.791207076517,134.55951752115436,43.388195689229164,111.48672315336788
84.1364452302578,134.01731783363238,43.44632295484378,112.57112252841183
91.68968242144234,133.80066741945754,42.685139714293925,113.00442335676149
94.75851613699004,134.50827172012325,41.31433452600656,113.97264587683412
103.00479201040874,134.3231657033267,41.42976812591664,114.34285791042717
108.51956522058592,133.6863967242747,42.29990677023653,115.61639586853124
109.78989448724312,131.90579390898932,42.173071719677864,116.76377801634625
113.14024451730305,129.91620388014456,42.75609288477547,118.31505099896329
115.77110457210522,129.57097704627478,44.87609472243289,119.00550466670285
120.75138772434875,129.33059709286925,47.45873046235549,119.48626457351389
126.3295889627295,128.8939965295993,49.11116850128822,120.35946570005379
129.95691453424146,128.6706495185478,49.66773221365736,120.8061597221568
139.56833101580008,128.53623573037072,48.785254670189644,121.07498729851096
146.92159052180244,130.25927577271267,47.11986392119797,120.23713286642965
156.45093688285897,132.46071497465888,46.02660083641368,118.40074441072703
159.5722786447209,132.68029705159677,44.825138472563125,117.96158025685126
165.73350950566655,133.2245354187696,44.9666216395126,116.87310352250562
165.03951313708615,134.11252549758862,46.35461437667338,115.09712336486757
172.4177104657384,133.68383777370036,48.951627148154955,113.47544060853181
178.3080665981377,132.84752287789576,52.18124834230568,112.64634815698278
187.8281042814114,131.40727555196383,53.51231058485724,112.98045060770923
196.2821724062081,130.6333314398591,52.050885491435615,114.52833883191875
204.18989440481818,129.47293813184626,49.09250523879502,116.84912544794439
212.9227961993082,130.84207401289075,46.94394778159261,116.6637280411517
220.50499645221757,131.87756325492364,44.33984806355098,117.10480971464133
224.57264712405134,133.287790563055,43.61999450357204,116.75617102627481
232.42698313163913,132.42922438376957,45.08855597487899,116.01941288677685
232.75294579876274,133.23350913087296,46.90632477296087,114.41084339257002
241.78609474914782,132.54872206496307,48.67205506043935,113.30141400085874
250.5519693856659,132.5402005044839,48.60025096781628,113.31845712181715
259.0297009525931,132.4932275596364,46.604327490354436,113.41240301151208
261.5616577666839,132.31246501098022,43.99968997766431,113.77392810882448
272.1244283505218,133.68771132213448,42.21834579407984,113.44146010952741
282.14376411037233,134.03476423879073,41.22996342730268,112.74735427621489
288.2356569915564,134.46448224550835,40.813969633486465,111.88791826277962
290.58062304483815,136.68650260800962,43.12538468584175,109.7776599240833
297.0593316719868,136.45259529743356,46.5836493074367,107.90037713439364
297.80388585783237,136.96044465859194,49.853471334418145,106.88467841207685
306.3127435599383,136.81403446415328,49.79048042338172,107.1774988009542
308.5629529931218,137.84788634473256,47.715318320871475,107.53505180365234
319.47563076261724,137.58707627548213,45.04278596644007,108.05667194215317
328.5445418029077,136.7092460308312,43.38632680834289,107.45785201395742
330.0129075067272,136.66158704258157,42.76604204731381,107.55316999045667
336.9370068516294,135.54143278399613,42.758421365097,107.48671550636297
337.97999896672957,134.64595694933456,42.978110240765616,106.9719940698171
345.62646915956475,133.88330475515963,43.800551346531904,106.1951011022474
350.47487720253406,135.11658337312622,43.32633345537862,106.0341934150105
353.40865234436234,135.32143196687008,42.04860934892363,105.62449622752277
362.18892079372847,135.83490473974348,40.35203001669533,104.59755068177603
365.4611600623895,135.9679980363365,38.25000967141601,104.33136408858996
373.7410825892596,136.76425051830842,36.947640203327964,102.7388591246461
375.1268401735409,137.74253649280948,36.309516955774036,100.782287175644
383.2085237679729,138.4095631125777,36.89773372713178,99.44823393610757
386.14165632171216,138.20372754683262,37.288020141707186,97.77438789357976
388.0377762432644,138.5927320570319,37.6329664439869,96.99637887318117
390.2687542554959,138.83627134590623,37.29827225147784,96.50930029543254
392.83676131701617,139.13378140998446,36.26357693266436,95.91428016727605
394.0416664262774,139.51473783080309,35.87735017213663,95.1523673256388
395.19278505749963,139.5515692130301,35.58085817497725,95.0787045611848
395.38052786263034,139.5135154277736,35.205372564715844,95.15481213169781
396.724203557968,137.9860411075245,34.51171118857015,96.21607075766633
396.9711724583752,137.12124977493517,34.01777338775578,95.9493392966471
398.0611402146748,136.47378204005364,33.8214068383356,95.26070580323106
401.16724164788343,136.76775774927648,33.51979948229465,94.67275438478535
402.0668624426594,138.31055569264103,33.67691362366732,93.54351422898092
403.95097310216073,138.934950027467,33.79489800138118,92.294725559329
404.61515605020446,140.5138470370767,34.39394608620265,91.06434552101858
406.696545142765,140.9484710303363,34.072396962426296,90.19509753449941
406.7404066414313,140.51300186765508,33.984673965093656,89.16363305109955
407.9197637973841,139.68522914591279,33.512027218203286,88.93311092956891
408.05011289328536,139.0470434552965,33.25132902640085,88.33520015876408
408.19400456997903,139.4644646346875,32.96354567301357,87.50035779998203
408.3944468604769,139.7512843052544,32.562661092017834,86.92671845884826
408.59842729620146,141.16194768596188,32.15470022056866,85.93391349046314
408.79536401419256,142.70411841273165,31.76082678458645,84.6565614388783
409.06955093432236,143.27900542463095,31.2124529443269,83.50678741507966
409.2469948774741,143.5877248528896,30.857565058023354,82.88934855856238
409.21549785937185,143.03164542867987,30.920559094227904,82.26137970953124
408.2864869321185,142.03673701019915,31.04629806100859,82.51891365876662
408.0927647077787,142.1429239715913,31.433742509688173,82.30653973598231
406.9158837496083,142.72893771741286,32.04536028119866,81.13451224433918
404.0630020227326,143.03497013437195,32.54224863314952,80.52244741042101
402.9330525820508,144.49988693616885,33.06578743975803,79.32897388158223
396.5685159747349,145.28405740682928,33.69544640115264,77.76063294026139
396.5117560083504,145.77358697251512,33.808966333921596,76.78157380888966
395.6831087728427,146.09870554433212,33.76141480381262,76.13133666525566
393.2107866139092,146.1095217601479,33.62224399147032,76.10970423362406
391.53683706836665,144.16124569748249,33.58645019638882,76.62256347278834
389.0891779524082,144.60452528170936,33.38587042118464,75.73600430433459
383.98101452054294,145.06550917196415,33.50848024246617,74.814036523825
380.9823866762266,146.49848694365016,32.82134160979491,73.61917956077897
378.6118584776994,146.0758348829455,30.995428651253683,72.8227413432894
373.84288687011355,146.53267539242583,29.346833080945082,71.90906032432872
374.1534012162564,146.89644921695344,28.72580438865946,71.18151267527347
374.05610051686193,147.10534517585634,28.9204057874483,70.76372075746771
371.5688032101795,147.39555705374468,29.30004128146377,70.18329700169102
370.577945633839,147.9227375661126,29.75172140076846,69.12893597695516
365.07994159341104,147.54161741296872,30.088010811154668,68.3683593303187
361.1702562733831,148.0000284818815,30.318621453245786,67.45153719249313
357.3839055337118,148.1135456496865,30.34865171840251,67.22450285688312
352.21908961165354,148.49029610798556,30.137879496108418,66.471001940285
346.68968430199124,148.5912775230265,29.26740085350461,66.26903911020315
345.5854977888903,147.71561325399495,28.529846453042623,66.54740393493434
340.99114324990467,148.00773529259027,28.93459517017894,65.9631598577437
340.64524668546767,148.2086428156843,29.626388299052902,65.56134481155559
337.49412600476813,148.40902099745807,30.05255219084909,65.16058844800806
333.00883787496815,148.62159842133963,30.19913924405246,64.73543360024499
328.7687277584065,148.0865535204648,29.87705057149338,64.33847191771417
323.89045771184266,147.46867851652542,29.443925117909302,64.11855541891987
318.5137697951905,147.77454803020746,28.638031605376124,63.50681639155577
313.34200645451915,147.77295279380996,27.60608985321334,63.51000686435075
313.3742419275328,147.17854991139512,27.541618907186017,63.29496638491469
312.40439392670476,147.25028793244292,28.081711090086692,63.1514903428191
306.81017861675855,146.757895215695,29.420941636653865,62.72924719441136
304.8812158936293,147.09962517032167,30.430194207090736,62.04578728515797
299.5190597826534,146.62339064859842,31.131040412140507,61.566332611904215
294.40541325534326,146.92544615765522,31.299080908706202,60.96222159379063
289.75178178291344,147.71901186997053,30.588692645836957,60.80618319883553
284.55253492978517,147.95281952242192,29.65464520356735,60.33856789393272
278.9194302093384,147.2716115581374,28.378516573901514,60.30739070355073
278.20372537701184,147.0216196032574,27.0679777607817,60.80737461331074
273.69255784177057,146.79947195256847,26.603185279427823,61.251669914688605
272.7834525627226,146.8331008076205,27.0678433069339,61.18441220458456
267.7617353043364,147.04614147069088,27.585979862657457,60.758330878443786
262.66003105613623,146.73798231486592,28.24365193792509,60.01097255850328
260.5261586341128,146.89505329168023,28.418448146937273,59.696830604874684
255.29113129892644,147.2259676833622,27.986174832914053,59.03500182151073
250.3632320378478,147.9289044569919,27.07682925426955,58.974771286851585
241.6409352525673,147.80452322587368,25.91673811320526,59.22353374908801
237.35410581068265,148.0715902560429,25.30528928860506,58.6893996887496
237.25590112566874,147.60179426341048,25.501698658632897,58.33532267455102
232.4174126025661,146.88937472387306,26.134569425290078,58.468146570833326
228.00109470955684,146.2959091165895,27.136845991014596,58.35001791535145
222.7407450712273,145.70399404141804,28.411337726557182,58.21296127410631
218.4180268434333,145.82954423458193,29.01042390324121,57.96186088777854
215.1798222438346,145.7625295464072,28.748034652666608,58.095890264128016
210.90708993292282,147.15814335174704,27.877231380509116,57.995024908871486
175.01027063854843,153.10715188151121,26.59700493299794,63.369012312459105
175.69389024950874,152.64990463844083,26.613756617979572,67.05148861240437
181.90732093253575,148.165423412414,27.122105905863126,71.70871417981215
187.7094666458341,147.0235844341954,29.135557109702816,73.9923921362493
194.03108650427873,144.02607125340663,29.147208835571156,78.40555706748216
197.35514237090376,142.30480354010945,30.725381407206896,81.84809249407655
204.14550490069453,139.26308819265932,30.927565943919873,86.20865948943995
211.01124717921473,137.6404443935254,29.717512181580958,89.45394708770777
217.37792585323973,136.11122489127126,29.674721543810733,92.51238609221608
221.58492341755914,132.03945336737084,30.538337792384333,95.08936231368948
222.56327172598068,130.37986108802437,32.39741802464251,96.50065844783177
228.31719586394576,129.77914338453283,34.62316927354912,97.70209385481485
234.22940651622613,128.49415309302597,36.935342078286865,98.25256099364306
236.9868736605499,128.51133962879123,39.69681299200595,98.21818792211255
243.65348216987405,128.44081000790771,41.18959043646246,98.35924716387956
247.96318226224136,129.4032445656353,41.15631234790381,98.58090857246839
255.87865694571033,129.33040975766014,40.36930244848853,98.72657818841871
263.6153525612529,130.64735260674658,39.85678095443248,98.22995959553572
265.03374313168894,132.01062443670375,39.14101444258256,97.62443056464349
272.129373766503,131.95871240877244,39.646753147502814,97.72825462050609
272.7327685374106,130.79798877275184,40.550030320730556,97.93963517750444
279.6196836897796,130.90062146134642,41.68026541392267,97.73436980031525
285.6259244451973,130.92443985974347,42.544987354191356,97.6867330035212
288.927534143411,130.7283317860245,42.42406425668175,98.07894915095912
296.9125245161123,130.90117306335338,41.60418414031554,97.73326659630132
301.8368704975816,132.0593922454989,40.33485431400667,97.56166876616771
307.74619933405484,133.31769661645103,39.11566841667525,97.16495437938653
310.456586628228,132.5583549663255,37.87993287621991,96.59111815569204
317.9913242790032,131.70596830997516,37.24612328964414,96.23365350911072
318.89835842706077,133.03649139245883,37.477831117623396,95.61838346823778
325.55828590023253,133.1741786444175,38.445684936863856,95.3430089643204
326.9662507849355,133.41361692113165,39.73858072374852,94.86413241089213
333.9327910795893,133.5575895693087,40.29885294041547,94.57618711453802
333.7470619655805,134.81898103417421,40.67031116843317,94.12964205107832
339.3594550401117,134.82503157281207,39.827270991917715,94.11754097380262
339.2551512223246,136.02772086260447,40.03587862749186,93.77345045721744
340.3550789945027,136.17589288991755,39.896035162115375,93.47710640259128
341.62140322759643,136.2767875237013,39.416653407533005,93.2753171350238
347.1717669387713,135.1527061041054,38.52534332384653,93.48159650648296
348.37663146149055,134.13537540146427,38.1446765510508,93.48719563912249
348.45406581478164,134.09249652888366,37.98980784446857,93.57295338428372
353.7688721215301,134.01942076339904,37.464500534918706,93.71910491525296
353.8431276862745,134.02272215174784,37.31598940542983,93.71250213855537
353.9528743936875,134.08552887561478,37.09649599060383,93.58688869082148
359.4815056201486,132.85494735317155,36.06496509178059,94.04290542488812
359.8808030171867,131.48256019748388,35.2663702977044,94.79444590535024
360.28274122280334,131.28221016696529,34.46249388647107,95.19514596638746
360.66602149693574,129.40979522551174,33.69593333820627,94.97825027392314
362.1187082867067,129.32363118307114,32.75446007521844,95.15057835880438
362.48361069456524,129.58397457307885,32.02465525950126,94.62989157878896
362.6653130728393,129.90582504036473,31.661250502953187,93.98619064421715
362.69894245313327,131.3056663358956,31.593991742365183,93.09930041484286
362.6929932187826,132.62922369132076,31.60589021106663,92.35115017541872
362.83286541795377,133.07857890353054,31.32614581272427,91.45243975099912
363.009392020861,132.48143857701564,30.973092606909688,90.77604580412992
363.2221800095915,132.82463028452642,30.54751662944873,90.08966238910834
363.24927499162015,132.29605401066823,30.49332666539146,89.30969673009402
362.4095794453219,132.75563542449737,30.347673134414634,88.3905339024357
361.64147847258886,133.15775783124386,30.07455169198723,87.58628908894275
359.8911918449888,133.61979246307192,29.98929401878196,86.6622198252866
358.84049417911723,135.03254102826975,30.312469171602,85.61494287381404
357.9682132044702,136.47910235395193,30.287855526676744,84.49099581666901
353.0405849419715,136.9589251540909,29.626850167059988,83.53135021639105
353.2593350696316,137.31331592707897,29.18934991173971,82.82256867041494
352.55912883397525,137.65861254660197,28.880727054545076,82.13197543136891
351.01253697858886,137.08954212912522,28.586707197651737,81.57651448248939
345.99609989716936,137.2674320036729,28.5374390879259,81.22073473339401
346.1624666095124,136.74588466588852,28.20470566323984,80.5894325907482
346.18388194918833,137.02349734893568,28.161874983887966,80.03420722465393
341.2524318008593,137.9468491140418,28.120660173477,79.83818954561985
341.3622390145301,138.8306657193272,27.901045746135477,79.71770284373646
341.10392196370657,138.28842732390603,26.776233832834713,79.16073361963105
340.70724834659353,138.76495724857244,25.9565212286669,78.20767377029827
339.9304079399129,140.00001844305007,25.925643559215874,77.32210986415518
339.6749118056295,140.13948167044566,26.43663582778275,77.043183409364
336.3795781689323,139.63533980068348,26.72021263665102,76.4746945327568
335.1541096639537,139.96149807961356,27.59731076152186,75.82237797489664
333.2811712971939,140.31309894885754,28.182344861542546,75.11917623640872
327.6299282926635,141.41473987572493,28.418412435081077,74.49681130203427
326.84812018000866,141.84612746482236,28.40577619664264,73.6340361238394
320.59647894408863,142.30152939730584,28.399693089314994,72.7232322588724
316.3515543220684,142.50500057015773,27.58649055879635,72.31628991316865
316.59820035043674,141.87466299208427,27.093198502059607,72.04685157329908
316.05651218959326,141.14206160676014,26.659174875989116,71.99465439618987
310.7764687721047,140.2962658087166,26.657354471709297,72.17740210095442
310.6872900422438,141.18406629189008,26.83571193143107,71.91322302182476
307.5736515317499,140.367234270592,27.019555031470716,72.03602858418382
302.1968491188495,140.27423890033646,27.161711602312145,72.22201932469491
301.72783054549706,139.5449188348158,26.578612063650482,72.15952277036965
297.0644536568873,139.31286706699152,25.33713457971045,72.6236263060182
297.42450198095554,138.54090227209153,24.61703793157397,72.67365271045429
296.75731748169744,138.5734227552585,24.469895026866524,72.6086117441204
295.73063760932064,138.57941776752256,25.045350618435364,72.5966217195922
291.54367783309,138.48044026494625,25.978189376821838,72.79457672474481
291.07481226098184,139.14286383067608,26.915920521038124,72.9776914401317
284.5693201751813,137.84899078239806,27.706797867560425,72.51041083041804
283.60279568789144,137.01544293022735,28.104796277722848,72.64245597034206
277.545348786506,137.65867898311674,27.867097282617976,72.90005796429774
275.0054538227563,136.8281597756806,26.772870796530977,73.01759227577341
271.7219831583017,137.79955939064723,25.712292354959292,72.60029699993632
270.4321595053194,138.0070739038005,25.29118605209172,72.18526797362978
268.2489086655244,138.3549125021292,25.19720297630294,71.48959077697235
265.73570186398115,138.76883752471963,25.797968478740316,70.66174073179148
263.9127475280244,138.17929852467972,26.4953165107329,70.3665384119108
259.9067221403729,139.966729752746,27.09425993435156,69.75691889645202
258.4966479503609,139.57277372894134,26.945139273564724,69.06019642365588
252.9238192067349,138.96476402962975,26.31495920306007,68.8042361275595
247.64535684496494,139.71963374751408,25.21566992162302,68.75152344241295
243.7468017526268,139.7654993260066,24.393765156971273,68.65979228542788
243.76530363512956,139.90474069830702,24.356761391965755,68.38130954082703
239.45607091818928,140.28854713228745,24.481036825068585,67.61369667286618
239.18147144606885,140.39227379423795,25.030235769309463,67.40624334896516
234.49415995235984,140.93214634398333,25.92119403046495,66.3264982494744
233.52240705932894,141.10928072445367,26.450224543174517,65.97222948853376
228.4680261443237,142.2182571644802,26.627149908736065,65.17311038911625
221.99296082748543,140.69876104862522,26.882810706678974,65.39110932399652
218.71642733905287,140.46450925678914,26.345008355246215,65.8596129076687
214.6761439382363,136.83435562642484,25.933526549715992,66.04321299576114
167.9523139067735,149.88175150773782,26.27939011539995,70.98235339888235
168.70024216006044,145.84398721660972,26.271073063987618,76.08280307081544
174.37063150172483,141.48821047180567,27.41109996816543,80.11405446510855
176.4740168521903,141.66547500398516,29.757042017930868,81.39770358842367
183.74901928159562,140.2036088451767,32.19690507048487,82.62244911490413
189.0757957665602,140.69208361442634,35.626069371460666,83.405839235268
189.8515361588203,139.82878468530726,37.73968719626178,85.13243709350614
195.4635915508313,138.75621617167798,37.88392745190159,87.27757412076474
201.9927806454387,137.11513035967494,36.39519083674725,88.63147214909407
210.81780693787175,136.4789213181177,34.116789157340676,89.90389023220855
218.76822418388068,136.1169699414938,33.408222007903156,90.62779298545631
221.91687281900832,135.99692413751177,32.8008350765137,90.86788459342037
227.8374450925235,136.20333011619647,34.18339340361052,90.455072636051
230.45114059193827,136.80878970836193,36.588466139124165,89.24415345172011
235.7748287456756,138.46806445850854,39.47701179237701,87.85930708867363
238.81535262255315,140.0121228519857,41.254729285648,86.73588161347585
245.86161302058207,140.24664614710844,41.01824883414599,86.26683502323036
253.54024493737137,140.193869947731,39.44046527712384,86.37238742198525
261.3655635609918,139.07529754593475,37.387353173334546,86.66702863365612
269.6743952833279,138.8991295428718,36.05530852524787,87.019364639782
271.3093964528783,138.71209252280914,34.6775298154768,87.39343867990729
277.7074819500483,137.45268201890417,34.99299868323591,88.03916827884598
280.8793558322682,137.41514313375035,36.201203742707435,88.1142460491536
286.65994037145424,137.87432579905717,38.01402566539406,87.19588071853995
291.8205643776536,137.74219773918335,39.269088491975566,87.46013683828761
299.14183982311397,138.6881246870257,38.31338670448137,87.5235471002353
300.85890533948736,139.66457424056694,36.81864653302873,87.51003885444712
309.45094157313173,139.6434773242437,34.937097108608825,87.55223268709358
317.94247171104195,139.49222696207542,32.99404150875951,87.85473341143012
321.3122766781627,139.4998615216286,31.80307764996507,87.83946429232377
327.1918110147155,140.08935827441596,32.83906710685061,86.66047078674903
331.4366164602681,141.4336402258403,35.32754043610693,85.801587587294
336.4301226759356,141.7669473476863,38.3730080992793,85.1349733436019
335.9687867155244,141.96892947055764,41.2015559053239,84.73100909785929
342.4011789033295,143.2371600126391,41.98200976384446,84.14386776142929
348.8928037897378,143.41749954825585,40.72434606753409,83.7831886901958
351.1782239929757,143.02694778539694,38.08073684445338,84.56429221591364
360.0224415074992,141.66830508861307,35.532189478306414,85.38909165161888
364.95151012887897,142.44916375575121,33.11195250023238,85.68684938351387
366.27669324621405,141.49842021713295,32.282220076813715,85.7677026494989
372.3585128771751,141.54162052993075,32.766919045951774,85.68130202390333
372.80139191581674,141.72245717151839,33.695532013272015,85.319628740728
378.56666849235006,141.88043845251642,34.94560522928723,85.00366617873196
380.2711517422074,142.95244473679531,35.22368059550641,84.70317454314106
383.38458809145726,143.1675159696329,34.5291948922628,84.27303207746594
385.6129168383491,143.28157984102324,33.72376628499892,84.04490433468521
393.30861610899694,143.33421075896965,32.79642607889585,83.93964249879241
394.2879988450667,142.3788975592289,32.62760626791053,84.06032323711969
399.6670211893726,142.19551664118427,32.601494964645916,84.42708507320894
400.3833101642187,141.38975355777296,32.96236045267506,84.24516780231018
403.8202989783325,141.71638218527784,33.277555697594906,83.59191054730042
403.71045457142293,141.86280889110918,33.497244511414095,83.2990571356377
407.45173678338534,143.15792867397883,33.18771326756639,82.50207586491773
407.5437441891816,144.39263837850098,33.003698455973925,81.8089525775153
407.586036017736,145.58779038989573,32.91911479886518,81.18170954294673
407.65397460730367,145.83719784465245,32.78323761972982,80.6828946334333
407.6967315934466,145.02693462383064,32.69772364744391,80.56046738560073
407.7518216780261,144.04057979077928,32.58754347828494,80.79350427103168
407.7042136071063,143.16643267992782,32.68275962012451,80.80073707519259
407.5689057145274,143.0320645079199,32.95337540528237,81.0694734192084
407.4057846508752,143.07636888466578,33.27961753258675,80.98086466571664
407.4177615746663,143.22101296167438,33.255663685004464,80.69157651169948
407.203820845672,143.66369718518047,33.68354514299314,79.80620806468724
407.10932147891083,144.3609658504176,33.87254387651548,78.41167073421296
402.84822870839696,145.50662198867337,33.74712739076596,77.84987886305692
403.0227154130068,144.81191655629294,33.39815398154629,77.5200934313362
402.4058933407606,144.97160803502095,32.92351709831742,77.20071047388015
400.90626218288287,143.76878691423678,32.53219244168637,77.91105922925519
400.14692570975876,143.75982790779545,32.352254985100544,77.92897724213789
396.95319604209254,143.96592316541174,31.956997373566388,77.51678672690531
396.23053428065833,144.38341306650983,31.719586752895417,76.68180692470915
392.3948860829266,145.5576019509911,31.058364182691975,75.99993294887997
392.69836026383933,146.02555369961877,30.45141582086648,75.06402945162468
387.7107996431097,146.30442907696235,29.08160260057206,74.5062786969375
388.0734363168628,146.64440780429902,28.356329253065844,73.82632124226414
388.1473466309656,147.10229435568047,28.208508624860183,72.91054813950127
388.0244190944695,147.58862167451053,28.454363697852376,71.93789350184113
386.36395103780916,147.92683616613445,28.694858151090333,71.26146451859329
383.8561819657421,147.4250689674989,29.106008479429924,70.73020297726623
381.39437860971793,147.6370533422865,29.42621294830692,70.30623422769102
379.12482852578654,147.63516749687375,29.36319010877674,70.31000591851652
373.87978699864306,146.94605163249085,29.12242040176166,70.15525868138207
373.44372082723953,147.03693219503447,28.468069699251558,69.97349755629483
367.8764771265858,146.2195934125334,27.504563630405283,70.09592593752775
368.1414241928849,145.15859299238298,26.97466949780705,70.72109446761024
365.2908189655849,144.2671453240905,26.690671507986657,71.00768769309009
364.5846921975259,143.174978060827,26.607622443144464,71.69671961865693
361.4970279454192,143.14840632214745,26.768317525455117,71.74986309601599
359.7588354614602,143.3388476010332,27.23008128604743,71.3689805382445
356.19821463114886,144.34604655200005,26.8005293260413,70.86474136043654
352.8923680665628,144.73817129068863,25.93606300592323,70.08049188305941
351.91192672203624,145.2840599573334,24.96000641664183,68.98871454976981
348.7025939877574,145.6352543436462,24.202310933641986,68.28632577714421
348.81159111202254,146.72300607141642,23.98431668511172,67.52236920981109
348.6750781486207,146.85530077337563,24.257342611915423,67.25777980589267
347.5964076056852,146.9379034093814,25.016803788760484,67.09257453388115
343.764865561648,147.2305617941244,25.633790956927484,66.50725776439509
342.5055278742517,147.44472936750668,26.74054426331032,66.07892261763055
339.33146972381394,147.75586206914312,27.386516356305144,65.45665721435765
333.50015663607076,148.10145929640342,27.624742161569372,64.76546275983708
329.41508393697853,148.3854975431945,27.26109114814254,64.19738626625492
327.886197580451,147.82423675659885,26.095824356123234,63.912228004421415
327.3434648587175,147.10213829298337,25.798369081227936,63.973504213290184
323.2512569745969,146.44931143346005,25.711721259755553,63.90064733405124
322.9345977450016,146.255649774149,26.345039718946165,64.28797065267338
318.60789398081766,145.73370539076146,26.641928932950147,63.93910636705449
318.4953359994561,145.93403096536423,26.867044895673253,63.53845521784892
312.973985030492,146.99757000373253,26.780054975112826,62.802588623423404
307.6460116530266,147.1106260163927,26.403509495609242,62.576476598103035
302.47173831376057,146.98134980828462,25.798901727433844,62.835029014319204
301.2080448627788,146.2862864102638,25.601986136970282,62.86300456414726
301.19788067790876,145.67450299901682,25.622314506710424,62.727516652460906
300.5185843788044,145.7301788922548,25.623439385574592,62.61616486598497
298.9992085783509,145.66975112002214,25.95041863676485,62.737020410450285
294.5655516845591,145.9940249901989,26.63715153865471,62.08847267009676
293.5077442538707,146.1104898584858,27.386532325490393,61.855542933522955
288.6430846498704,146.26981056015296,27.483391231015204,61.53690153018862
284.61143850497496,146.34005473212866,27.307749388336546,61.39641318623722
279.5048781572999,146.4648120985477,26.576560055510548,61.146898453399174
275.4579373294019,145.59101989450244,25.209452361477936,61.5429129543713
275.1471552393383,145.7507104286757,24.497922745617878,61.2235318860248
274.7930849354432,145.69699305944593,23.890220194987457,61.33096662448428
270.16433291773757,145.65783215958302,24.001985810451803,61.409288424210104
269.28798165571334,145.67123832243178,24.44503256972937,61.38247609851258
264.5385946287323,145.98722457893012,24.723529220054964,60.75050358551589
264.00224923807764,146.87784142633623,24.48315799841477,60.28233189365322
259.13693400669115,146.3875099769677,23.79733534831345,59.96093815328105
253.79279884174605,146.54476504874395,22.91859869842247,59.64642800972857
250.38093484545954,146.72476727633276,22.152325308281558,59.286423554550936
250.37289602473246,146.82168832865673,22.168402949735714,59.092581449903
248.8439180622525,146.81894249312472,22.739144499800318,59.098073120967
243.42705535100652,145.39076843228455,23.541425986570374,59.446560258716886
242.29403567372248,144.53906993934297,24.534191395466017,59.87668329892757
237.40187936552738,144.2783943585735,25.238591678348676,60.398034460466505
232.61351040841046,144.258532089962,25.595415718663915,60.43775899768953
232.03475151700593,145.8083748644467,25.428915216928857,59.9861100178083
226.33988914191443,145.1146253294288,24.987582379075953,60.059047133617845
220.74032217590025,145.29097484758398,24.41651405458948,59.70634809730751
220.86007921808027,145.52963413639546,24.176999970229435,59.229029519684545
219.68851069728143,146.3030021845582,23.957199944139674,58.963761957202735
215.83402952347922,146.3607852385761,24.02368266135636,58.84819584916694
214.9617075125171,147.192007426004,24.495059814997337,58.459018342594376
210.23823378455117,147.48061338181373,25.00981626058831,57.881806430974976
208.14750421129582,147.65593981384188,25.36088266782307,57.53115356691864
203.64245064166266,147.8720711332249,25.425606662865118,57.09889092815261
199.26408783583872,148.84211279502094,25.272763277168853,56.43160317560971
194.61802866217522,148.2395093801781,24.481253313864325,56.37635646646646
191.3244946439454,147.4933094399495,23.593891706697566,56.623018072985914
191.43819142480214,146.23495794071127,23.366498144984057,56.672489778673665
190.77157383503913,145.45505292258034,23.469438283686216,57.00200477411166
186.25121401927206,144.96396182918082,23.852109307411574,57.98418696091066
182.76937179740946,144.74794984500278,24.526841587356937,58.41621092926673
181.33357352060366,144.62493130659345,24.846491732857544,58.662248006085434
176.86519230669836,144.60929688692562,24.787028693350994,58.6935168454211
172.8403868836754,144.57244710975087,23.844619702299095,58.76721639977056
168.9345471115969,144.48986064032295,22.77386779628929,58.93238933862641
164.24550862774677,145.17763355279484,22.134512457692093,58.80902255196978
163.87049701900852,144.58583327106527,21.645592915872967,58.75368035613329
161.95175722506923,144.74287699554378,21.795017926323748,58.43959290717626
157.93235286691532,144.97112835333024,22.46849689708155,57.983090191603395
156.6957152320096,145.2480387891821,23.70866285249751,57.42926931989966
151.63843487923356,145.58271259989954,25.09241253247137,56.75992169846479
149.13229031357372,146.43647797017272,26.318587988142404,56.314428849801274
144.88476397198426,146.7370911181182,27.15135793545545,55.71320255391032
144.29614316940945,147.53043526012934,27.045820924073695,55.409292886419436
139.49784118954446,147.7207627617205,26.43027168595723,55.028637883237124
135.13964324021998,146.9467145346494,25.064328355293505,55.316441933715254
135.7996835851686,145.95534708652517,23.74424766539629,56.05853053613565
136.1691840039497,145.98265915475844,23.005246827834046,56.00390639966911
135.22277160831263,146.5620911372693,22.469548775559183,56.05930385642195
131.14016206660543,146.56656155643486,22.196064341572058,56.050363018090835
130.55163050675864,145.91366007300672,22.172603727594172,56.155642251275566
127.16638051255283,145.95852275574947,21.733409903127512,56.065916885790124
126.16314635181294,146.6281318793423,21.354923573096137,55.919175964360036
125.74715700142805,146.35908350384662,21.003308752694263,55.27367919417976
125.54272236090475,149.86354443615042,20.244133164045714,55.273026547743086
124.97349168629825,149.13172265210315,19.073845653319903,55.58229568586821
123.88215028709732,148.28055349443235,17.843800396380388,56.14705798276266
121.40970561102296,146.52186250263486,17.173249118794033,56.29517558851657
122.91845767773816,145.66030853064066,16.381384653317923,56.905463698527846
100.9332407796488,146.04047032849869,16.08242616244862,58.3586097171642
101.82700476564067,137.1784084266082,16.538095733202685,59.25875195041178
102.65723681198766,135.5127576742929,17.16320022513145,59.16170057810828
103.59800306021714,135.9155685735456,17.587825573420254,59.50915770197675
103.67100558652528,141.86761753210806,17.44182052080397,61.59549464458311
104.29204788592385,138.30194041192465,17.392283913417856,62.7641089278948
102.43907533419838,140.58115013266826,17.474042733667375,64.24599995840995
102.31550294690354,138.27401638119514,17.72118750825707,65.16900214746572
99.05070906191867,138.3646336581814,19.258672499126924,63.73974189871825
105.91875195184957,132.17708867311973,21.857706320419787,61.036259929314205
103.47724124847876,144.01711989897228,22.943462737478313,62.6712974088297
105.63983700074695,142.66917549253245,25.16177337332107,62.74978536555773
98.50812498391211,138.93000710112668,24.579675023268244,67.5289362604197
