276.5,137.5,23.0,69.0
275.30218875413726,136.2982608482204,22.995802493554226,70.40347830355923
275.205550010127,135.24525600559122,23.189079981574757,71.08983156232111
275.2545344345643,134.94582222323533,23.09111113270022,71.68869912703289
275.4134596212079,134.71229115626807,22.77326075941303,72.15576126096744
275.5631715103031,134.61308644110662,22.473836981222625,72.35417069129034
275.5264709287983,134.64491162441834,22.54723814423224,72.29052032466687
275.49459255668626,134.7425094068558,22.610994888456226,72.09532475979199
276.00617395594685,134.94398768449184,23.024383283453098,71.6923682045199
275.75537426053404,135.12241087143326,23.525982674278737,71.33552183063706
276.34197212540596,135.19216353589601,23.795370944323707,71.19601650171154
277.20193905482034,135.1971557237125,23.520965789465563,71.18603212607853
278.0082830732887,134.43560962265983,23.348648881603804,71.26875319910893
278.10739666419505,133.61623402099173,23.150421699791103,71.46911376790828
278.98852820786414,133.50037258275245,22.825756970417032,71.70083664438678
279.77213003678935,133.51197214433284,22.693472790023957,71.67763752122603
280.58298169351247,134.46522389134142,22.50392773583974,71.20329228647078
280.684386448529,134.7201571454488,22.301118225806672,70.693425778256
281.59338421284906,134.75308660632274,21.894129974213012,70.62756685650817
281.75115128194096,134.87036336458772,21.578595836029145,70.39301333997818
282.6035670513726,134.96000323652325,21.267199369740055,70.21373359610713
283.3200650091434,135.08902846859093,21.21934812561222,69.9556831319718
284.05625367633763,134.3527253849047,21.127585582615005,70.04767450795306
284.024395825005,134.33283150710525,21.19130128528026,70.08746226355193
284.0240778614117,134.35415295661969,21.19193721246687,70.04481936452305
284.7566522214429,134.44675583927597,21.10815492229282,69.8596135992105
284.5797064264853,134.69745600242027,21.46204651220797,69.35821327292187
284.39371367671566,135.68978095864873,21.83403201174729,68.7502195427954
284.9375333257218,135.84155026094535,22.121299156273654,68.44668093820212
284.8059914681571,135.91594257275452,22.38438287140293,68.2978963145838
284.8264800420022,135.216515117632,22.34340572371288,68.31815494141873
284.90266638397674,134.485906349343,22.191033039763695,68.40123939692074
284.978527101558,134.39274042658667,22.03931160460127,68.58757124243337
285.01956757090085,134.2296327876399,21.95723066591557,68.91378652032697
285.0647158428138,134.3037923449943,21.866934122089557,68.76546740561818
284.4990038947626,134.47259450038268,21.622630678789182,68.4278630948414
284.6978112296855,135.3119900851816,21.22501600894333,68.1155260912593
284.8528234423842,136.19678466628002,20.914991583546033,67.70064823576462
284.2406704574521,136.32482965438277,20.796171619410565,67.44455825955913
281.4239549043953,136.55052323544894,21.080353128805207,66.99317109742681
281.1291341897401,135.92135455218258,21.669994558115594,66.91534091585623
280.8735282353953,135.95083330835766,22.18120646680514,66.85638340350607
279.86350846113737,136.6536212420883,22.84681958650611,66.80523396485982
278.17998834568556,136.67709396599815,23.482170968008415,66.75828851704009
277.744572890993,136.9637024557242,24.35300187739346,66.18507153758804
274.5885014226887,137.26196487218348,25.127959059134326,65.58854670466945
273.0821269315412,137.47838452662882,25.36131037586828,65.15570739577879
271.1620588398052,137.67060754148147,25.0384156951891,64.77126136607347
268.08486496410285,137.85340117243376,24.31086301167857,64.40567410416888
268.37795145762595,137.86761345402857,23.72469002463226,64.37724954097928
265.26360605127917,137.2507905770994,23.217632156349936,64.2637455586424
265.1652440844791,137.2120847427349,23.414356089950033,64.34115722737141
262.956709940446,137.19770900647814,23.808316891445855,64.36990869988496
262.02030163462496,137.90641968091265,24.33258162310037,64.30103923100341
259.9684226052314,137.97430201116606,24.365346709812066,64.16527457049656
257.48966915196684,138.09828207915592,23.900280439330384,63.91731443451684
254.46036408334118,138.12789303303705,23.24019436230902,63.85809252675462
250.09812217868622,137.42028364303624,22.647699547529175,63.94231436045773
250.50473710621705,136.66238357925698,21.834469692467504,64.13663431580245
249.93084264191236,136.69037085466306,21.6727903532992,64.0806597649903
245.98747715386878,135.73618805224902,21.725167080276016,64.68329966163336
245.0315956531597,135.49281855613862,22.321687808196057,65.1700386538541
239.9760023458433,134.04364059027273,23.10164153890037,65.40232804732062
239.085593964078,134.7343028788999,23.53194958310093,65.37151218939637
237.66494480535044,135.5904207184615,23.657526542931148,65.01713718908563
235.32970299928317,135.7699908002797,22.907714208919167,64.65799702544929
232.59957904485702,135.28121977467472,21.686015609058842,64.29914977491667
230.63802942472188,135.2136815821545,20.372830335835516,64.43422615995712
228.3075354509369,135.21473877568013,19.88610691152187,64.43211177290587
227.67468349763678,135.94900447841493,19.873882993924685,64.24150819163373
224.9042205133604,135.9668725259668,20.314778699859367,64.20577209653
223.21934861519415,135.38431394383127,21.1192706675035,64.08826334645684
221.09992383642222,136.0707326119795,21.470953756900194,64.01114816620944
219.0378480963908,136.189044934489,21.691938597451646,63.77452352119049
216.6203608959684,136.4379427700119,21.320015980886147,63.27672785014474
214.47367107925825,136.61817249009877,20.461918253623352,62.91626840997094
214.14456308185223,136.2019951086348,19.85307331665803,62.48156224112146
211.21718108186303,136.96647011106563,19.459218476098897,62.20233600436735
211.26862906867828,137.21638231387428,19.356322502468405,61.702511598750064
208.2398398695282,137.45479172697486,19.266125357446928,61.22569277254886
208.2131073054566,137.2700871427685,19.31959048559012,61.59510194096163
204.250749290635,137.1606853054535,19.88015373577899,61.81390561559156
203.3859723118666,137.15128381158277,20.368942641298208,61.83270860333305
200.37238513128375,137.8331506826988,20.146162410040645,61.718965779585616
200.5074437148265,137.8829264559297,19.8760452429551,61.61941423312388
197.53434957667673,137.939669779664,19.6325643328443,61.50592758565521
196.8285695740856,137.69752905896667,19.81226959158044,61.9902090270499
194.312335253356,137.47711024729477,19.876675390692373,62.431046650393654
193.5705272937683,136.72245308358754,20.110848869090017,62.69091853703041
190.34168545929828,136.44550466504316,20.281403381410424,63.24481537411917
189.49526255452122,135.69708786589882,20.705844534300226,63.47324431574356
187.32968742664335,136.77812671434128,21.198709326940506,63.87002359426896
186.5363529369274,136.8187576479509,21.49130004829476,63.78876172704976
185.17938404756734,137.69283085057296,21.608701466464524,63.33888350208078
184.51704884579996,138.49172322409242,21.639356527847376,63.03511409719373
183.9859833552658,138.6294400659047,21.411233172028908,62.759680413569214
182.8121263125204,138.4063895359863,21.194578012779456,63.205781473406006
182.11902909984846,137.68359166773791,21.296200171977674,63.366804943757096
181.97829563989816,137.47676215300777,21.577667091878233,63.78046397321738
181.85149626989147,136.8090274971049,21.831265831891663,63.81620762878275
181.84766945352624,136.5283391145578,21.838919464622112,64.3775843938769
181.19513437470368,136.4321690591259,21.83101572350854,64.56992450474075
180.44213324013884,137.0905404839917,22.021455090158465,64.56874455748893
180.34748732903194,137.6918310605991,22.210746912372286,64.68518051067574
180.34666533003525,138.3535927123124,22.212390910365613,64.68577632680615
180.1041578365002,137.68493337709378,22.697405897435715,64.69893748553076
179.87247557976588,137.75738117191852,23.160770410904405,64.55404189588131
179.77794438298898,137.54889856480887,23.3498328044582,64.97100711010062
180.23192518692596,136.80763435284084,23.79072655826372,65.10468017235718
180.7229398988541,137.6570988579674,24.16742508867986,64.76447911637644
180.70724025214034,137.2537419677323,24.198824382107397,65.57119289684663
181.37450320382013,137.76992319657091,24.237047744466334,65.91157970488796
181.83156628971284,139.30089173360437,24.70122153203842,65.60624254953595
181.47308515381337,138.80793351916932,25.418183803837366,65.20986715971885
181.92397314673858,139.38719390990886,25.905878526946033,65.44081708719888
183.43530999249415,138.44812292922018,25.68619916176469,65.91746188541134
185.89651356774704,137.26930351252742,24.977017267674967,66.8706922999915
189.88208272479275,135.62237844211649,25.437869349737944,67.35387897542857
189.87030320412558,135.5399017204727,25.461428391072275,67.51883241871616
189.86367226302553,135.2939687080733,25.47469027327235,68.010698443515
190.4000152652468,134.38036272217502,25.832586757749496,68.40732792639186
190.37280357423057,134.85809011266048,25.887010139781946,68.89456132557514
192.7166300487085,135.3626937670732,25.551262968977916,69.3359892761336
195.1194285135488,135.862186214475,25.098366978302305,69.78790469433162
196.0134256190958,135.89866275382974,24.75954580266927,69.71495161562218
196.95514772944188,135.99284496187298,24.318101756072792,69.5265871995357
197.76328790388607,136.00951718528862,24.133133105928994,69.49324275270442
202.05816888641803,135.98395582963838,24.108236777121775,69.54436546400487
201.93559545097887,135.02341639872193,24.353383648000097,70.03769168619435
201.92241702780242,134.82886145788908,24.379740494352983,70.42680156786007
204.86184703585207,133.87127616873755,24.28185574489458,70.89672832950296
205.6367569326538,134.48847815580987,24.18218312264763,71.11247152671483
210.84723934744798,134.75254945819455,25.37240857983908,70.58432892194551
210.97638411182353,134.92766066238968,25.11411905108796,70.2341065135552
216.63159238959858,135.75131715833245,23.994444586721222,70.04261382041018
217.1802597026758,135.78875458868646,22.897109960566766,69.96773895970213
218.36250505082677,134.9047898585606,21.94428848798915,70.32399919622961
220.23754216749325,133.93923531212067,20.992629812351844,70.85590051026165
221.8476085352126,133.6753643657027,20.55073821318848,71.38364240309754
225.12743828188843,132.74627836063158,20.93279974448987,71.85347020830922
226.0246072022604,132.54091230708502,21.942612922116634,72.26420231540234
230.6281184042682,132.4007008063042,22.721796123158104,72.54462531696394
230.3893781570873,132.4377815281166,23.19927661751994,72.47046387333916
233.48330175505984,132.49585719602356,22.822162858113483,72.3543125375252
236.558380570023,133.23791125995268,22.448422677675282,72.31430877203907
238.85109916074873,133.30648932759252,22.17294169455859,72.1771526367594
242.61352619099674,133.10424832324514,21.796229489051658,72.58163464545414
242.66626966801275,132.8597312231705,21.690742535019645,73.07066884560336
243.51766371731347,132.7817945008233,21.421273433581664,73.22654229029783
247.09726696885167,132.75921185023662,21.414632114707484,73.27170759147116
248.4762669414401,133.5507351751185,21.51868475273614,73.11968723331017
250.57083926264414,133.71888715969158,21.621989335966305,72.78338326416397
254.1517295131844,133.67850472132844,21.60016054869371,72.86414814089026
258.46415703261687,133.88571298648625,21.54765405252059,72.44973161057464
259.2792464463129,134.6715289800569,21.339379146591,72.30000354489596
261.60356841447157,132.46609662999913,20.93851514681076,72.46308830847441
262.3285536541961,132.98696570056256,20.899317245517153,72.83212274550306
265.2719835406151,132.628139170422,20.67342128905377,73.54977580578415
265.85726573283057,132.2563896433849,20.923985401844124,74.29327485985841
269.0203568494032,132.01918299848523,21.779159077561687,74.76768814965774
272.42521942227324,131.90318780145654,22.263892442968256,74.9996785437151
272.24054667320974,132.1275740276214,22.633237941095206,74.5509060913854
274.61227500209606,133.2188109764743,22.30480587365345,73.84010705712318
277.81978050473026,133.4446438694723,21.712030707099046,73.38844127112719
278.811779385261,133.50825932022656,21.166229774475802,73.26121036961868
283.29949046077223,134.1881489965833,20.748349540149853,73.32768800302125
283.177553003481,134.07319457139917,20.992224454732284,73.55759685338948
285.0955460836609,134.74978340085713,21.437806187174186,73.63160849207412
287.63179685243887,134.69353064076125,22.111425781339918,73.74411401226584
289.3088859277147,134.66216381714372,23.10911464198441,73.8068476595009
291.0883419474281,135.34847510205842,23.960029617898883,73.90416742811857
295.267421545069,136.17131586054896,24.5236399358645,73.7454474966787
299.89970967362444,136.52258047368824,25.72426617768695,73.04291827040016
300.71218479374625,135.1189779238319,25.606215127507497,72.83632498998432
301.68844139366166,134.93852233254907,25.1555174668308,73.19723617254994
304.4497048622689,134.7350450768564,24.12928030168031,73.60419068393526
304.7448100450199,134.589078366364,23.53906993617827,73.89612410492008
307.25572260027036,134.42239594548158,22.954600298708,74.22948894668492
308.7345207303107,134.12232584137772,22.943145070746237,74.82962915489264
312.03846742732566,134.84335467118183,23.741961132366825,74.8689133864145
311.8377026945714,136.3400070930979,24.143490597875253,74.86885420789413
316.5361040360476,136.55368202990627,25.274682268106325,74.44150433427743
316.2293351965125,136.81378241987002,25.888219947176438,73.9213035543499
318.3118391860871,136.9896390958424,26.290359643143788,73.56959020240514
318.76792536381123,137.04190568426816,26.90284806790519,73.46505702555365
319.50281393669354,137.0813980821859,26.967308451969107,73.38607222971815
322.7342130225503,136.92996718505304,26.641599641238997,73.68893402398388
322.82369754787686,136.01305544997206,26.46263059058591,73.99004207418643
323.7371323277747,135.8493386322657,26.169533857404474,74.31747570959914
326.23041927987816,136.34954298756418,25.782344915270677,74.8501953196932
326.22238356452766,136.21977449699102,25.7984163459716,75.10973230083951
326.7875586231321,136.10135922604576,26.205727757592733,75.34656284273008
327.29800200157626,135.25344716715503,26.733277926532267,75.4939500346836
328.008046512008,135.15794679209515,26.873297157913314,75.68495078480338
331.2251575386593,134.1403472629612,26.700542850894273,76.15478290650034
332.0794584418612,133.70534082723344,26.560868114548306,77.02479577795586
334.62764750140974,132.99184881614912,26.200804301545254,78.45177980012454
335.5923227952007,132.4813718750803,25.86394161290834,79.47273368226215
338.99913208398186,133.0879533952184,25.453558821627077,79.86037958855627
338.92232785019473,133.31944602335375,25.607167289201374,79.39739433228559
339.7364150122988,134.35080965314205,25.57402455137028,78.92969865908596
341.28392379695856,134.49481589230084,25.65459755219802,78.64168618076837
341.527047895107,134.42102755750142,25.168349355901103,78.7892628503672
341.70633564237204,133.2783004199003,24.80977386137097,79.4963590094973
341.91031694048775,132.14367685316302,24.401811265139568,80.18383900950501
342.09752366786086,130.99835598255808,24.027397810393346,80.89052774842891
342.20157574037984,130.51348562566758,23.819293665355445,81.8602684622099
341.38360947887145,131.06839542722474,23.858422918640475,82.3472521288273
341.26423766491394,131.94168161971825,24.097166546555513,82.2050738714599
340.853548971639,132.73890338910783,24.91854393310537,82.21746046185189
340.3456320570412,132.88845147593202,25.934377762301036,81.91836428820355
339.17090162835285,132.8734096097489,26.647090017578055,81.94844802056974
338.4240964290361,132.66387047172606,26.4904369993888,82.36752629661544
337.8364125546202,131.55767895150282,26.012475847880097,82.9265804367214
337.19277655474883,131.2954340158126,25.64729295590704,83.45107030810183
337.42056937866676,131.12832573328888,25.19170730807113,83.78528687314926
336.57001650330335,130.97582744127723,25.243382332636223,84.09028345717256
335.63789416881076,131.7366969942042,25.452933479993433,84.22323787294658
334.6409614296749,131.61457202132493,25.78634784105737,84.46748781870512
332.2030510313144,131.60607232515702,25.651963218290927,84.484487211041
331.3516463685272,131.49380081651753,25.6869489718998,84.70903022831993
328.87996353201635,131.0207702553821,25.615387870457425,85.6550913505908
326.88626963562865,130.4599646071934,26.235427723504387,86.77670264696818
323.71257241403856,129.93754933090872,27.44984441137582,87.82153319953754
323.11418305150386,129.6209614075446,28.64662313644518,88.45470904626582
319.75995323474206,129.59018121091725,30.017613543847514,88.51626943952047
316.6968548379291,129.81004144341796,30.728513157442627,88.07654897451908
314.5488946341078,130.97005703774968,31.400874637462266,87.56829724966713
308.1978351685387,131.1575585512173,31.385913178316258,87.19329422273188
308.3398817490828,131.31153483860936,31.101820017228132,86.88534164794777
304.93448085397876,131.25663474736638,30.70631384008471,86.99514183043374
304.4970634524363,130.64480349750085,29.785171054787682,86.4228267417829
303.12665014966024,130.57280802799488,28.983792468432913,86.56681768079486
302.2530756041212,130.12363992363368,28.97239773167093,87.46515388951724
297.7390611947435,129.6120610822696,29.1449847565964,88.48831157224538
296.63076458193984,129.53596842662398,29.572814424900933,88.64049688353664
292.1016981611276,128.44443149071225,29.6372157530003,89.02482445265508
288.67940917238485,130.26860855655877,29.260277015349075,88.98722867853044
283.4901072133631,130.4698029054183,28.85117161738292,88.58483998081132
281.8582431594804,131.42629099119347,28.545396653056045,88.45661534530709
277.33778492045985,130.50009392479382,28.699681671119695,88.53168318611094
277.1074556246375,130.4585661955747,29.160340262764393,88.61473864454916
273.9588251477097,130.40528585242672,30.085086701670033,88.72129933084513
271.4709996200962,130.25726504392156,31.4422523278243,89.01734094785539
265.0383785630687,130.25280223655517,33.27873244417291,89.0262665625882
263.4258093635557,131.27600836162628,34.63245123771312,88.85127391793186
259.191727640331,131.33087194177668,35.527824468143066,88.74154675763106
257.21822648358614,132.29883594662778,35.65960922466286,88.71322752641382
252.15975428364737,132.28336400202494,34.31925449015195,88.74417141561952
252.4122613646517,132.07968825876858,31.928182870069968,89.15152290213223
248.89215484316017,130.0657681605678,29.724192453770407,89.48168171482072
249.8845437389877,128.98708424930507,27.739414662115365,89.82559565724155
248.49106684236648,128.91504875766128,26.962630007464995,89.9696666405291
247.15996895410797,129.8555901650419,27.855287072281946,89.85812253746802
244.222394186152,129.99524370440335,28.37703472368179,89.57881545874511
243.11081953537612,130.19286180632864,28.810056759786974,89.18357925489454
239.4353770006596,130.66554426622804,28.991003475084234,88.23821433509572
238.43417688550548,131.97484501947037,29.21100648450021,87.40201004950337
234.94289200001225,132.32309511816223,29.095364946695256,86.70550985211963
234.9383359273255,132.61188210943436,29.104477092068727,86.12793586957534
234.94383947009,132.8990663652307,29.093470006539732,85.55356735798269
234.86996307307174,132.1748573693648,29.241222800576264,85.25583581080393
233.96234077846367,132.3355560946902,29.311859737335002,84.93443836015314
232.99827632954086,132.54939933337585,29.49866703374463,84.5067518827818
232.06951030806889,132.90665916482033,29.61756888224098,83.7922322198929
230.38498652037723,132.31529196463543,29.525392047923095,83.24435441541209
229.3240714863335,132.34815312618036,29.926086418479844,83.1786320923222
227.7279483208663,133.48147480575096,29.66342862874547,82.63944079351542
226.98740816718532,133.55230911277516,29.429496773438395,82.49777217946698
227.21198080926,133.33945352743072,28.98035148928902,82.92348335015588
226.64610309786676,133.1813641633438,28.40542689687394,83.2396620783297
226.06463176561394,132.15330634017806,27.86764639911714,83.59505456239876
226.1509963891351,131.85634031465833,27.694917152074822,84.18898661343819
226.10970811732517,131.18627136528943,27.77749369569464,83.82789308930487
226.0667020724428,131.30414530534807,27.8635057854594,83.59214520918756
226.03459846660212,131.5095211225542,27.927712997140766,83.18139357477534
226.00779399052493,131.80609022651487,27.98132194929515,82.58825536685399
225.346734623872,133.11721159405906,27.619704450138563,81.649748864228
225.25756841406138,133.38272162490733,27.798036869759795,81.11872880253148
225.34312807876842,133.3502688121454,27.626917540345726,81.18363442805531
226.1717740194215,132.10296911456263,27.626940005587276,82.02091947667314
226.97282181498932,130.9102931611239,27.694056588820462,82.73705920918184
227.11023126552988,129.8176756068593,27.41923768773931,83.24168589985247
227.97049811825443,129.68603378299838,27.381450910750445,83.50496954757432
228.85867951113286,129.66364834534772,27.29087807455527,83.54974042287564
229.91362445168784,129.79026823456368,26.865754113007785,83.2965006444437
230.9446420488525,130.86215117375315,26.477099790883138,82.82611563826946
230.75660006769974,131.44687178238624,26.85318375318864,81.65667442100329
232.429770842241,131.90572526096312,26.806644186890423,80.73896746384952
233.4907613260823,132.26281196020938,26.3206909405861,80.02479406535699
235.21684194204465,131.34299424828646,26.102538539202246,80.24742507393242
235.5382359710464,131.2246290661883,25.45975048119881,80.48415543812868
236.55571150501686,130.98989709784945,25.03251365550395,80.9536193748064
237.46440460222902,130.77787179233746,24.8216104341384,81.37766998583041
238.3231874957708,130.74914911138148,24.71262509897509,81.43511534774231
239.0797078614918,131.76660465235028,24.806960745219065,81.0075806434907
239.87856772271104,132.0128089532866,24.812321607611693,80.51517204161806
241.35694619522062,132.47298750980673,25.04800534081129,79.59481492857782
243.61982714248222,132.91545223279275,25.28488978549135,78.70988548260577
244.31660598032272,132.96280111252977,25.470706526223125,78.61518772313173
246.3753060900116,133.12155627932862,26.097633749855653,78.29767738953402
250.98196616259588,133.4842855955966,28.00321986876518,77.57221875699811
250.39235010898165,132.98978137102318,29.182451975993672,76.94850562189183
250.26281188811632,132.99129031613745,29.441528417724307,76.9454877316633
250.52661642128376,132.85652257384294,28.913919351389442,77.21502321625233
250.69363035183636,133.66699362804448,28.57989149028422,77.21812199988979
253.55549487171078,133.5774787517347,27.710380435532755,77.3971517525093
254.62798465307407,134.53007465312567,27.17032952453065,77.09688860145187
256.4712341598888,134.7561195522248,26.66556340637883,76.64479880325358
259.1926344736376,135.05461124214193,25.94856584472144,76.04781542341932
260.2968430258589,135.1725886730027,25.293882333518756,75.81186056169776
265.8712343502984,135.4167116542602,24.914171989809773,75.32361459918275
266.05583680844444,134.81846639102542,24.54496707351767,74.99553742227474
269.1666326303663,134.82391315449857,24.375998827214598,74.98464389532847
270.1493427778741,135.51271476548652,25.430388781089455,75.11694579779785
271.85599705321846,135.37746481103352,26.61026067144884,75.38744570670386
272.31166762681164,135.14637150164634,27.255280526409383,75.8496323254782
272.93259259838266,134.1780740660447,27.588059733322282,76.21159804662645
274.63419920640763,133.89834741398425,27.356462912110395,76.7710513507474
275.7176607065135,133.68105962524442,26.779136729514576,77.20562692822706
277.8019391140746,132.54014425524534,25.78120509802799,77.90214507640742
280.78954008501637,132.2974859547488,24.537053070413126,78.38746167740048
281.1523038623787,132.20541487336232,23.811525515688484,78.57160384017342
283.15139326569897,132.16919630510503,22.913869980441117,78.644040976688
284.8058308756125,132.12607678527095,22.674258466421307,78.73028001635619
286.217772235939,132.28475276586306,22.91315057306649,78.41292805517195
287.58041854397806,133.11561664223757,23.25057940827435,78.282561028066
288.9385073577277,133.36675282119668,23.605979195370573,77.78028867014775
291.4007267732597,133.49426243148145,23.28738789525287,77.5252694495782
293.07444020126064,134.37812263462047,22.991528554297084,77.28333280082325
293.18264296735384,133.72986925807743,22.775123022110783,77.06295438098365
294.00557307521814,133.80421991945863,22.63902346035692,76.9142530582212
293.98999440550995,133.7848535730215,22.67018079977337,76.95298575109547
298.64581961236894,133.08281137404725,22.396097308084414,76.85080899537247
298.77994884128185,132.41178592338696,22.127838850258573,76.69313300228177
301.25282892190734,132.71435000099882,21.65961724276697,76.08800484705809
301.39348933194026,132.97158593211623,21.378296422701155,75.57353298482327
303.00516930948163,132.74573676799062,21.08048083988088,76.02523131307447
303.03765003649664,132.48208913330132,21.01551938585092,76.55252658245311
302.9900791134731,132.19111438683936,21.11066123189804,77.13447607537701
303.6764007718555,132.14587630147196,21.217735521825695,77.22495224611177
305.03281417929713,132.05506497780368,21.47090076960776,77.40657489344834
304.7454211313538,132.78270196874422,22.045686865494403,77.44159125564343
305.38178328504256,132.18306423970574,22.274485183670997,77.13934408816627
305.28747354152426,132.1496588014562,22.46310467070757,77.20615496466533
305.0598245124935,132.37943906978018,22.918402728769177,76.74659442801745
306.53525756271154,133.3496149986981,22.983447133801675,76.31419782291587
306.54031618026687,133.5322638261289,22.973329898690928,75.94890016805427
306.37296835030475,133.64579704442173,23.308025558615235,75.72183373146859
306.39477183927556,133.75550395216993,23.264418580673585,75.50241991597224
307.1870471579471,134.77129910543775,23.176652324462836,74.9676139905689
307.1799901640084,135.83965820819873,23.190766312340156,74.318499754894
307.2668650523487,135.99264639411967,23.01701653565964,74.01252338305208
307.4130139002196,135.04448822473395,22.72471883991788,74.43768571606513
307.627384730798,133.08223534633484,22.29597717876112,75.41865718959635
307.77053891974174,132.14427650085645,22.009668800873584,77.29457488055309
307.85020418039,130.3098749982242,21.85033827957705,79.46459695501287
307.8571098235176,128.05279769069855,21.8365269933218,82.45242301336054
307.8060671949186,126.12608172576932,21.938612250519743,84.73782603740767
307.82628239754933,124.50919528948477,21.8981818452584,86.36959343654073
306.8342132767776,121.93573447717242,22.258215460892053,88.26830580934592
305.87788066849464,119.48229161339677,22.513370376872317,89.86017093572593
305.55490637805053,118.22848654907844,23.15931895776056,90.68314985609847
304.5343663250283,119.0196153498508,23.492013282456263,90.80927803590248
304.2613917544525,120.34331833968076,24.037962423607794,89.87831175464385
304.03669929622123,122.87016511573486,24.48734734007037,88.2519519713095
303.56047771808954,124.50546404103778,25.439790496333814,86.68060091860791
302.48884935435325,126.17095415892013,25.88816543017769,85.04450247647195
302.1183974085671,127.72349650397524,26.629069321749967,83.61952047850838
301.82365078540954,128.2507199539814,27.218562568065117,82.56507357849611
301.7883942488958,128.64317006987156,27.28907564109246,81.78017334671576
301.9975077588146,128.8506927030445,26.870848621254886,81.36512808036984
302.2575795428522,128.88057298613722,26.350705053179638,81.30536751418444
303.32185017385336,129.14001202901304,25.857876676042963,80.78648942843277
303.5259219830744,129.138528931625,25.449733057600923,80.78945562320891
303.7284216507935,129.24179446107433,25.04473372216275,80.58292456431016
304.8803275525294,129.25995243971695,24.34238873924471,80.54660860702494
305.18532677160607,129.47563028623603,23.732390301091446,80.11525291398684
305.3401707916142,129.70059448110425,23.422702261075212,79.66532452425038
305.3981936621485,130.02087026597331,23.30665652000657,79.02477295451223
306.1924325012438,130.91412559187665,23.265477980072617,78.78556144096217
307.550105700799,131.08636422752494,23.636453072647157,78.4410841696656
308.1669923432771,131.2901684013272,23.94785775516883,78.03347582206105
308.01870330568033,131.4195376916774,24.24443583036239,77.7747372413607
307.86122426653293,131.5734284808391,24.55939390865713,77.46695566303727
307.71242184583036,131.69769812275467,24.856998750062264,77.21841637920613
306.0125495318822,131.86285530313944,25.155968377148394,76.88810201843658
305.2328726045133,132.16567409041875,25.16413484847933,76.282464443878
304.5491635344262,133.34643232124427,24.988807058338075,75.46369391254237
304.74231470071976,133.7625025647516,24.602504725751018,74.63155342552767
304.10521621921373,134.05884397170513,24.367655523998224,74.03887061162061
304.3566932915806,135.13733299532595,23.864701379264517,73.37823239304186
303.79621982126974,135.24493384884198,23.507890115536146,73.16303068600978
303.3361299051841,135.25562186593538,22.959907821123775,73.141654651823
303.59872577665345,135.2272844351019,22.434716078185176,73.19832951348997
303.86406180296865,134.42126502110153,21.904044025554725,73.3614726603716
304.0977147794847,133.4712077629036,21.436738072522633,73.82020897451414
303.42786465285377,134.38640500970058,21.33726987503922,73.42898293166546
303.44330744266836,134.55573093027263,21.306384295410023,73.09033109052137
303.5417472418546,134.87723601285535,21.109504697037533,72.44732092535595
303.6719498697885,135.06679877286888,20.849099441169802,72.06819540532885
303.6683551124998,135.34749391894218,20.856288955747132,71.50680511318225
303.29804638355716,135.60544043118875,21.596906413632407,70.99091208868916
302.79844367794465,136.676659530701,22.59611182485736,70.25069496152308
300.791723203027,138.45267160091626,23.78923165063663,69.51899194514856
299.6194028646622,138.67161180363462,24.712283735920835,69.08111153971187
299.00680501064346,138.66741373308318,25.93747944395834,69.08950768081473
297.701734312308,138.44224217139666,27.093290387401595,69.53985080418776
296.5372818649598,138.24702833487953,27.94068949120677,69.93027847722203
294.02009443914415,137.32984373325945,28.46834708349742,70.26240859401526
293.10470671530226,137.24208617934502,28.782715134778407,70.43792370184411
287.7277975056808,137.2061466792993,28.864889347624295,70.50980270193551
287.07369167242695,137.0196749752934,28.646086507612466,70.88274610994736
284.58916586227906,136.91299454508737,27.501194828880386,71.0961069703594
285.2602330746167,136.9044632581946,26.159060404205114,71.11316954414497
283.4647575808734,136.74635070342438,25.28829275579472,71.42939465368538
282.22507648245954,135.74939401593662,24.815635154022402,71.94729812936086
280.131144534193,135.46630355860188,24.579094763748373,72.51347904403035
277.3239492550998,135.32809762225884,24.279309151685332,72.78989091671642
272.4754662371367,135.38505437471775,23.63728216501691,72.67597741179858
271.2904137896973,135.64427808925242,23.08012024462604,72.15752998272927
267.4314359166799,136.34627879332098,22.121704829360443,72.19959043480888
264.31767205170524,136.41978661218872,21.204237843662426,72.05257479707345
263.6145550329524,136.38203111717596,21.200544349206762,72.12808578709894
259.058624996901,135.2954497121096,21.846861965713074,72.89032485463221
257.80108054086026,133.9878833451554,22.92828213057588,74.07178884132193
253.60451347379114,132.94227233464375,23.96964008936745,74.6926556272759
250.12137147563348,132.73356023486227,24.942679466558538,75.11007982683883
246.81136329513654,132.50497552605242,25.474461896162502,75.56724924445851
242.36423632046987,132.5536765877834,25.139145200798428,75.46984712099655
240.7595689073944,134.8346530897498,25.286967721887862,75.50016257465617
236.31455775976,134.9145730854615,24.973669262358676,75.34032258323269
236.58536722746643,133.76352231750357,24.43205032694578,76.11653123108312
232.11867045114198,133.5373026275206,24.20359883368339,76.56897061104908
231.221585891675,132.42827491067118,24.46858642205651,77.25784451418704
226.3454656266086,132.7733562828277,24.957977383586773,78.11149003130778
222.0506125317209,133.57813742371837,25.72321728266826,78.06682100766521
217.34353333637733,133.7106993632369,25.667621337106507,77.80169712862818
213.630008735281,133.95669061610184,25.227102855358552,77.30971462289828
209.43676431222988,134.03218991972238,24.26277576149902,77.15871601565719
207.0057784921354,133.64477055786074,22.970278157118692,77.93355473938047
204.7572076381847,132.64228176696216,22.890430755452712,78.41286928465517
201.25497272384206,132.1122483225911,23.771150638295353,79.47293617339726
194.9722716009657,130.893300581723,25.40087839343991,80.3485924421895
192.48040530188098,130.57104235876216,27.175186792945674,80.99310888811115
186.35801965318316,129.6590074029605,29.541746291575144,81.17081016658682
184.53500542642809,130.39203378613468,31.495912771873453,81.39661937345025
177.894502277263,133.621347630435,32.665336328321565,80.12867000279907
175.14873827530852,135.39824544305353,32.958198194493065,78.30776309014117
169.88214063304753,135.6160914422228,31.508306892262247,77.87207109180262
169.92146854590914,134.00833525674747,29.749781226214907,79.40771362242917
169.4937188581909,132.81761943043466,28.93485554125016,80.11872021465359
168.6236649553673,132.6662713038578,29.00907674142029,80.42141646780735
162.51999112098724,132.68285611911602,29.515602049903634,80.38824683729086
159.8021153674795,133.92186482242846,31.590916632850846,79.59044789270011
153.52626897968727,134.14627445720595,33.90647606104305,79.14162862314518
146.21607410746722,140.0855780952324,36.342271879963334,77.70695899753784
144.91430658770165,137.2543281442408,37.183188428646545,78.08160342697722
143.55317087618064,137.38530560960558,36.34003994061709,77.81964849624761
140.79816809477393,137.47623596651732,34.79317919179118,77.63778778242417
136.85156508740613,137.03457385445813,32.279252202291275,78.52111200654255
137.92280944930647,137.57183590661603,30.13676347849058,79.14949453855331
137.821654672441,136.45477305455617,28.665390050424996,79.70993726087653
137.58033540841512,135.14288873743808,27.492844446615656,80.67852176325158
136.2625804850057,133.73313613819798,26.832970722284408,81.85033517615675
134.86232799430962,133.30036797834165,26.328919883517074,82.71587149586941
134.05632653085578,133.13196830153197,26.28562722999518,83.05267084948875
131.67605424523404,134.84715304724637,26.06836857314377,82.94083684345662
131.63436771970922,135.27690238874942,26.151741624193384,82.08133816045051
131.61297384593064,136.47296835485423,26.194529371750534,81.33225948383159
131.59441208502446,136.690237826881,26.231652893562913,80.89772053977802
131.68727647459832,136.80975804557738,26.045924114415207,80.65868010238532
131.8287951220092,136.78428684510592,25.762886819593408,80.70962250332822
131.95505856898086,136.61571789576416,25.510359925650103,81.04676040201174
131.57166285770384,136.50201240726005,26.277151348204118,81.27417137901992
130.99805710148328,136.10991583934114,27.424362860645243,82.05836451485777
131.3882840960777,134.7391624274331,28.30995467901068,83.13382553111958
131.72937896033753,134.26823987124425,29.325244436922677,84.07567064349726
133.86129894837683,134.08328152496722,30.249437987500908,84.44558733605132
137.14571584461694,133.75904820271765,30.68607518207933,85.0940539805505
137.86163422479822,133.69364120730089,31.022751104722115,85.224867971384
140.70943107917387,133.6525958974234,30.656542879837822,85.30695859113897
140.93723072132565,133.49793325639155,30.20094359553427,85.61628387320268
144.85475392522918,134.316080127555,29.434588946860053,85.747163070659
147.07513987274058,134.1486091198023,28.504045178570394,86.08210508616443
148.32103179888557,133.99715575538343,27.755157248560877,86.38501181500214
151.2017954642863,133.62195992554916,27.194033877764127,87.13540347467071
151.9973925359992,133.45338898750427,27.336607580960816,87.47254535076047
156.86116079458543,132.58487249746833,28.05605844938739,87.46841376656587
157.2856003717209,132.8028284817978,28.961521062606046,87.0325017979069
157.94632928719892,133.79488920962172,29.40481191108326,86.81312902169232
160.80579440472704,134.07858692195626,28.995056198653263,86.24573359702322
164.55583989800058,134.97574179285186,28.511722842213466,86.20561326275882
171.29621362670895,132.33557572855884,27.24449858345196,87.99636733458625
174.1438331535949,132.1011710463324,26.789882147469807,88.46517669903906
178.38844170894748,130.93673082844302,27.026156854257835,89.04895877131923
183.13697207247262,128.40633998793487,28.07538578090532,90.59431056776957
183.71052865506982,127.91545249428859,28.72720997710976,91.57608555506216
183.92480669727343,127.73710076324328,30.12349362497035,91.93278901715277
186.10189664522287,126.51646863425073,31.335924725036932,92.5185162764827
189.0784607979576,127.14985091112916,31.040816090015085,93.13775827954169
201.7857040987527,128.54577094120057,32.078145086301916,92.23533361924721
202.5904261850711,129.1395126495393,32.36418867571878,91.04785020256973
203.7535470632299,129.56137572660919,31.92171214336411,90.20412404842997
207.46130080609493,130.01215302740616,31.961106739430193,89.30256944683606
207.9188151744907,129.05930078597237,31.04607800263865,89.35668392414262
210.9859274975278,128.66590944129555,30.41915807648858,90.14346661349624
212.90033249858084,128.31591277233076,30.261432083777358,90.84345995142584
218.44448521005464,127.25962183405201,30.228746449890572,91.11343852980649
220.92966832761178,126.87324294172689,30.795894491593106,91.88619631445675
226.308200584265,126.9978022767522,31.241856594341407,91.63707764440612
232.07785663371817,126.94307347161214,30.933132664372863,91.74653525468625
234.0079457997772,127.78107337579715,30.808338596465536,91.93822757842155
235.43394508306034,128.4810597298403,29.82447724433311,92.40639208476912
238.76064638252876,129.02133899960776,28.741383714895875,91.32583354523422
240.03908066714266,128.89866358848784,28.006074805100347,91.57118436747407
244.7226151990444,128.94845764528213,27.696332563346257,91.47159625388548
246.354867018692,129.86736856896266,28.040489845441243,91.4381048672195
251.90908755260256,128.8853151952151,27.793373321230426,91.59199085744625
252.94722840684165,128.99586001788384,27.524917946929115,91.37090121210878
256.7900508999619,128.12162127343024,27.038214775125667,91.31964324740676
262.1251025851278,129.12709799847835,27.10804761299416,91.09867916534394
263.96971754909066,129.27457313117864,26.99515293472318,90.80372889994335
264.5523718423146,129.9755737614987,27.611756357480907,91.18363964850877
264.8930341617164,128.73515254612747,28.729130423065634,91.86578337486297
265.18580054278,128.51546740869338,29.972571329495388,92.30515364973115
268.24639845549586,128.2843811411526,31.28358064801199,92.76732618481273
274.75759129069013,128.18502510177353,31.481304127179914,92.96603826357082
277.329438166269,128.48513760608418,30.127643188291465,92.36581325494956
283.7786017675382,128.53650118894714,28.399838545724354,92.26308608922363
284.28517361135107,129.1086248587533,27.386694858098622,91.11883874961131
289.91641108523686,129.69169717615,26.885921439212815,89.95269411481789
294.84940290626616,130.5439509374821,27.62720276023113,90.01606408599991
295.2523890777514,130.7584815080474,28.603719857912708,89.58700294486931
299.0861489899137,129.78957806288338,29.908255368330952,89.73039876824882
299.6471997596005,130.53000298649533,30.60650222791013,90.06989731997773
304.172389872983,130.34517234062758,30.74568423793759,90.43955861171321
304.13787811493626,130.74843062395075,30.81470775403097,89.6330420450669
304.30771791325174,132.22672899760283,30.475028157400118,88.5119382391136
305.50145720536483,132.59097136656914,29.900916935622416,87.78345350118096
310.99995087742224,132.93311956609443,29.659271982595108,87.09915710213036
311.0826639942894,133.37617337223674,29.493845748860693,86.21304948984576
312.1225900631589,133.45069964000837,29.176811107295965,86.06399695430252
314.65724970478885,132.38004951145035,29.372260013599934,86.4503744815639
315.3985444534354,131.22804737332427,29.65364681315434,86.99040246096854
316.28621583054087,130.26823297352917,29.655083305961412,87.13325201354084
317.30102306869077,130.3132649255216,29.404304789911038,87.04318810955598
317.34114102371007,130.52771467420712,29.3240688798725,86.6142886121849
318.4493213361149,131.8340058601696,28.873135450491695,85.76713343568886
318.680467896026,133.1219648234769,28.41084233066948,84.936381814043
318.73541422008805,134.2781822409318,28.300949682545326,84.34887553763014
320.07322591226,134.46109453261957,27.339905220127388,83.98305095425462
321.3787094572606,134.5453327440994,26.420746408919356,83.81457453129497
321.7150459942843,133.74442621838864,25.748073334871982,83.74384918604727
321.82952525789034,132.93372864436645,25.519114807659882,83.7061088616558
321.7040609890824,132.8323584516717,25.770043345275745,83.90884924704535
321.50265940467904,132.9060573171607,26.17284651408252,83.76145151606731
321.35473824819354,133.2518772426605,26.468688827053498,83.0698116650677
321.0382688697874,133.66167309599894,27.10162758386586,82.25021995839086
319.8309274601878,135.06186070400818,27.85344196369646,81.11271318174079
317.6303867346688,135.49478905416152,28.933661444467738,80.2468564814341
316.35805452936074,135.0059140856222,29.81063306544916,79.55691362887814
314.5799441044367,134.16095054968542,30.019548423472415,79.57318795483936
314.96527691642535,134.0084947971763,29.248882799495185,79.87809945985761
315.2662232338346,133.07686043589575,28.646990164676694,80.07324485729097
315.49290256244444,132.07592217722697,28.193631507457035,80.41508974682536
314.0558640867507,132.03131243814585,27.75433641560852,80.5043092249876
314.1713849778729,131.99194633098267,27.52329463336413,80.58304143931397
314.58489221073125,131.97120735407205,26.696280167647373,80.6245193931352
315.1094520698051,131.96818102026805,25.64716044949971,80.63057206074319
315.7884557738759,131.09754164361573,24.289153041358052,80.75861675705423
313.9260863009344,131.01673112711464,23.243937227445684,80.92023779005638
314.0521227236061,130.4293988341472,22.991864382102357,80.52205483869304
313.3467408088329,130.66925630536213,22.840086726515352,80.04233989626317
312.33979272087305,131.69180560818538,23.301026371800564,79.55019782125117
312.23810927281556,132.8841099638524,23.50439326791558,78.72019269764365
311.5158220039142,134.32138068542,23.402296862630045,77.39232219759681
310.6055993396163,135.9138792073582,23.696707808044867,75.7333595369013
310.34794296317375,137.2890566960943,24.21202056092985,74.49102796467403
309.7275782261064,137.70827179390795,25.452750035064554,73.65259776904671
312.59948675059377,137.0205002491028,25.751521561698496,73.51749371475483
315.7932336133159,136.45920936217692,25.420635559904408,73.125923557694
316.8477790203508,135.79442008249012,24.814114007769348,72.95293285513291
319.59580411288925,135.76300879163034,23.785283040877182,73.01575543685249
319.79914838248635,135.01667985823042,23.37859450168294,73.03724985810123
321.3889236856014,134.77173469959718,23.12705530591721,73.52714017536773
320.68033662392423,135.2906258056517,23.077914275954903,73.9556731165754
322.9248732887895,135.47095967754245,23.003258978842084,73.59500537279385
326.2574550016792,136.54619743237953,23.663070221798183,72.90952479686683
325.99185254339113,137.68471484746888,24.194275138374294,72.09990697400906
325.478944240657,139.88920426349338,25.220091743842627,70.62222510475705
326.7789238893574,143.03215184962767,25.54667520264196,68.72614406678865
327.5103788151424,143.7112792174921,25.525870121697096,67.36788933105981
328.2781946019787,144.21607028874598,25.412546440636635,66.35830718855202
329.0795976144305,144.52663413571963,25.215564009752413,65.73717949460476
329.83302696858243,143.8960255701918,25.102103080155533,65.6049988469533
330.62181525439075,142.983484502095,24.91399728993868,66.04061020174709
330.8973519038215,141.0586855657827,24.36292399107722,67.10555117930872
331.22793449218887,139.61731378718864,23.701758814342483,68.59067877185554
331.7210158099606,137.55257705088164,22.715596178799096,69.90656418686854
332.147677783386,136.2400336406618,21.86227223194831,71.12417545354597
331.588295775825,135.7233100948686,21.572027883743203,72.15762254513236
331.64250117319637,134.08736206757382,21.463617089000376,72.59305095705038
331.5882517440457,133.86980823415442,21.572115947301782,73.02815862388917
330.84624822391703,134.0793353266842,21.625605246622857,72.60910443882963
330.7729187688482,135.09735717117707,21.77226415676043,71.9986591629038
329.92895047145953,136.15591715605586,22.04050225267836,71.30123769200573
329.8040345822166,137.99055761599655,22.290334031164225,70.4615602545963
329.81088380843215,139.0800228052241,22.27663557873312,69.69015681910197
329.9050674699539,139.40725694602378,22.088268255689663,69.03568853750258
329.9865109538754,139.53849821650945,21.925381287846704,68.77320599653125
330.06240828586033,137.6925622798984,21.77358662387674,69.71125511834259
330.2320314481952,135.36319375839892,21.434340299207093,71.59520387922912
330.39506844037123,133.41081791864855,21.108266314855026,74.09221149094573
329.82356799298947,131.20182184507252,20.81438639621112,77.07332282469038
329.14190297171257,128.34364896817945,20.704417017622596,79.84306973619182
329.20091736867596,125.8270811082557,20.58638822369582,81.85602150489471
328.4224097427715,124.42893401473657,20.60734307396423,83.11625529039249
326.6447918172691,120.46879714897776,21.054386230257936,84.82014363248798
325.66337498044527,119.79421770895428,21.430797782881637,86.16930251253495
324.6131469998157,119.29133258112708,21.918810017730593,87.17507276818934
323.5331211807059,119.8898431271351,22.44308746316642,87.61382586895706
323.3445741589022,123.72421870578268,22.820181506773835,86.55244015886895
323.3601385692168,124.64524048103863,22.789052686144657,84.71039660835704
323.29784444916044,127.18006325526159,22.913640926257397,82.87602537621906
323.2041566964549,129.1643251692875,23.101016431668462,80.50170181854531
323.2290546764332,130.76299277964188,23.05122047171192,78.86865610078263
323.28600552841823,131.4595007065459,22.937318767741772,77.47564024697456
323.5437655215176,131.97307136568003,22.42179878154303,76.44849892870636
323.88111553865815,132.15313896199325,21.747098747261973,76.08836373607991
323.90820616960383,131.33534713414303,21.692917485370586,76.24704685431215
324.79897130064296,131.27109903076735,21.389511568207265,76.37554306106354
326.15701719453904,132.0763195695279,21.621953656484685,76.23936892157725
327.99232813588696,133.0209577577832,22.38140824613212,75.82678470251437
327.5533124059342,133.1888668531781,23.259439706037593,75.4909665117246
327.0522869695444,133.3491822525608,24.261490578817135,75.17033571295914
326.65727750903943,133.39110532507223,25.051509499827176,75.08648956793631
326.39598990083744,133.24606248006933,25.57408471623116,75.37657525794215
325.4858850681229,133.0430584297827,25.85692509131966,75.78258335851541
325.5996538833333,132.1368244307365,25.629387460898926,76.0467574847521
324.9905084889892,132.11115796707745,25.299778138267687,76.09809041207023
324.36394058691616,133.00491468067239,25.010303973777763,75.85318695351634
324.7509951181987,133.17268867390771,24.236194911212745,75.51763896704568
324.2770834944379,133.28450523658276,23.669124873516054,75.2940058416956
323.69859133973097,133.3661125527571,23.32481013793359,75.13079120934688
323.0665017986648,133.2875984451322,23.096344532608477,75.2878194245967
322.4308499207831,133.33327213222032,22.87700105422602,75.1964720504205
322.5105632216085,132.6401752214739,22.717574452575306,75.09736356683686
321.6557901571521,132.56938645947292,22.94616756558174,75.2389410908388
320.7952483895743,132.02451748778176,23.180069896306556,74.8414978297903
320.7607201596953,132.7197025084302,23.24912635606448,74.93701172410147
319.9295855621923,132.6743236658591,23.422887079857006,75.02776940924363
319.0558634740061,132.6609290814534,23.67733527557848,75.05455857805507
319.13973039591184,132.76597383194968,23.509601431767003,74.84446907706251
319.27992030557226,132.8951534527285,23.229221612446217,74.58610983550489
317.16701367263164,134.53764555977693,23.00549800073656,74.26748353980194
317.167598237456,135.68369472738536,23.004328871087868,73.44993208915781
315.74247559533745,135.88301810472421,22.928649530817534,73.05128533448007
315.8557412151101,136.13138404475598,22.702118291272324,72.55455345441658
315.13705759772654,136.03458895406146,22.69475849445918,72.74814363580562
314.49096533588676,136.1038899969514,22.5396131368515,72.60954155002574
310.1263756885244,135.3675073236858,22.613738806830234,72.63979795909924
310.319461690462,134.77592633104652,22.22756680295506,72.37865613024252
310.4800315889624,134.90825454385316,21.906427005954203,72.11399970462926
310.44690117468934,135.74444240767633,21.972687834500384,71.8654338512356
310.44885276050286,135.82024329103706,21.96878466287334,71.71383208451417
310.35581063498694,135.84140369916202,22.154868913905116,71.67151126826424
310.1444337518585,136.7704833932399,22.577622680161966,71.23549912030893
309.9862528685105,137.84782751388457,22.893984446858,70.50457891760689
309.98757959392896,138.05346064252493,22.891330996021118,70.09331266032616
309.8542131523005,138.0182635818214,23.15806387927811,70.1637067817332
308.86358374030954,138.02592743479758,23.72009657198666,70.14837907578085
307.83557958960904,137.11509281494386,24.34683029202899,70.54077373412971
306.8522346527157,136.86462404413186,24.867253269264186,71.04171127575367
307.4130132979077,136.63654471144844,25.208547570517233,71.49786994112056
307.40596114546,136.4063014318112,25.222651875412602,71.95835650039507
308.7996088114676,136.18648153397126,25.400063578645934,72.3979962960749
309.40438449047946,135.95518872022393,25.682345404958895,72.86058192356953
309.9491449528342,135.8655641167228,26.096366336648707,73.03983113057184
309.63121161372766,135.87495688667758,26.73223301486181,73.02104559066228
310.2659305807378,135.86601779348118,26.987615256087295,73.03892377705506
310.0405509438544,136.0285291828155,27.438374529854215,72.71390099838642
310.15576317123526,136.178818950554,27.207950075092413,72.41332146290941
310.3817872037959,136.24611054962787,26.75590200997109,72.27873826476164
310.5864740056528,136.27173293645757,26.34652840625739,72.22749349110231
311.56831747549046,136.27841902094065,25.889372894934645,72.21412132213612
311.6069661459945,136.29312577721015,25.812075553926643,72.18470780959714
311.51490879265583,136.27814557890497,25.996190260603996,72.21466820620748
310.6061513076288,136.22161705626337,26.313686185539932,72.32772525149066
310.61655338947406,136.20828809126857,26.2928820218494,72.35438318148029
310.6748955373529,135.3914286495219,26.176197726091743,72.48072822443078
310.12122989679415,135.33723567881498,25.776460673004145,72.58911416584465
310.322756314149,134.54984548530598,25.373407838294543,72.6625143839237
309.85524549567793,133.7356507896352,24.81331403370241,72.79578833373105
309.4265263451439,133.0404607546228,24.183927532556208,72.69934360154163
308.88440180258874,132.9723072365341,23.794205969328342,72.83565063771903
308.5128301680741,132.9057505880658,23.068576056084638,72.96876393465563
308.01220141481895,132.84821074788803,22.612497446252927,73.08384361501118
308.19347814967443,132.92166788217747,22.24994397654203,72.9369293464323
308.3550269662119,133.06707728330517,21.926846343467123,72.6461105441769
308.516943573209,134.04747470848685,21.603013129472842,72.11701814973722
308.739651860333,134.16824194120755,21.15759655522479,71.8754836842958
309.68686296972265,134.25757000021534,20.669738225504812,71.69682756628026
309.9020410260486,133.5916612063955,20.239382112852873,71.6336727093854
309.924200505216,133.49450670622275,20.19506315451817,71.82798170973086
310.64488794903207,133.42562444199257,20.141652985532673,71.96574623819123
311.30919943194175,134.10095763066508,20.2019347685688,72.00398460970173
311.8435446375575,134.21979746455384,20.5238137972892,71.7663049419242
311.704888371806,134.69316037355657,20.801126328792193,70.81957912391874
311.6820925706708,134.99363705862893,20.846717931062567,70.21862575377399
311.7506239883386,134.2637052568718,20.709655095727065,70.30106654947801
312.5718591110877,133.90798226724883,20.44322633758788,71.01251252872387
312.7002762547998,132.6500451108558,20.18639205016369,72.14727318071925
312.818966675359,130.98090207937625,19.949011209045395,74.0932645196898
312.8761727064504,128.9704025833268,19.834599146862477,76.69906745568377
312.067457745392,126.73318912407376,20.00242990142997,79.72389520664062
311.23429145681075,121.9065230318962,20.173616884471286,81.90149942038941
309.30334654316925,119.6596600997265,20.97777410891011,83.33749268188473
307.41412951588535,118.1673558292953,21.627774114762147,84.7578841983892
306.427152774237,115.93437971454784,22.00531451024323,86.03101025225305
306.2903304488182,117.33921919822595,22.278959161080802,86.46410822656304
305.3275506402112,118.07528017933954,22.571890006774954,86.62461503585573
305.2084201450817,122.8979339215006,22.810150997034018,85.18134929647874
305.07071003327474,124.59369571265287,23.085571220647964,83.41447163597981
304.926496070344,126.22733863159267,23.37399914650942,81.75217533711205
304.6754536702706,127.09447377898431,23.876083946656145,80.01790504232876
304.5199174244591,128.851419932608,24.18715643827924,78.07588814437437
303.4239415045772,130.44228169586182,24.828911352489676,76.44436154342006
303.1939784829036,131.04574379949506,25.28883739583678,75.23743733615362
303.276791682281,131.46851277054662,25.123210997082037,74.3918993940505
303.22861467320007,131.83393627105812,25.219565015243948,73.6610523930275
305.48061272823577,132.84373332980854,25.235142968924908,73.14798296344412
305.3383344758385,133.89862918476177,25.519699473719463,72.53770250284109
305.80676117268786,134.29477452193044,26.078839312946254,71.74541182850376
305.47916664349026,134.56899296173805,26.734028371341452,71.19697494888857
305.1730908946785,134.76009502280272,27.346179868964917,70.8147708267592
304.9899538066869,134.85357541536172,27.71245404494811,70.6278100416412
304.92760299272953,134.77572235883923,27.837155672862842,70.78351615468617
305.041312200657,134.71597342238147,27.60973725700801,70.90301402760173
305.2568825928409,134.72150045322684,27.178596472640194,70.89195996591101
305.68004606039165,134.75587250559974,26.332269537538615,70.82321586116518
305.35575025844537,134.84267886234974,25.494643368455954,70.64960314766519
305.7518016051265,134.96192038429717,24.70254067509365,70.41112010377029
306.1297847651706,135.01010136767553,23.946574355005517,70.31475813701363
306.50168318121314,135.1565025265105,23.202777522920456,70.02195581934366
306.7959169504001,135.26423460455905,22.614309984546452,69.80649166324658
307.0566415456217,135.33894237789713,22.092860794103295,69.65707611657044
307.30713020715115,135.48148944673983,21.59188347104437,69.37198197888502
307.5022745440929,135.59325359156625,21.201594797160812,69.14845368923216
307.61790407945335,136.32936174988035,20.97033572644004,69.04511965130087
307.6900500763329,136.36255229433607,20.826043732680866,68.97873856238942
308.4128449759173,136.46737084937388,20.739993548625797,68.76910145231378
308.40246830424536,136.5781414324907,20.760746891969717,68.54756028608018
308.9331879154128,137.2893877686786,21.051549865952538,68.47730981002212
310.04431873213434,136.48843552628216,21.542539504529685,68.72258865880491
310.41968773474764,136.55888913770707,22.160951833719913,68.5816814359551
311.8282405084328,137.28019688980805,23.479418617634032,68.51759004218127
311.2115098589405,137.35319857970072,24.712879916618743,68.37158666239594
310.8857166420041,137.90388019837582,25.364466350491416,68.69222559006226
310.53619103310405,138.39269363216638,26.063517568291527,69.15293691460799
311.1155331951679,138.18584081214107,26.362336339675146,69.56664255465867
312.3976209757207,137.1856409602155,26.735739546641373,70.0982528744739
316.01832364148413,137.29232524569633,28.39293237941525,69.8848843035122
314.78487132795976,137.34922109177748,29.35019796214487,69.77109261134991
315.14281424715114,137.35799578367707,30.159296335951446,69.75354322755072
316.6843647849265,138.0911125378636,30.154242030284394,69.82633310411951
317.89376528382894,138.1431481139628,29.275426387860584,69.72226195192111
319.2207029333784,138.85916515615062,28.144508090483768,69.81318486926766
323.7613666260299,139.37316519479302,26.584121152915667,70.28937288152986
324.30190750852205,137.57903906684876,25.503039387931352,70.91139885830069
325.7396712492192,136.4634577782994,24.100025975398445,71.67004736653809
327.95447697469507,135.05895688419366,22.586060257685936,73.02122628812992
328.24522854858327,134.31538017135844,22.00455710990956,74.50837971380035
329.10905882824983,133.7797649675841,21.736320455631102,75.57961012134905
331.53420083420536,131.90154247013572,21.29463999975942,77.86652059756605
332.58363279108437,130.09606789505432,20.68923000165985,79.9840158320703
335.2154029342339,130.77991101587068,19.961032886402243,81.63989170446517
336.9750206909494,129.11327967570602,19.48413247291716,83.45198683482153
337.7208560439809,127.9062920525479,19.529854585643534,84.3285692623484
338.2395336658841,127.05967448145726,20.04300086815997,84.4713028782069
338.6724517766473,127.10917480312582,20.73946453077039,84.37230223486976
339.0055418607485,127.40185381925775,21.647461345475403,83.78694420260594
341.80333526519007,127.69526194729806,22.384592939254773,83.2001279465253
341.48999493979136,128.9383617560558,23.0112735900522,82.3027597856389
341.00997834607676,130.36709358809688,23.97130677748132,81.03326125428096
341.66491902896576,133.35370466913076,24.249392667489076,79.82394085957027
342.4618200161953,134.8345603862051,24.231640942524873,78.4382796749165
343.89498690507855,135.3799404500694,24.477590018620376,77.34751954718794
343.7487685554813,136.60167572007757,24.770026717814837,76.4492923400138
343.61405512997675,137.74755730201767,25.039453568824054,75.69542129188557
343.54863944085434,137.9271015367963,25.17028494706876,75.3363328223283
344.3511465996744,137.93850845970508,25.09470013700631,75.31351897651075
344.5460789491109,137.84264783895787,24.70483543813331,75.50524021800517
345.43472516836727,137.65435862419895,24.450855622598247,75.881818647523
345.56763530571,138.2719234870965,24.185035347912837,76.17068291252518
345.4847438109222,138.26019512898063,24.350818337488416,76.19413962875697
345.18828626328053,138.24675138976758,24.94373343277179,76.22102710718305
344.90712007649796,137.42897903257213,25.506065806336878,76.3187322162283
344.7387383451898,136.333542754709,25.84282926895326,76.96009321664371
344.5990222554393,134.91939134219848,26.122261448454218,78.22362756232204
344.608991310433,132.25431601332278,26.10232333846681,80.37815063061906
343.8236824431454,130.8758608415955,26.054926211654667,83.13506097407364
342.9372650474679,128.72848565658168,26.171574459328937,85.77362480042054
342.1248644819041,126.12724234139466,26.100732323427696,87.584824896737
340.0764840968332,123.44671687583222,26.757683686580243,89.50606642087266
338.1014438546218,121.69221064514596,27.189369898597146,91.25588174604225
337.06131278351273,121.18550349482277,27.47773806038194,92.26929604668861
336.1552651545511,122.1635522328753,27.478291753919315,92.12474013496949
335.57491668243074,123.547510966512,26.829476689947725,91.16633467590837
335.79486229595625,125.1107143358445,26.389585462896626,89.82387946708832
335.9280411874532,126.82168048819621,26.123227679902776,88.1587968616839
335.1531350364682,128.45695226295132,25.944619888423183,86.61667340562327
335.1962843218304,129.24184423850127,25.858321317698852,85.04688945452334
333.38995328784523,129.86911327392056,26.111814428324255,83.79235138368479
334.64192328294075,129.96198929772652,25.274407383438856,83.60659933607289
334.72618153958314,130.11093155254693,25.10589087015409,83.30871482643204
334.48802259639893,129.41040206233217,25.582208756522476,83.06866067319442
335.556838862023,130.3065621120071,26.73763467110151,82.92286979675819
338.0128852705332,130.4455245773198,28.488482422011867,82.64494486613279
337.33456456024265,131.4725168646962,29.84512384259296,82.28473812616612
336.3695545263836,131.85375102903265,31.775143910311208,81.5222697974932
335.56740082909545,131.2710221302994,33.379451304887425,80.95070359115309
335.2486958089197,131.36337725580873,34.016861345238965,80.7659933401344
335.1722575805605,131.28598392163286,34.16973780195731,80.92078000848615
334.50547612298067,132.06073725927897,33.73233098191332,81.14224306839759
335.0542321302368,132.00085596994023,32.634818967400975,81.26200564707503
334.95763280791965,131.82897974436833,31.079383412222448,81.60575809821887
334.7112771222613,131.72895026571751,29.846339618143077,81.80581705552046
335.3290880264055,131.73678753111932,28.610717809854677,81.79014252471691
335.92009365394944,130.96888349524068,27.428706554766762,81.6421161230774
336.31780256137546,131.01257405309244,26.633288739914697,81.55473500737389
336.5717026228939,131.09264590835852,26.125488616877842,81.39459129684174
336.58342687858163,131.92772088801468,26.102040105502347,81.35728539263923
336.6377107235307,131.9091701037376,25.993472415604323,81.39438696119335
336.44621939341624,131.8613973940444,26.37645507583322,81.48993238057976
336.1517233084014,131.79918493768764,26.965447245862876,81.61435729329327
335.8251319573927,131.91231116727843,27.618629947880155,81.38810483411169
335.56558616592196,132.01031578380127,28.137721530821718,81.19209560106597
335.29332028861785,131.27393705186674,28.682253285429972,80.99812251996889
335.28483191858044,131.2301897770688,28.699230025504757,81.08561706956473
335.5777072802447,131.28773733048018,28.113479302176277,80.970521962742
335.79394471511876,132.1413463041948,27.681004432428153,80.92644100734834
336.0473540625738,132.2766089803904,27.17418573751808,80.65591565495714
336.15919672685703,132.5090466440541,26.950500408951633,80.19104032762972
335.3426912958441,133.66962728596846,26.95263554473994,79.50075477003855
335.33496056928163,135.74575750131766,26.968096997864826,78.59070985406143
334.52588299052906,137.12734322165983,26.977799677943644,77.43599089080344
333.81497650830215,137.72930562281732,26.807412121845605,76.2320660884885
328.3042062526436,139.05538291516424,26.82518608327906,75.151878153778
327.7677237365304,140.08786659869781,26.341253009349238,74.64380889286713
327.9532049255508,140.87753936983069,25.970290631308472,74.6053539030132
328.2984683576003,141.03728864879162,25.27976376720943,74.2858553450913
328.68750381186953,141.10902032468348,24.501692858670907,74.14239199330757
328.84401418980946,141.14474730691282,24.1886721027911,74.0709380288489
328.84594140568726,140.30692041021763,24.18481767103544,74.2530747439242
326.2849557132652,139.83121467268126,24.818702088880702,75.20448621899695
325.8858171998646,137.972249721354,25.616979115681925,75.88015437382226
322.2858630061615,136.30337152502076,26.635659857932456,77.67260385519978
320.9333576291453,135.33194846576697,27.75132483569751,79.61544997370737
320.40752923220856,134.55355919876877,28.802981629570965,81.1722285077038
318.43251355253204,133.88471646236377,29.395972564667233,82.50991398051377
313.9731159864222,134.43672102044374,29.77314329994438,83.11422974374234
310.4784549046589,135.1907057051353,29.867397346807113,83.33002740352521
309.64631298638164,136.0942845518331,29.803131851290047,83.25141904220123
306.07021142133937,136.96133196752712,30.050272303376886,83.24358988031265
305.4728912511942,134.86247355358773,29.51428879335631,83.98005900756935
304.99240143311715,133.8360643767446,28.743853858058067,84.30146278980334
299.99825346675516,133.82984783800055,28.400258076846246,84.31389586729142
300.3811812818336,132.28184487144676,27.634402446689382,85.69400726769169
295.2010090791854,132.93255747932483,27.665983173005298,86.11404266509899
293.5105183244422,133.58135706990083,27.590981246383944,86.5444352020008
289.0552263783199,134.93294677253564,27.838014796784925,87.30667593346863
287.4203755930824,134.37494844518102,27.611626529382722,88.42267258817787
282.2941012422783,132.69058966661396,27.30613553450658,90.0317168625646
278.62004705353564,129.98825569295744,27.547143694941827,91.88283470135265
276.25252778146825,129.03351013056746,28.667434039836976,93.79232582613258
270.9332197010838,127.2666063647445,30.030688814751766,95.47106108060771
270.20503519748985,126.72695986078378,31.48705782193967,96.55035408852916
265.5483035302952,126.50542566450578,33.016528819017125,96.99342248108516
260.86163467754136,127.71867965034548,34.46892691715477,96.54714941124827
258.6303013156417,130.9979739358468,34.93107366218934,95.98934080839277
251.59654604311396,131.29368515791597,34.99396942529745,95.39791836425445
248.94724954732885,131.84171313460047,34.312507843936466,96.29521393519587
247.34476414958803,131.20175620411942,33.52980493519254,97.57512779615797
244.6939181043098,129.54350859941877,32.83794218587905,98.89377139226926
243.04288977915672,126.70805775468318,32.13206354222392,100.55673778777917
241.21559690578619,124.73033144720942,31.75743251937787,102.49758201793313
237.0555083406859,124.55905088613947,31.93690609067819,102.84014314007302
234.76596200096992,125.79832080888761,32.429337687953435,102.40493383565507
228.31225996433284,127.51800023915689,33.05927998342267,103.05806223438479
225.07302842376913,128.22020471289125,33.33652852599298,103.72072479976843
218.05549395254712,128.2890952372263,32.80074444167937,103.58294375109836
217.6261384841952,127.95725372449405,31.58970310582337,104.24662677656283
212.03852043158662,127.19840603846913,30.424181554114895,105.76432214861268
209.8265559371107,126.92379859704502,30.734990090079563,106.3135370314609
206.25608883544854,126.32122570820458,31.665667760916765,107.51868280914178
202.37161864768638,125.24644061382105,33.12147260906849,107.56387448878463
199.3303509525335,125.24286723318788,34.94005768507957,107.57102125005096
193.21892000036652,125.28686433177003,36.33523544481285,107.48302705288667
191.61762718740522,127.18902529702638,37.34802127492139,108.05830471400213
183.7323117228264,128.46805197239945,37.60370162778301,107.71667287415538
