84.5,151.5,92.0,104.0
92.57458058399295,151.62616164298717,90.24579612088698,102.74767671402566
101.04261081119796,152.02458709516924,88.4676903304901,101.9508258096615
112.60230632092998,152.38679064209703,86.28414880213275,101.22641871580593
118.99655074382342,151.89501993995896,82.32966071546988,102.2099601200821
129.5601733319251,152.91788822440083,81.4750878095148,100.16422355119835
138.68704771598044,153.76572127459355,80.32701038694994,98.46855745081294
142.7124010663066,153.78988921368693,77.889131221859,98.42022157262613
152.29473320732836,153.77294286139576,75.32198122644454,98.45411427720848
156.48106267450407,153.20137097334563,72.39947785529884,99.59725805330874
166.84166710492303,153.01712939570865,70.54114367729514,99.96574120858271
169.42860910992522,152.5711181112842,68.03700259509719,100.85776377743159
179.81476212292864,153.95337529061862,65.75750970166038,100.73507986627276
183.87543483118804,154.62743654119578,62.8404687962498,101.98910962067258
192.4536398280405,154.4570795866013,61.11692477427757,102.32982352986154
194.3749795257989,154.8156426960107,59.82248229545188,101.61269731104272
203.15748800654012,153.9034383306731,57.3521038081699,103.43710604171795
205.2211970709735,154.12487405874376,55.72554566551143,102.99423458557663
215.01357896928252,153.11838002005985,53.406997469196206,105.00722266294446
217.00788323515727,154.380361822225,51.87473554385606,104.93960566502346
224.26285034818338,154.70123838185742,49.50930678433117,106.72675363906413
224.66664694564201,155.30848633472036,48.7017135894139,105.51225773333825
230.13086543692515,155.26026882207955,47.30156328208029,105.60869275861984
233.18429036117436,156.612190989167,45.91262848752851,105.26380595141823
242.15928321808164,156.46140885878756,44.26953775069347,105.56537021217713
242.61852370946002,156.69262143209428,43.35105676793673,105.10294506556369
245.61399254431345,156.78944368298454,41.92402801267481,104.90930056378315
248.50094756384834,156.87052066185024,40.65769718215745,104.74714660605179
255.74941193739815,156.86026713277244,39.53384125117638,104.7676536642074
256.3193932855925,158.31524624011774,38.393878554787676,104.06668179530303
261.1589037317917,158.7101874193944,37.42867097671691,103.2767994367497
262.48627660967986,159.17318738742495,36.92368567651041,102.35079950068862
264.7865050955602,159.9167882911434,36.578076779103576,100.86359769325165
268.47319472158415,160.26458027735723,35.50458221237563,100.16801372082402
269.54355524704175,160.1891146172754,35.43448231751549,98.24832388493257
273.79822714005275,161.20138064672625,35.09307883280029,96.22379182603092
273.959009553622,162.15768995636208,34.771514005661736,94.31117320675925
276.46507347077886,162.65397057293893,33.707027204003346,93.31861197360553
281.7379604294809,163.09752724187132,32.863449931992406,92.43149863574078
282.10869855093057,162.93132494345758,32.12197368909298,90.85137605873521
283.0930741482334,163.86091084085828,32.02979917273462,88.99220426393377
285.19654174646274,164.53298910637466,31.519678020378947,87.64804773290102
289.9918867690483,164.31126968817944,31.029048103514725,86.27147454363015
290.2553502259381,164.95678288374654,30.50212118973501,84.98044815249591
290.57282785915453,165.49548500556293,29.86716592330218,83.90304390886314
292.5325470450862,166.17704142788025,29.421154840053617,82.53993106422847
294.430489482209,166.05783546231652,29.043687390867156,81.06913428282635
297.2045329340906,166.7466953468196,28.539827672245472,79.69141451382026
297.3368178548697,166.64586106240915,28.275257830687234,78.2404345489625
298.4793524750745,167.19900120830485,27.61735930864443,77.13415425717108
299.5725743371774,167.73563262596167,27.03041126740348,76.06089142185743
303.00157096213513,167.64858080344865,26.46669984788417,74.66142460928442
303.0078932206003,168.37760949875917,26.454055330953743,73.20336721866343
303.021656271207,169.02339681936945,26.426529229740396,71.91179257744282
303.98161455519806,169.4207287757635,26.01008005926917,71.11712866465473
304.9227774185243,169.07350914310092,25.61236329756692,70.32695896502963
305.84315156216536,169.58977824266057,25.237766400508864,69.29442076591033
307.47457546678027,169.99642279332474,24.864221499400614,68.481131664582
309.81813802047327,169.82132448553355,24.455994754305284,67.40502882606745
309.82005289493827,169.65246252134438,24.452165005375264,66.3391823151116
311.52071952137874,170.0587719538131,23.82740199621821,65.52656345017417
312.3832937969483,170.56786843947168,23.46766513015485,64.50837047885696
314.66543334330066,170.3467885319081,22.936540474850382,63.60614548151743
314.9054784763001,170.72165868090124,22.456450208851436,62.85640518353112
315.7721336828185,170.49032646803468,22.025680052013843,62.01652935306521
319.2048163587301,170.94706027072962,21.574159385977914,61.10306174767531
319.3340078513851,171.48050191215583,21.31577640066805,60.03617846482288
320.17308236637354,171.89524852251952,20.8793151740831,59.206685244095546
320.3367371783506,172.33307494888498,20.552005550128996,58.33103239136463
321.1587303793432,172.61777722053634,20.111570088447287,57.7616278480619
323.6961633157551,173.03255216367586,19.786502896597685,56.93207796178284
323.861672354034,173.3957784027627,19.455484820039775,56.205625483609225
323.9756084918407,173.83395284419365,19.227612544426357,55.32927660074729
324.6489501586212,174.25243870410193,19.01770198501305,54.492304880930725
328.17338495495153,173.99104199735243,18.69511465898273,53.89405124999133
328.2830701590254,173.1329963433227,18.475744250834985,53.396798317051264
328.40479757693333,173.36258960968638,18.232289415019096,52.937611784323934
328.5339065228107,173.6285240270395,17.97407152326435,52.40574294961764
328.60376755278696,173.39072084378822,17.834349463311767,51.80896273615456
329.1349062267146,173.67583592672165,17.833428802476668,51.23873257028769
329.7056204915777,173.33954036595318,17.745226938760112,50.85809702581504
330.26522466486773,173.58277824512103,17.6722253697845,50.37162126747934
330.8140716172873,173.78284347355643,17.61248696878163,49.97149081060854
331.9527297771847,173.93844681786942,17.397517284612356,49.66028412198257
332.52117361456635,174.19704355452342,17.283471006972025,49.14309064867456
333.66697770465254,173.83811526352054,17.01867717211952,48.847540058020414
333.7847004200512,173.55154637654573,16.783231741322226,48.41628505437574
336.4136936084064,173.70851800871299,16.495132721374244,48.10234179004125
336.4899089284098,173.38832248372148,16.342702081367406,47.75846132482221
336.5207449843003,174.16132124310275,16.281029969586534,47.18907062036666
337.02261568856494,174.34840404099958,16.244675308527686,46.81490502457294
338.0040072454884,174.6128269982397,16.204696736718947,46.28605911009272
338.0310489804431,174.79636618022505,16.15061326680967,45.918980746122045
339.48950774541527,174.50120774208077,16.074515959998273,45.562357548032956
339.5633169383147,174.20260723225428,15.926897574199417,45.21907803716363
340.02036962687805,174.44126432878056,15.945706168849483,44.74176384411104
341.9367331655235,174.63257072531064,15.81879501543091,44.35915105105092
342.02340761476324,174.76904286057822,15.645446116951453,44.08620678051572
342.5437789945262,174.9532171297198,15.516376191953249,43.71785824223261
342.66615454108904,174.65669836366797,15.271625098827458,43.406810230254834
342.6966854794226,174.78758276423005,15.210563222160351,43.1450414291307
343.2466028021476,174.97977077123392,15.001110208916387,42.76066541512298
344.64940578947375,175.16213087734846,14.838828061754603,42.395945202893856
344.71257902913123,175.37826794519546,14.71248158243959,41.96367106719988
344.7718380897508,175.13598982830047,14.593963461200527,41.58370575969022
345.70310750219033,175.27497457459847,14.445345312859178,41.30573626709425
346.2100953607965,175.82005462179774,14.281674730598038,41.0658813076469
346.27388952320166,175.5991510185616,14.154086405787769,40.663769979384
348.43016920064787,175.77605129023613,14.0209152980344,40.30996943603492
348.514070007933,176.34759031397738,13.853113683464166,39.995314317173566
348.5584123145165,176.54930531621494,13.76442907029718,39.5918843126984
348.61298684347287,176.31486257172648,13.655280012384434,39.24722649159774
349.4970338448688,176.4546249738721,13.500496247786334,38.96770168730652
349.5675229882105,176.56339878499227,13.359517961102974,38.750154065066184
349.9881282021762,176.35149515513032,13.312513722752254,38.379755135209464
350.4397306379173,176.45974584588538,13.19739065782385,38.16325375369932
350.5132931828406,176.58677144296945,13.050265567977295,37.9092025595312
351.34973777655625,176.34477253075693,12.93061411468937,37.61658151688454
352.15147908488694,176.48927948896437,12.867691445346583,37.32756760046966
352.1811168627525,176.65946654321826,12.808415889615548,36.987193491961875
352.23514698697653,176.80005479893038,12.70035564116749,36.706016980537626
352.5880682112783,176.99273500962636,12.747652408529392,36.320656559145675
352.9634481227677,177.61879160284036,12.745405675245133,35.8170564624122
353.7190383439129,177.51227011502468,12.716821445930151,35.28880133155586
353.76068394812387,177.69391968382166,12.633530237508221,34.925502193961904
354.1565648115301,177.8878056000223,12.56832987517176,34.53773036156063
354.1876015119206,178.07682818152088,12.506256474390787,34.159685198563466
355.6934642079276,178.19498291601346,12.347865964641285,33.9233757295783
355.72417924111545,178.01508778680372,12.286435898265658,33.576064186186215
355.7833651244365,178.16845142700748,12.1680641316235,33.26933690577867
355.837199000805,178.3104455962196,12.060396378886495,32.98534856735445
357.6472423758817,178.34886281408092,11.88292744190331,32.90851413163181
357.39241610676214,177.93052834285368,11.708357941442621,33.0609610353865
357.48520637176296,177.93644560243658,11.522777411441034,33.049126516220674
357.8902318894787,177.99625029494484,11.392426816865875,32.929517131204165
357.95803965085423,177.6874516917222,11.256811294114714,32.871484643390026
358.3399225692156,177.4133061793758,11.16538249034977,32.74743863512501
358.3848450586607,177.4394137186999,11.075537511459613,32.69522355647685
358.7638956557545,177.44429061587283,10.983965302030548,32.68546976213097
359.12314515377483,177.4681486517326,10.930186272827692,32.63775369041142
359.13006000057925,177.5682094918257,10.916356579218856,32.43763201022523
359.76933949423017,177.68943909426804,10.957729257570591,32.19517280534059
359.78345335966924,178.12230627580138,10.929501526692428,31.986713521978103
360.110026740236,178.19600653423527,10.930152293384083,31.839313005110345
360.08288765905814,178.33513119900493,10.984430455739805,31.561063675571006
360.41505828460396,178.46212944916036,10.96883095841466,31.30706717526018
361.9742564616267,178.30368236572372,11.074648151204805,30.979118632766312
361.9589470192328,178.41323582123638,11.10526703599247,30.760011721740963
361.9631812416003,178.50905271915386,11.096798591257595,30.568377925905995
361.9557887068227,178.638115484959,11.111583660812716,30.31025239429573
361.9392924292394,178.47931157905205,11.144576215979379,29.99464733549311
362.2751489775171,178.55706243213197,11.102162309510062,29.839145629333235
363.2464878567441,178.6368429971074,11.038424420428168,29.679584499382393
363.26343757067883,179.0198652580531,11.004524992558759,29.53642545775117
363.2840815751851,178.82263752320858,10.963236983546318,29.3106517234837
363.25050570567413,179.28483828881227,11.030388722568151,29.00250906734207
364.19079108006224,179.40617640178704,10.98899089242048,28.759832841392566
364.21447405695534,179.49390574181908,10.941624938634314,28.584374161328462
364.20519070553763,179.00932504848842,10.960191641469681,28.342576441093705
364.18710739493554,179.1264869887206,10.996358262673851,28.10825256062934
365.70056794381514,179.2113964854894,10.967623930022059,27.938433567091725
365.4007896053355,179.348289548845,10.970492173110799,27.664647440380506
365.41663798279507,179.47524499727157,10.938795418191564,27.41073654352737
365.41825443178647,179.92837146095647,10.93556252020881,27.09308481185568
366.018697836659,180.07424749124257,10.902637343178291,26.80133275128351
366.0535577867619,180.20615450945365,10.832917442972382,26.537518714861356
366.36409430723427,180.64978774340304,10.786013022037885,26.224420866972686
366.3712013854506,180.5173912535035,10.77179886560523,25.92038228421314
366.7074759064136,180.61902841411387,10.663452889694065,25.717107962992344
366.7729077957042,181.00135402548642,10.532589111112863,25.511811919461678
366.8362801587256,180.56600374287203,10.405844385070166,25.274355401800268
366.89602854818213,180.6327041499741,10.286347606157081,25.140954587596134
366.9576129380855,180.71420453654142,10.163178826350325,24.977953814461518
367.2807528774225,181.0970369270853,10.056736128388353,24.75212621408579
367.30005725502366,180.92588221436884,10.018127373186047,24.559738021834015
367.5823337065118,180.78955581501157,9.984819422876274,24.301145867882042
367.8538715291467,180.87559195704404,9.968677407975642,24.129073583817096
368.12523439073806,180.97092976944484,9.950122598802821,23.9383979590155
368.3973017105879,181.58152232733184,9.927084760242002,23.75940644551905
368.6837325740087,181.38501730147908,9.872333707433812,23.634305823191262
369.4547187737099,181.21359589085404,9.876377387189793,23.461809951388467
370.1774734014896,181.262053737919,9.969642773382619,23.364894257258563
370.12283706572964,181.32153001831585,10.078915444902488,23.245941696464836
370.3373481435671,181.36094027075333,10.163280496651751,23.167121191589878
370.3048611492588,181.66776890265567,10.228254485268437,23.067197805613763
370.8263463664297,181.69849757441486,10.2121463302151,23.00574046209538
370.8230803892147,181.72136544495265,10.218678284645044,22.960004721019775
370.8160046830225,181.48512661493388,10.232829697029386,22.92077051678614
370.8174294008424,181.25349927385983,10.22998026138961,22.872632759954424
371.0869766837848,181.00904910000966,10.201531267291937,22.850887535867642
371.36290883262234,181.55288009869162,10.15949847906694,22.782888557403957
371.87049428732456,181.31363307113065,10.160546422513473,22.75327318610046
371.64967840152406,181.0661701676355,10.094479052009392,22.740499850985707
371.4076150856855,181.62355705244985,10.072251454365714,22.63843453999855
371.4166753579606,181.62282416970993,10.054130909815553,22.639900305478445
371.3994696136233,181.6425636057938,10.08854239849018,22.60042143331065
371.3781310769456,181.6552995833121,10.131219471845663,22.5749494782741
371.11833599196734,181.67477395676534,10.146206885669416,22.53600073136763
370.83959262797,181.7150535995662,10.199392142958011,22.455441445765842
371.01565416060254,181.78223748994176,10.351335100377137,22.321073665014737
370.2007268374525,181.8298534596444,10.466869516752132,22.22584172560951
370.117884563547,181.8832384423235,10.632554064563076,22.11907176025131
370.28367365741235,181.4683156363814,10.80770964820909,21.935449829382296
369.93278599218655,181.55763007475932,11.002390130417744,21.75682095262649
370.07207173263856,181.91672542054613,11.231668394212909,21.54648000575191
369.2050488208586,181.7257075275596,11.439565536353953,21.419799564585404
369.0642302816247,182.06382075577676,11.72120261482183,21.253994474014174
368.91385640394464,181.62630711024934,12.021950370181882,21.103439154262446
368.7759303198938,181.45711290381647,12.297802538283616,20.926145466406673
368.6350678032021,182.05650942975316,12.579527571666922,20.762805658508366
368.4922751086213,181.84697476070411,12.865112960828528,20.661825666574533
368.07023980972104,181.9355181860319,13.185844767150506,20.48473881591893
367.8950916291933,181.7556715696495,13.536141128205903,20.31837720942039
367.4297373370005,181.8354111702974,13.937460759933494,20.158898008124645
367.2715924755514,182.15773812715577,14.25375048283172,20.04787689802857
371.2278920895253,181.78785208994037,13.861514257763558,20.25048018653938
372.7120808370497,182.2826358236323,13.56192121904882,20.328426501689194
373.1499367591297,181.67420106487498,13.216176763398574,20.485361242184425
373.29903692253265,181.3452782477064,12.917976436592651,20.61663716799634
373.4370719703225,180.77253854345054,12.641906341012907,20.71501615068106
373.8546921048722,180.70854291874832,12.32705314634317,20.843007400085465
373.9931205174015,180.6494069756183,12.050196321284442,20.96127928634551
373.8655923496272,180.6012078381564,11.791193149848683,21.05767756126933
373.9927738045968,180.8392790313617,11.536830239909452,21.09262357972181
374.0922846142158,181.09632155190045,11.33780862067148,21.085810596895183
374.6779266603995,181.13288229718714,11.174070852180852,21.012689106321748
374.75296838759925,181.14813144161207,11.023987397781362,20.982190817471903
374.83092421367445,180.8967414740748,10.868075745630977,20.98809340425897
375.14398236803964,181.41750588980568,10.73624612556242,20.935137950120573
375.19526745698806,181.22884497945526,10.633675947665559,20.821216107799803
375.23949254975764,181.509703480044,10.545225762126437,20.747309489996283
375.29948016983457,181.79524500525756,10.425250521972544,20.661431738994086
375.33799597616036,181.6096712799811,10.348218909320998,20.550698354678236
375.3757410233311,181.41301392480332,10.272728814979507,20.465079906672667
375.6361109711696,181.2176096750111,10.22836788917863,20.3795094363809
376.834205326675,181.28157036563212,10.203993117032436,20.25158805513881
376.8753741702912,181.31382532896723,10.121655429799906,20.187078128468634
376.90571211864994,181.3375135936429,10.06097953308246,20.13970159911725
376.91219979005365,181.1360496714216,10.048004190275027,20.074660767656667
376.9101098665593,181.21868318141603,10.052184037263745,19.909393747667835
376.4463990475028,181.5114942637947,10.050702565764823,19.788223137716436
376.64205214402784,181.7994474529365,10.122050589732503,19.674970976450524
376.1701769776436,181.5903218427233,10.141349878507826,19.63099667488043
376.34099135560274,181.87847020999587,10.261634603194587,19.516613420940242
376.52411569037343,181.6690151587513,10.357688427145721,19.473221029936795
376.2446839067456,181.9494899430493,10.453240210092233,19.37558324565012
377.10017852541483,181.7528743250058,10.59629788794696,19.305302752938783
376.041308250672,182.28866198993197,10.854360677466108,19.163566303069675
374.92075786241446,182.4101237930204,11.226585271417148,18.920642696892823
379.0563301270081,182.34029503960102,10.944094705210784,19.060300203731547
379.1754167247683,182.29932942521285,10.70592150969039,19.1422314325079
379.29904875105905,181.77307039045627,10.45865745710886,19.26598442506983
379.40613569057734,181.9930833058243,10.244483578072272,19.287951033697798
380.4242614166071,181.97994477574713,10.042842998529848,19.31422809385219
380.29291840467545,181.9994312242066,9.849949582995135,19.27525519693324
380.3773914289364,181.80831322554337,9.681003534473286,19.20580022075879
380.6462746888873,182.13834509433644,9.590999977779358,18.99349944638052
380.69147682763287,182.2118710816739,9.500595700288208,18.84644747170557
380.9869149115341,182.00460569481538,9.349117159555053,18.82158061835339
381.2737151607199,181.83733217695752,9.21193469081047,18.719709624441975
381.54007023216315,182.12136340907222,9.111782503831074,18.584205116119538
381.7825632156937,182.65524538177863,9.055643751607828,18.37413560038258
384.5055453729765,182.7335628123471,9.13222297505128,18.217500739245693
383.91757813695193,182.53741946175793,9.036612873583248,18.185939249251568
384.7626482613969,182.37393992766903,9.033413632092014,18.091163065579764
384.7587840530295,182.203605731052,9.041142048826806,18.011535430719547
385.18315574437605,182.4518633740121,9.030931233434758,17.934286428449866
385.21749260702114,182.45735419734967,8.962257508144603,17.923304781774704
385.24983607424815,182.47322779563967,8.897570573690563,17.891557585194736
385.2827976997288,182.51406074747845,8.831647322729282,17.809891681517193
385.34116347608995,182.5260636858619,8.714915770006941,17.78588580475024
385.56034530864594,182.36880171904525,8.686882923252098,17.690078920026455
385.75827526763237,182.2157019962651,8.69947106696797,17.587830303898095
385.15947905803426,182.03961970699407,8.675540808237777,17.532820656464686
385.55574412590903,182.9107992832443,8.694925537125306,17.414291233238455
385.96886719030243,182.96469707282913,8.677803598145672,17.30649565406877
385.981401486914,182.59620879773667,8.652735004922569,17.238088748229472
385.9721927694491,183.03757309942577,8.671152439852335,17.15787897834251
386.1726781643965,182.46445118166935,8.670586567852371,17.10290806017092
385.97152367011137,182.69825257742218,8.673304166485012,17.03489665860286
386.9590186753359,182.93696046911083,8.691531512464636,16.95612434651133
386.9297971867395,183.17568381583624,8.74997448965744,16.876482342317388
386.4700591544731,182.82141751920744,8.874163411220751,16.789727792605415
386.60119699149203,183.06352150222293,9.010390535373222,16.704022624764704
386.51261134545217,183.53677825070523,9.187561827452926,16.556659753370518
386.22813568324545,183.1943793040033,9.356085382886153,16.440602108814126
386.2963186730286,183.48161591288843,9.62129799733271,16.267707485056693
386.5865794510006,182.5459915884545,9.847788081395784,16.121427033906713
392.12400211602505,182.6995359196746,9.71187523368361,16.219484018960564
392.82750383741336,182.602526800128,9.517822949391437,16.41350225805369
391.90071183559456,181.89998743461285,9.351819406520598,16.606828461178985
393.1995856265418,181.60906547691022,9.177836428496494,16.78471160927248
392.6776104168159,181.5088701006849,9.010923154392819,16.985102361723115
392.755565023695,181.43293981391525,8.85501394063464,17.136962935262446
393.0187641783359,181.36864330920275,8.731880736305895,17.265555944687407
393.08237885812173,181.29578784516758,8.604651376734253,17.41126687275776
393.133283062819,181.24893373593792,8.5028429673398,17.504975091217073
393.17142278992026,181.21872024116797,8.426563513137184,17.565402080757003
393.402211132122,181.21296639778984,8.367102584828466,17.576909767513243
393.1991000950148,181.2137892663978,8.372075148949408,17.57526403029731
393.5962493014966,181.43208885049066,8.38040084970102,17.53997691896921
393.57515254004653,181.65962331274562,8.422594372601075,17.485851376002255
393.50973383116,181.91632428849027,8.55343179037413,17.373338014983595
394.83851490710333,181.17210603147706,8.706490340550388,17.255705556402653
395.14000216685537,181.65205072326185,8.908405028185175,17.100705379971785
397.891867299533,182.68968344336753,9.05579325138928,17.043696542817397
398.24744096653285,181.28252346821716,9.155331396341065,17.020617316788293
399.2195985475755,181.70052595345626,9.244550934263298,16.998026226313108
398.9805893840025,181.28566291628232,9.314670370452452,17.01195451874695
398.95740509421375,181.6870139262048,9.361038950029904,17.027853014287025
398.9812242696987,181.2356593610051,9.313400599059905,17.109912353133723
398.99335530563957,181.42960763831852,9.28913852717825,17.1327361425823
399.0318036967543,181.79705992210324,9.212241744948809,17.219115370373416
399.2756340740448,180.54385921674,9.135178247297153,17.261933239524048
399.4965652133849,180.73243833518742,9.103222440719268,17.294681474731544
399.3329516569657,181.69088137937663,9.020610332977274,17.426991489255112
400.01122385170885,182.20691708872815,8.895147447108428,17.62600157416948
400.0461221050245,181.54244419211585,8.825350940477138,17.72161069582989
400.08797132506,182.5001287089345,8.741652500406142,17.862760880158362
400.9621413491762,183.4179148519741,8.640972397260455,18.086763525437682
400.59949211158886,183.29984607976255,8.539409837859724,18.322901069860816
399.7823794007009,183.23407717315504,8.513256588466877,18.454438883075774
400.1852010276469,183.1990711255469,8.54070873353942,18.524450978292045
400.3364597295693,183.20619784587882,8.656234663024003,18.51019753762823
400.0928195502297,182.96008694946445,8.723662110473493,18.582566419227245
399.42130387091885,182.7264468714913,8.800453832474682,18.627766696300085
399.80038304354275,182.50886968295129,8.890444780881362,18.63884642655286
398.6824480439517,183.32182675030063,8.997306105040167,18.716139231872784
399.2647591391249,182.47973819963855,9.119035770230049,18.685180525815106
398.99752578394873,182.04869427292425,9.223057339014849,18.686378096108424
398.0243118643577,178.0878866587812,9.44042837424508,18.394973505623028
397.6843704491312,176.7348135243563,9.688554432767235,18.07882237095718
397.12542917026826,176.6738214999105,9.943682243675049,17.769429046439743
397.64780901054,176.39807016066828,10.192442200537457,17.45858529998698
397.305945805052,176.97707503805424,10.445372911724458,17.16216694479317
396.9817191343987,177.1302162904882,10.663166747253506,16.855884439925283
