395.5,181.5,9.0,13.0
395.0468034550038,180.899756667853,8.906393089992466,13.200486664293948
394.39864759702493,180.8213790980326,8.819527064495174,13.357241803934805
394.42980578568233,180.73179912121194,8.757210687180459,13.536401757576108
393.90904469913613,180.83310170408825,8.753677945451509,13.68214823009724
393.7752694199655,180.7634387970289,8.670756995268627,13.821474044215964
392.54890423013944,180.55200072312942,8.665327407068911,13.893184482321784
392.4174110068915,181.54236852956774,8.576170006746041,14.025311950358597
391.5363828578749,180.44734572145293,8.575145673003155,14.099660808456953
391.3727119641932,181.4850525488751,8.548782938859784,14.146474282653593
390.66840235856614,180.44123651142252,8.541573822045946,14.11036386545697
390.45291714848366,181.51663427987418,8.619244943121442,14.079364123090548
389.9183712735915,180.65082263105742,8.6259066245244,14.040270640088533
389.7025412563225,180.67060842828602,8.703893151296398,14.000699045631363
389.514533270209,180.86080720511504,8.725517339941872,13.974693275554781
388.41181268363914,181.06452021246307,8.804760176485347,13.921633650291412
388.19848959502747,181.26962682468093,8.876505853703705,13.866320925860764
387.6466668846888,181.64108665679714,8.914333789733348,13.833946251393499
387.4471354454754,180.96881816690558,8.957977262447391,13.756805608325656
387.0837223442383,181.32736067875828,8.97481877499896,13.749705274542768
385.80740049920865,181.54106428585803,9.041298267224667,13.67746437431945
386.1595003954095,181.92632095648364,9.047476911121034,13.617329469366314
385.0907432721114,181.41556971731177,9.058650313828265,13.57566152576554
384.88888940675065,181.78316491839612,9.108407583369495,13.548372045957404
385.0748114916592,181.42231102885208,9.09092914296109,13.561348366228255
383.81996989917525,181.60886657661038,9.12071614315993,13.54250815425006
384.3842739638335,182.1266692199522,9.055552790908374,13.570347644631404
383.3164063963978,181.62478040977268,9.068371820289691,13.512667212245395
383.1559951704199,181.95092170137235,9.036028098519376,13.566716976498176
382.2754732832729,181.43485144778447,9.029866947645061,13.538534528572967
382.09956729183824,181.6209795955452,9.028762968968664,13.519194194597143
381.5725961969124,181.7933534016917,9.02488279971825,13.527054035338232
381.5541859126587,181.2653296793717,9.061703368225775,13.52511838042846
381.366092181826,181.62144417947027,9.08464827296347,13.51937449408658
380.10141400262916,181.8340171353658,9.139248320371944,13.4477651981506
379.9212281189095,181.4579240344926,9.14625528071174,13.493221785697921
379.89101884383166,181.63828846627874,9.206673830867455,13.486656928016298
379.71141946869596,181.95575008726505,9.210807791940589,13.561863264440085
379.32714163550133,181.40911745632033,9.26683554791894,13.586336660713116
378.80614440736196,181.38506481258275,9.236153929503802,13.634441948188257
377.72374039765623,181.38449164212506,9.254316400342217,13.63558828910368
377.34972543696927,181.3713334895311,9.286162169218242,13.661904594291586
377.33905568405265,181.36274448939594,9.30750167505138,13.679082594561903
376.9596003603894,181.34347568960243,9.347160599584868,13.717620194148962
375.8727432000016,181.3131986323535,9.35570724278805,13.778174308646808
375.68829044564336,181.2669729776694,9.362699703350403,13.870625618014989
374.40669136092174,181.21335065576213,9.381971508845236,13.977870261829537
374.3862698621321,181.38143927779177,9.422814506424533,14.007040930459134
374.2003441078332,181.7017994520043,9.428203296981351,14.09924601811614
373.0855526250468,181.3091500923045,9.450168732809448,14.148672227600851
372.8898098556709,181.68190791508258,9.472612024811847,14.141241075543427
372.16250016943167,181.45853374211654,9.450019963843397,14.218686563113753
371.97389921744946,181.24654317336402,9.45713172439774,14.272577557208779
371.2253430630619,181.97125204622327,9.470178649805916,14.307225194857153
371.01908627115034,181.9407965872724,9.510939784325512,14.368136112758911
370.80156294683724,181.1782057673715,9.572643941873002,14.399947788246138
370.0314970560292,181.53334877782905,9.613400364394145,14.439349446878575
369.80638644523987,181.7026571728269,9.687510422202724,14.476843820652956
368.62899525298116,181.87872941134924,9.774874993769314,14.502602312433373
368.4432080692482,181.44897843422007,9.766711834149412,14.60262921252024
368.2503326310308,181.40298342792715,9.771358664530476,14.694619225106063
367.46225815678963,181.385782633713,9.817262378736297,14.729020813534344
367.25522549685985,181.32714772605522,9.84748869053287,14.846290628849946
366.247632087506,181.29523388933458,9.932177774984469,14.91011830229122
365.22865633846425,181.68713031423874,10.027817522838701,14.903250152574575
364.99826472962485,181.49761420387247,10.098655843985775,14.892337476775268
363.565351870715,181.92916756885884,10.227803944161185,14.811138637557985
363.958481165427,181.91574362187893,10.225279566773871,14.83798653151782
362.72815066187974,181.7509261874539,10.33256263775349,14.775391744348742
363.1374083202599,181.72795289373866,10.300160014014143,14.82133833177922
361.71855261087694,181.323857491188,10.385368629486983,14.84309976451104
361.8731032325287,182.11243678380652,10.471214835768588,14.845730977614895
361.04890922363023,180.9695876935106,10.533999046851687,14.753023448136025
360.40800244990317,181.33627830451735,10.627712108900434,14.811709216392801
359.83084401369524,181.30362214504316,10.586649167512741,14.877021535341164
359.6621721011345,181.26462037448258,10.525220711772517,14.955025076462316
358.63738128527007,181.2535955115272,10.580106110096482,14.977074802373078
358.64959546982436,181.42217149856,10.555677740987894,15.040098280393538
357.4678119114044,181.5906970916353,10.514899565587939,15.103771309616258
357.231694496487,181.78738386344517,10.58612221536115,15.111409946058014
355.7868284210614,181.80181239118033,10.659745476621728,15.082552890587708
355.95054489992043,182.0106581198901,10.7353906393602,15.067939553624694
355.53049671891205,181.9954818112615,10.767283958756378,15.09829217088191
355.31652649100704,181.78382038270433,10.790140109836665,15.116530723266585
354.7018226951405,181.57792684405345,10.802341182011585,15.122582294048916
353.2681697028409,181.42989296231391,10.827455064220938,15.012622614329484
353.21182690021794,181.8736063874973,10.940140669466821,14.934750302209563
352.9814121105098,181.88827261051242,10.9955248313765,14.90541785617931
351.9377714640608,181.92204266996183,11.053269951408682,14.837877737280529
351.53115163469084,181.93415646680955,11.054856622999688,14.813650143585058
350.062876833872,181.98367669833016,11.15301412703795,14.714609680543816
350.24122381996256,181.9867132562575,11.201901178357488,14.708536564689155
350.01257369845206,182.00842810852194,11.252916265249151,14.665106860160263
348.7570619941115,181.84585932464103,11.325212745472871,14.583789939845868
348.40044472502956,181.81220193947738,11.22566611744214,14.651104710173184
346.95204068742055,181.84256267951554,11.281889538788352,14.590383230096819
347.1358260565507,181.83498375314107,11.320105923676142,14.605541082845798
346.9296240847846,181.8273793969463,11.325870571239989,14.620749795235305
346.07387435921873,181.87500432678993,11.409510596107296,14.525499935548062
345.85949672974147,181.83972099286208,11.431396446430805,14.596066603403777
344.5689412033501,181.88314831445552,11.562696345245334,14.509211960216888
343.95296745161704,181.84000918065624,11.567335696852313,14.595490227815457
343.9518468406267,181.99256575726784,11.569576918833036,14.70087415626198
342.74130001474407,182.37472473348157,11.51780877299376,14.760843469702724
341.5373742454853,182.07281604081996,11.452345127336269,14.952441657663453
341.9730537916492,182.00684178429248,11.409137285335397,15.084390170718422
340.5400539083661,181.96095909644205,11.367479777641819,15.176155546419238
340.53463896952866,181.88281097694784,11.37830965531671,15.33245178540766
340.08915191350474,181.6344936777593,11.431994854316816,15.410441927260884
339.4017421211362,181.83640331058498,11.544698187042352,15.42732807894666
337.8825294524042,182.03536231832408,11.623502827436456,15.45221302019275
337.85261289295516,182.22171915314206,11.68333594633448,15.503966554214578
337.3862822415791,182.36182699981842,11.763537541401421,15.649980714704414
336.6590530121917,182.11798498511703,11.928723899454324,15.707907377199877
335.3815257899211,181.8252868377828,11.883788974336852,15.859972110258601
335.6025254312539,181.51252660121716,11.876700025557225,16.050582249504036
334.9539201028448,181.44844664816475,11.86084680118258,16.178742155608838
334.7781092949184,181.60720898339872,11.773096711432958,16.30058919074333
334.63172194180623,182.39390728526416,11.626092893238937,16.486306684685957
334.5045730250901,183.8026812436712,11.440221689398834,16.749942028777966
332.5417728620498,181.13543800126413,11.396150261489046,16.791532841604965
332.82735202063736,184.09664225968933,11.265962960606794,17.04271855285293
333.5913930555144,184.82408944870696,11.065630255809522,17.35815666142673
338.36155513720234,184.93775216193114,10.84861776259237,17.57479845736688
337.78666051448016,185.05786246019704,10.667706086548735,17.778144834664392
337.4230926443496,185.67404851495283,10.50774056579586,17.87642461667376
336.34366288958086,186.30764093993452,10.455042839637416,17.936174108127986
335.9412343841266,185.82296036933823,10.375287434709875,18.02092283348453
335.5626532882898,186.2269124449163,10.248027688711463,18.097440620000356
335.8363471903626,185.5494796562254,10.141824185249945,18.12875329533014
335.23393637790326,186.43325522822977,10.027118939027636,18.120571312842436
334.1828208150887,186.22299315160166,9.940500477625813,18.103325548692425
333.12962953047366,186.68005669816677,9.86668258660488,18.061278639662632
326.226186861529,180.0783239533391,9.780376455174329,18.239877126830674
334.4773282318673,180.10480349524633,9.820047267179111,18.186918043016192
344.15337336750804,180.25865490249845,10.05260156297806,17.87921522851198
350.6847607808161,180.50678577191007,10.029152259175753,17.817597673782455
357.18248062030096,180.7729221104288,10.03380617578954,17.718661449931147
363.8975250034701,179.7343416391388,9.994319151010831,17.636047918066073
369.5221472573675,179.5344327505778,9.926757446029502,17.605800972002942
376.3999452023421,180.6199721253463,9.882237499393305,17.577077838608584
381.49896839360997,180.23587756351165,9.939173686627907,17.49068508146372
388.6809397921735,180.3176207253865,10.092620016337069,17.32719875771405
392.10424711255035,179.90106408225336,10.080612382114085,17.305986168163955
399.64297097602247,177.66820421990548,10.362416142309621,17.078601271789154
400.6202729843594,176.64875943405548,10.547927925607574,16.977375043517338
403.2481894877967,178.69268408304626,10.447654233910262,17.18582517485008
404.81153444283535,179.69497613022077,10.338311248363047,17.336488883736855
407.24832689339377,179.0025194577677,10.210646966548639,17.42706024156051
410.9435421989844,178.77402119015494,10.141034489045321,17.453420415981416
414.39423309747053,178.586022132707,10.11725485720823,17.399568395556404
417.19158052626733,180.0491310904965,10.095021034239052,17.473906421698263
419.937401216544,179.2223590158945,10.185252270066163,17.40995130432368
422.722297590184,179.4291779287577,10.204860542342132,17.42626740317852
423.7543373180857,179.05100682954728,10.293415435689454,17.321555861939093
427.6273181675896,178.58355280875082,10.295897678176697,17.395525687810327
429.3592732344562,178.7418690284728,10.284851514999854,17.51050124468592
429.98696735961636,178.71921011657548,10.328840687568176,17.555819068480567
430.8285609789667,179.58005238396862,10.383813660918499,17.572294745745303
434.96065424184815,178.01928087555615,10.398155649063362,17.6438535732358
436.70517399343106,178.19392204042012,10.405234695306135,17.731586062183897
440.2031280260702,177.30737700239376,10.424277620617469,17.750938390589205
441.0746918076397,177.73018683934322,10.437321061820965,17.78340421886159
450.7543276855539,176.6230883446703,10.426787418307669,17.798880968171606
453.0637948721639,170.98149752433955,10.20580726534636,18.087177058186363
449.2779926740091,175.40143887165294,10.292040121835505,18.05361382217186
449.66926823547846,176.0696151968984,10.39205617429895,18.04111193478419
450.5286086761202,175.38565701044786,10.444549318814603,18.080647788336037
453.26295555019203,170.82787642255082,10.307059314476648,18.310869391120438
451.75902763075607,165.40141759758455,10.197552693518423,18.475687178778042
454.47589802988506,161.51061385875173,10.11467220389946,18.67690921920526
450.5341403276413,154.8117015614056,9.944028500574634,19.098588584644244
450.15116058235776,149.27153814744352,9.80854470036357,19.36159592323079
450.17763299543674,148.10721098016018,9.755599874205558,19.42904772284816
450.2256046379975,147.7978511332736,9.6596565890841,19.595454400951077
450.4522010647675,147.7755064616103,9.659547896417228,19.640143744277722
450.9148377700188,147.7390980072917,9.641742911156388,19.71296065291493
450.7194714005153,148.35209417591452,9.577987920383872,19.850431505007677
451.6355786476385,148.06592827589915,9.567314057331007,19.96737814724004
450.97420335924704,147.57459571201764,9.519357197013402,20.036238316935936
451.45648118744623,147.75102826964124,9.468942629547799,20.140443746155135
450.54691919942485,147.92888234293224,9.457235198886753,20.242443451249073
451.6833247647809,148.14805412983333,9.47935317222824,20.263085698257637
451.23076009064783,148.1239095094698,9.46513972151677,20.311374938984642
450.77455790701185,148.0695938211968,9.457294233108941,20.42000631553067
450.32179046818766,147.81750680460044,9.439698480583543,20.46261503363644
451.2303235096804,147.77483736712244,9.47013804324252,20.547953908592437
450.2805549714616,147.98424498446576,9.515088503510224,20.592785327948263
451.20128156371356,147.73561835694494,9.533965592570393,20.624956014598883
450.9326019269865,147.73971365533325,9.605445648764189,20.616765417822226
452.3380906380253,147.8877590380808,9.596516827087491,20.787682752394005
449.7548792177876,147.85715190877363,9.60027012541433,20.848897011008308
451.14091360755566,147.8711453827265,9.64992619595973,20.820910063102563
450.42938111335314,148.09512899821203,9.660745183539213,20.84369149907337
450.8947824405624,147.60406042081956,9.672479106477711,20.883292076501426
452.03212822798724,147.79425628294902,9.758027770845718,20.97494840008607
451.056634574519,148.26548584154853,9.809526491534795,20.98223357601074
450.5444041246304,147.79731660698212,9.882234731654965,20.966819385486357
451.45202150972887,148.2808956127161,9.974678080128783,20.953500433353806
450.7129428504808,148.19721753600734,10.017830570888593,21.120856586771318
451.2071195083464,148.05834970723453,9.992517447283822,21.398592244316937
451.1897391289358,148.26175169349014,10.027278206105082,21.47690419444799
450.21079668644165,147.92261792901942,10.037724110626908,21.668311978272765
449.70712813837696,148.15509426902784,10.065418197064085,21.693180803101985
450.46471462568417,148.10627423282892,10.02224338331624,21.790820875499826
450.9418375289627,148.10357514283842,10.050655545248345,21.79621905548081
451.1608724203792,148.08769331599922,10.104489591201327,21.827982709159237
451.85727222799795,148.0510037278833,10.191605532625342,21.901361885391076
450.6200921550548,147.976360360115,10.186509203112612,22.050648620927692
450.1053160114868,147.95393141099026,10.220122255161868,22.09550651917717
