215.5,72.5,27.0,33.0
215.0276851525507,71.87949292878163,26.944629694898595,33.24101414243674
215.06928314934734,71.73864722954563,26.861433701305327,33.52270554090873
214.62605225026047,71.20315054971613,26.800316573798685,33.64611997488741
214.7053249715331,71.17083434931023,26.641771131253456,33.7107523756992
214.8071929850603,71.15613863488375,26.438035104199,33.74014380455215
214.7975075321545,71.17119497746228,26.457406010010644,33.71003111939511
214.7925205734977,71.15014850419801,26.467379927324206,33.752124065923624
214.85957038719445,71.05732170817002,26.333280299930717,33.937777657979616
215.38299458222963,71.08721729509105,26.23178972452154,33.877986484137566
215.39127104349154,71.13557593410835,26.21523680199774,33.78126920610296
215.36419960383407,71.1983019365292,26.269379681312678,33.65581720126124
215.35601055977168,71.29132232663008,26.28575776943743,33.46977642105948
215.42278933896762,71.30560245555994,26.15220021104559,33.44121616319979
216.49636213015103,71.22343869299173,25.87473837741064,33.605543688336176
216.54201138000846,71.1840406505027,25.78343987769579,33.68433977331427
216.54665562742568,71.1458305313872,25.77415138286135,33.76076001154524
216.4999676294272,71.12107616168021,25.867527378858295,33.81026875095924
216.50248582841792,71.08289316854751,25.862490980876878,33.886634737224625
216.49203953600636,71.06487214496553,25.88338356570003,33.922676784388585
216.6067091393579,71.11655016921621,25.654044358996952,33.819320735887224
217.22262326957647,71.11640201602609,25.354717542117136,33.819617042267495
217.33975097918545,71.18113767087834,25.120462122899205,33.690145732562954
217.43563908149508,71.3229254593188,24.928685918279918,33.40657015568206
217.59738937072999,71.34570441524822,24.605185339810124,33.36101224382321
217.7108822458981,71.31955309140966,24.37819958947391,33.41331489150032
217.70684388237913,71.22006685285704,24.38627631651185,33.61228736860557
217.74281299658625,70.67214736054484,24.314338088097614,33.79948926908021
217.7210916220502,70.65659872209326,24.35778083716971,33.83058654598335
217.69206222108397,70.61975438781451,24.41583963910216,33.90427521454087
217.65444551337387,70.57967783916149,24.49107305452238,33.984428311846884
217.6612271329199,70.487228851285,24.477509815430345,34.16932628759989
217.24431874458634,69.92954764886866,24.392766106273026,34.36612820660814
216.7858479038737,69.86345246600122,24.389566592878204,34.49831857234303
214.028072588758,69.39345068575827,24.372610621121964,34.51623769916433
213.54842283941207,69.35436412551687,24.409834237921647,34.59441081964712
210.83366833588465,68.83392998508502,24.296133053145486,34.71141073520565
210.91467419257782,68.2645673766041,24.134121339759158,34.92637501741912
210.08335053311802,68.18287563730827,23.948111962486124,35.089758496010795
206.91531163312087,68.16788980748147,23.818191115131853,35.1197301556644
206.97034477325948,68.1591813377162,23.70812483485464,35.13714709519495
204.25385445853138,67.55957867062033,23.618375348289366,35.41589741004977
202.91251090516704,67.03522644858094,23.531605843858877,35.541449650408815
202.4874100960606,66.99832162743797,23.458212299199545,35.615259292694766
199.29670453920016,66.48162626956832,23.375247132340267,35.725167682636894
199.34155751424217,66.44946455801704,23.285541182256267,35.78949110573948
198.8542968535463,66.40595126718969,23.336842733618024,35.87651768739417
195.62204216707818,65.9217298338177,23.323719152020704,35.919584417776235
195.105051601707,65.90258809357614,23.431898165394998,35.957867898259344
194.5753486172165,65.85008669881479,23.563128348473107,36.06287068778204
193.60595737786645,65.85945774317665,23.638048422120868,36.04412859905831
192.2138562616305,65.86767912727208,23.623561000866587,36.02768583086747
190.8200659190113,65.91722631933922,23.61391351739947,35.928591446733165
189.46099959351764,65.9701257833064,23.53975231039815,35.82279251879883
188.94008358607027,65.9979109389086,23.653637411191784,35.76722220759442
188.4324029442371,65.98541215933251,23.739992351972923,35.7922197667466
186.5717588087131,65.57276249981646,23.73802068618938,35.68670410157081
185.97119811588004,65.61201433103798,24.009942275611444,35.60820043912774
185.88539131829558,65.63626939482266,24.181555870780382,35.5596903115584
185.88057943386215,65.63266163290764,24.191179639647217,35.56690583538843
185.93062625470554,65.63767717600817,24.091085997960402,35.55687474918738
187.40279743605305,65.57390714360619,23.946049268326355,35.68441481399134
190.23059127494088,65.52552503050305,23.886153932151657,35.78117904019764
190.75287983998672,65.52903085877206,23.77465148183814,35.7741673836596
192.65591370240486,65.50910557143234,23.693061947702684,35.81401795833903
193.1588866099387,65.44230252779056,23.617478720600964,35.9476240456226
196.46536648296617,65.38764954434164,23.522282035326736,36.05693001252044
198.354808436217,65.31616086429591,23.468048885316094,36.19990737261191
200.2125712570765,65.20684430848578,23.482121602573407,36.41854048423214
202.9310595213236,65.12003905356973,23.660569146182823,36.59215099406426
206.15354262279124,65.11605384896187,23.805919175902655,36.600121403279985
208.407416891235,65.16616414472075,24.018238113845953,36.499900811762224
211.67519780075594,65.12443417860278,24.104985493767884,36.583360743998156
212.11067970719503,65.07324270792097,24.182757958231996,36.68574368536179
215.89035511345895,65.0236523062335,24.235909272080498,36.78492448873672
215.85039049051403,65.13594909572784,24.315838517970338,36.56033090974805
216.72253530749717,65.14774358857686,24.475333432669473,36.53674192405001
219.95814718834575,65.36131893631295,24.683395810298062,36.10959122857781
220.00034703110623,65.23119430075846,24.59899612477713,36.3698404996868
220.39807830592275,65.26236603222033,24.757259497390415,36.307497036763074
223.60357389954012,65.80151572119803,25.03412073258268,36.184605147725804
223.53611871713272,66.28870744546012,25.169031097397447,36.168353617719745
223.44152379077116,66.33276616589897,25.358220950120568,36.08023617684202
223.83980986526456,66.33393909759789,25.523550627782193,36.07789031344417
223.75514520581635,66.35721937464449,25.69287994667863,36.031329759350996
223.6790038877922,66.86341625438818,25.845162582726942,35.985605141466976
223.13292380960272,66.89836399056964,25.968843152910846,35.915709669104075
222.67123580039913,66.8485536228153,25.922767056635244,36.01533040461273
222.69644062470582,66.80214335088323,25.87235740802184,36.108150948476876
222.20050069938299,66.8330140101904,25.893458344072325,36.04640962986256
221.69255877163067,66.37300532357415,25.93915023910072,35.996235042618885
221.20765142209282,65.91372584047923,25.938781759490602,35.94461083012287
220.76407508182191,65.32749854415712,25.856538240627494,36.14766922336215
220.8163337906596,65.32870959150026,25.75202082295217,36.14524712867588
220.85980760761467,65.52582480305718,25.66507318904201,35.75101670556205
220.38336711043715,65.74294472038054,25.65597863468248,35.31677687091535
219.99802060445452,65.93280589970067,25.47141517390004,34.93705451227506
220.06190341755718,66.08765962605874,25.343649547694742,34.62734705955892
220.11552713807455,66.15090569095129,25.23640210665999,34.50085492977382
219.68706681288586,66.18600906406809,25.157298331512212,34.430648183540214
219.68500140365802,66.27836055948745,25.161429149967894,34.245945192701505
219.73830953157528,66.42154675126467,25.054812894133363,33.95957280914706
219.78373141008956,66.59734102322314,24.96396913710484,33.60798426523013
219.82256056876477,67.15293475073773,24.88631081975437,33.41482533181065
219.90039841336326,66.80833749066807,24.73063513055739,33.19019208854095
219.48304960950654,66.98405596358046,24.65745833597237,32.838755142716174
219.53551688729257,67.52518054013568,24.552523780400307,32.65784813543169
219.53754282819034,67.5926068907086,24.54847189860473,32.522995434285875
219.55359064294294,67.68007873390887,24.51637626909956,32.3480517478853
219.5628353225747,67.73661269227925,24.497886909836065,32.23498383114455
219.09044903552018,67.82220635180809,24.553099008906255,32.06379651208686
219.07669690672802,67.91507224078508,24.580603266490606,31.8780647341329
219.1024370977856,67.99175236803364,24.529122884375404,31.724704479635758
219.11959744717947,68.09124914542386,24.494802185587677,31.525710924855318
219.15349667039632,68.22593112609775,24.42700373915396,31.256346963507568
219.11614910146778,68.39910080824208,24.501698877011037,30.910007599218886
219.07745571147692,68.50694563815699,24.579085656992795,30.694317939389066
219.09244226999652,68.41416679906722,24.549112539953594,30.01250472842802
219.0604878088533,69.17937502068732,24.613021462240003,29.338528142288816
218.19097807910185,69.38178169615676,24.65781160988903,28.93371479134992
217.76796677025237,69.47017313817354,24.662234295975374,28.75693190731639
217.7536726862345,69.67029232817058,24.690822464011173,28.356693527322307
217.80562913068624,70.28210809614862,24.586909575107665,27.966285322685103
217.79616866221312,70.32873525580484,24.60583051205391,27.873031003372656
217.77254805725838,70.34534243419601,24.653071721963403,27.839816646590315
217.73325553137715,70.39289775437521,24.731656773725827,27.744706006231922
217.74068306079258,70.39818489448137,24.716801714895002,27.73413172601959
217.75305460212908,70.39659685547592,24.692058632221954,27.737307804030504
217.77900181562993,70.37960967730677,24.64016420522031,27.771282160368806
217.80764199053084,70.32034989823701,24.58288385541848,27.889801718508316
217.80879466135818,69.85814030982914,24.58057851376379,27.989943249036642
217.80100962661123,69.37133589151,24.596148583257683,28.13776185722348
217.01570823043153,69.36043804569204,24.510101211078048,28.159557548859436
216.96315510513355,69.34168863858295,24.61520746167403,28.197056363077593
216.9991568922839,69.40691807986623,24.54320388737327,28.066597480511042
216.94419590616567,69.37546266044185,24.65312585960974,28.12950831935978
216.97771025175422,69.46319144255594,24.5860971684327,27.954050755131618
216.97460353671713,69.3400198096929,24.592310598506863,28.20039402085769
217.0621209185284,69.30971304787255,24.417275834884336,28.261007544498387
217.08208845176733,69.12486733346405,24.377340768406413,28.630698973315393
217.1511389473851,68.85636717339713,24.239239777170894,29.167699293449218
217.23970495230967,68.66412981667474,24.062107767321752,29.55217400689402
217.26226246868342,68.80974635696117,24.01699273457426,30.102462085507263
217.28961634863455,68.53450699046337,23.96228497467198,30.652940818502856
217.28112732402235,67.85696235694331,23.97926302389641,31.151286179396166
217.34283496276709,67.61574254134419,23.855847746406926,31.633725810594413
217.41103177767698,67.39379204481392,23.719454116587148,32.077626803654944
217.89353131799984,67.12712130646585,23.6289188031962,32.61096828035109
217.92623549843262,66.49873349308585,23.563510442330646,32.98668178872077
217.90294503968022,66.37407702880816,23.610091359835454,33.23599471727615
217.9234939524634,66.28924918393213,23.56899353426909,33.405650407028226
217.87953626177693,66.78543012719098,23.65690891564205,33.3053764392849
217.86624351635908,66.7946918458357,23.683494406477728,33.28685300199544
217.85399779180472,66.82596402110075,23.707985855586475,33.22430865146536
217.85161552558884,66.8999418967075,23.712750388018186,33.07635290025184
217.78047025381292,67.36520893144714,23.85504093157002,33.035296295720784
217.77249352136067,66.86262743910353,23.87099439647455,33.149267046539
217.69917412297067,66.45552944072598,24.01763319325452,33.07028495291171
217.73937832844774,66.0002634370725,23.937224782300422,33.08642863169875
217.73569994235675,66.02962091587544,23.944581554482394,33.02771367409286
217.69343986043006,65.62994364607218,24.029101718335763,32.93452204985114
217.21213831317831,64.3110344914814,24.09918433009404,32.89477891079709
216.7595001730405,64.71546792314795,24.11139434413665,32.978978313697006
216.79804888679155,63.703970322928505,24.03429691663457,33.21288958327561
216.85693722977382,63.603073462261094,23.916520230670002,33.41468330461043
216.9144891342384,63.06987328072586,23.80141642174085,33.58314494160363
217.00288232415548,63.05997978150974,23.62463004190669,33.602931940035866
217.08913379303192,63.49725061573596,23.452127104153842,33.624370969931235
217.05422797984747,63.4600478712561,23.521938730522727,33.69877645889095
217.07551296214564,63.40410100014461,23.479368765926353,33.810670201113936
217.11742958945993,62.87139097611862,23.395535511297787,33.97937167688941
217.13952902856548,63.34741216058467,23.351336633086717,33.92520484291726
217.17791736997316,62.827735158855795,23.27455995027136,34.06822864185746
217.18380705370384,63.27351847178001,23.262780582809977,34.073875612935815
217.61316533275098,63.192466195872825,23.301167800273088,34.235980164750174
217.96771763911255,63.576618540601615,23.492239459249475,34.367851746992045
217.9529744047798,63.437170730157945,23.521725927914915,34.646747367879385
217.93506865163926,63.2806365271732,23.55753743419605,34.959815773848874
217.9023784175563,62.74826727401771,23.622917902361944,35.10925703858965
217.87632838512832,62.68552805886692,23.67501796721793,35.234735468891216
217.87105940984463,62.618763859716424,23.68555591778525,35.368263867192205
217.86585536587512,62.07694656190915,23.695964005724306,35.52834700249061
217.82652522123533,61.97600067174532,23.774624295003886,35.73023878281829
217.76681135085002,61.531686083410584,23.894052035774493,35.68840775591657
217.77112286238196,61.56438517475607,23.885429012710613,35.6230095732256
217.78424565164343,61.66088368878325,23.8591834341877,35.43001254517124
217.71397182286165,61.68285115719399,23.99973109175126,35.386077608349765
217.68358071016507,61.298562014114424,24.060513317144405,35.2256328845973
217.61594978505144,61.486675734360794,24.195775167371664,34.84940544410456
217.61729793451238,61.705482148869194,24.193078868449795,34.41179261508776
217.6060854223734,61.54306408104529,24.215503892727728,33.819084450042816
217.62869096991275,61.87353333213582,24.17029279764902,33.15814594786175
217.60576568320397,62.34368986744781,24.216143371066586,32.21783287723778
217.598643335876,63.21744853498531,24.23038806572251,31.35502146204786
217.64551763590032,63.171399802006434,24.1366394656739,30.575311963713602
217.67268270996504,63.45872915760647,24.082309317544482,30.000653252513537
217.68556448353556,63.745735693491305,24.056545770403456,29.42664018074386
217.67676930351092,64.52356916692291,24.074136130452683,28.710479410977975
217.65449078330823,64.83952724412923,24.118693170858087,28.078563256565328
217.69997719637246,64.67950870950423,24.02772034472965,27.57883305291616
217.33218150983083,64.87927894763882,23.952717616926847,27.179292576646972
217.34729841648794,64.63559301836783,23.92248380361261,26.863448088107578
217.40258766952607,63.91875459324585,23.81190529753641,26.70143913285363
217.3804803846973,64.36211360132303,23.856119867193904,26.60828978909118
217.41054122807992,63.83923349085801,23.795998180428704,26.86122043689585
217.79970420290346,64.1443115604488,23.81346228042502,27.046854347357648
217.83906134225424,64.05356539626474,23.734748001723474,27.228346675725767
217.86687446639252,63.923824304658154,23.679121753446896,27.48782885893894
217.8410779983552,63.74787088212795,23.730714689521548,27.839735703999356
217.46147082340778,63.55535554102281,23.68006626144806,28.22476638620962
217.44414080108876,63.355272158977385,23.71472630608609,28.62493315030047
217.43091506057087,62.67051828080476,23.741177787121917,29.17275190014837
217.45087978939037,61.95283033912436,23.701248329482905,29.777604593507142
217.47286674652096,61.222907653718096,23.657274415221707,30.398310572358213
217.07638413627944,60.8920837884201,23.602332869834115,31.059958302954197
217.10141514507154,60.62316783818963,23.55227085224995,31.597790203415137
217.0946984290624,59.95538990593177,23.56570428426826,32.068896369438285
217.0365641289285,59.25288394584305,23.68197288453603,32.602092335266015
216.9881067056882,59.03879393419779,23.77888773101661,33.03027235855653
216.95210294155927,58.867240621057356,23.85089525927446,33.3733789848374
216.88945852196298,58.752996833583126,23.97618409846703,33.60186655978587
216.8411004224506,58.609216430888004,24.072900297491802,33.889427365176104
216.82830270088897,58.58325136899052,24.09849574061506,33.94135748897108
216.8072299156312,58.52129279742846,24.140641311130594,34.0652746320952
216.82462862335686,58.491370691818545,24.105843895679303,34.12511884331502
216.81216004915947,58.4532962301103,24.13078104407409,34.20126776673151
216.81971665466412,58.41627854863954,24.115667833064762,34.27530312967303
216.8487907462256,58.509971590026325,24.05751964994183,34.08791704689946
216.86598020947778,58.571497922560525,24.02314072343743,33.964864381831056
216.9086617506134,58.68294013896122,23.93777764116626,33.74197994902967
216.92904071856498,58.817316781929144,23.89701970526307,33.473226663093826
216.96085058784578,59.104236088270156,23.83339996670147,32.8993880504118
216.95308019904073,59.9467513657433,23.848940744311587,32.103138171594665
217.03336991237444,61.32318000307265,23.688361317644134,31.1042163542472
216.61375115888063,62.268160460479784,23.668431349415037,30.07342291464967
216.17798321875875,62.38048012707185,23.69683848878136,29.84878358146554
214.89152018073435,61.93293049421457,23.749295458095425,29.903726478268528
213.93185686179413,61.38149071525423,23.984930108318963,30.164760042360747
213.9134826925985,61.21527073262314,24.021678446710208,30.49720000762293
213.83297325104326,60.913951272560936,24.18269732982069,31.09983892774733
213.92379099654477,60.663799634805386,24.00106183881767,31.600142203258436
214.0806040849916,59.89378229284999,23.687435661924034,32.26836953661485
215.91020959490857,58.197835882473996,23.535552648685314,33.02976635242043
215.8580448715067,58.14251896099703,23.639882095489043,33.14040019537437
215.82350811035886,58.07608476736351,23.708955617784724,33.27326858264141
215.62957139416835,58.435229250448025,24.096829050165756,33.44737068516413
212.26190384968513,59.83507112577953,24.52240939941297,33.351867537237936
210.3293195969439,59.598204774372384,24.759888896112905,32.91867798785658
209.11044717179263,59.539422088390495,25.389177735157222,32.132015354191246
206.57811337187405,58.958965411575775,25.94147802943666,31.487981785597604
206.22172590373285,56.165833759991486,25.7527180424433,31.665035549111593
206.27463899245635,56.13606643805907,25.646891864996306,31.724570192976426
205.4772586799496,54.79379526627909,25.44083294056271,31.70788321236578
204.57931917819025,54.44562668682161,25.44306551129573,31.507397154887883
205.15264224014024,54.505378835715646,25.190208723041806,31.387892857099807
205.27477270779508,54.539173530558145,24.94594778773211,31.320303467414824
205.44463304743437,54.48800194179669,24.606227108453567,31.42264664493773
207.6330319286662,54.63562162030193,24.624142080760116,31.127407287927248
208.42065389353561,54.86164857095584,24.79834544156494,30.675353386619424
208.1231601245686,54.96458734161805,25.39333297949897,30.46947584529501
210.3930498120743,56.566710280799924,26.11591079954317,29.89640856445905
212.4990678534095,57.57397090375398,26.302955546198383,29.641519650281214
214.6972669004074,56.855845185920785,26.30085875761896,30.198910824864328
214.61758434274023,54.072834597577554,26.460223872953343,30.440231941622645
215.19667109721183,54.23971824947059,26.195779117120736,31.000193390947132
215.21981763117643,54.18417851935473,26.149486049191516,31.11127285117886
215.25309642418,54.16340634946917,26.08292846318436,31.152817190949968
215.32752065106573,53.58854157521153,25.9340800094129,31.403885350559154
215.44789787765984,53.39236500028152,25.69332555622467,31.796238500419165
215.44294292909186,53.28415364058431,25.70323545336065,32.0126612198136
215.5213056851673,53.792339075769156,25.546509941209745,32.80775522988701
215.66410737223538,53.573745690927424,25.260906567073626,33.24494199957047
215.8101506586117,53.609732667007115,24.968819994321006,33.17296804741109
215.4354628631609,53.27115063368437,24.806694385745622,32.93863091457958
214.94223550102998,53.32932023860286,24.887854272075216,32.82229170474261
214.93898933025017,52.89513000824908,24.894346613634852,32.78582289021558
214.4655100259282,52.839165988612265,24.936904890427524,32.89775092948921
213.5337777247852,52.078911293255544,24.98677661853326,32.60466744602237
211.6339697551881,52.22353500834057,25.17379960595419,32.315420015852325
211.6849439633746,51.655669254771944,25.071851189581196,32.54937176211625
211.72154200610441,51.5653439693427,24.998655104121532,32.73002233297474
209.407281659546,53.993161230228935,25.10092496369031,33.305888811459965
208.67526000788763,50.49424173732856,25.649291834403236,32.97831633643055
208.5972355634482,50.4386964961635,25.805340723282104,33.08940681876066
209.02817067746733,50.39825828692915,25.867313215796948,34.09412595778247
212.86633223728597,49.955686311399816,25.712246731608836,34.97926990884113
213.35742272603923,49.07544150360404,25.681131040834227,34.83762895096893
214.8451432871123,49.23014565443174,25.55091604519871,34.52822064931354
214.90366360566583,49.02694090197685,25.433875408091676,33.99304389453398
215.0282155402183,49.78230256854364,25.184771538986727,33.41387110696661
214.56064193206237,50.37640796874615,25.20123335158883,33.14434571027138
211.75301921162784,50.42776817656906,25.327349203529195,33.04162529462556
211.7065702497324,50.548478420482084,25.420247127320053,32.80020480679952
211.74837289027144,50.73578157472599,25.33664184624199,32.42559849831169
211.80799298628796,50.81837464998021,25.217401654208977,32.26041234780327
213.65521072168445,51.36251045625064,25.129559175433844,32.07378898326688
213.68590676115403,51.688873533708914,25.0681670964947,32.31843696498302
216.20859787500996,51.67923350989705,25.42344492805891,32.337717012606745
216.4993989024635,52.6030957191404,25.748014214920016,32.30233527765639
216.39330508259104,53.101215896386286,25.960201854664973,32.21698445278254
216.33678395439767,52.99142464273015,26.073244111051658,32.436566960094815
216.35519430075797,52.983260495961325,26.036423418331097,32.45289525363246
215.82825564838464,52.943825453626566,26.17244074673028,32.53176533830198
214.37312305120082,53.33135200934691,26.318905170234416,32.67797915048247
212.95702287770484,55.53297303330986,27.299358169251803,32.90410547249297
211.70334420626347,56.897474612862666,27.916395277506982,33.01058266532874
210.9716241759446,55.238769434801824,28.423114828282767,33.45783149186473
209.72989150562157,55.1876957525086,28.963088623313702,33.55997885645118
209.572813224574,55.19422251488728,29.27724518540883,33.54692533169383
207.616044223438,54.566743146238935,29.24356008576083,33.8150782935105
207.81958949542008,54.125628813828676,28.83646954179663,33.70689755500551
207.63486421437025,54.10981896594757,28.223703442141513,33.738517250767735
207.92037973522633,54.068111742639644,27.652672400429356,33.82193169738358
208.13232566543022,54.31464147403723,27.228780540021628,33.3288722345884
208.38349948726773,54.60142391698596,26.726432896346576,32.75530734869095
209.09654696598167,54.75985007221923,26.233978740755905,32.438455038224404
211.48317660528613,55.423692547133314,26.064881127765016,32.031602421519835
211.5955030684086,55.462890123457015,25.8402282015201,31.953207268872433
211.6948493203103,55.063726367189446,25.641535697716666,31.844498462429044
211.99350101346772,54.49826852918034,25.044232311401835,32.07325401777966
212.3028416363404,53.97977165815778,24.4255510656565,32.21426657281434
212.69120778429183,54.07091026848795,24.53688536604603,32.031989352154
213.25926763378334,53.68572535130919,25.174977249054606,31.915253395515716
212.44011596086287,53.673236315925315,25.917590974794997,31.940231466283468
211.1294504446002,53.715849546422334,26.722747791602757,31.85500500528942
210.12660563777024,53.6414959705846,27.80868543654765,32.003712156964895
207.24241921624252,54.42095854782453,28.879742555245258,32.323713292228135
207.31720768706793,54.27269608594151,29.691689568999166,32.62023821599418
207.97150934813953,53.21882348599811,30.34119845144406,32.76987121129282
207.89211861209176,53.081673501824966,30.499979923539613,33.04417117963911
209.95362741687927,53.01875919723004,31.369427109724967,33.16999978882896
211.10458360104022,53.13691937945438,32.11022604500615,32.93367942438027
212.3143573222104,53.38900030724019,31.735167167163258,33.45176185105741
212.67919658215595,52.806084383845075,31.00548864727213,34.61759369784764
213.057019518211,52.02456900972096,30.249842775162033,35.149649187712384
213.5477734900651,51.13059483622487,29.26833483145382,35.91046844163082
214.03217933242806,50.51646275237814,28.299523146727957,36.11568361177437
213.86566912882066,49.732324558182604,27.622032106606248,35.66293710549239
212.71756814091646,49.85832976019296,26.940424392833137,35.41092670147167
213.03671966921323,48.92038985767555,26.302121336239615,35.33145684027839
213.29868530059852,49.11931114719133,25.77819007346902,34.93361426124683
213.90433647143888,49.31502393622178,25.51833979577956,34.542188683185934
213.88177392906988,52.02484671014136,25.563464880517568,33.82887006548623
207.90225939824634,52.877899783997975,26.348452337109162,33.05393405152763
204.08060703309974,55.10205044185747,26.534913004566647,32.3340547672265
204.02074310378723,54.324573630901696,26.65464086319166,32.040830927007306
204.8140793002505,54.42839287320561,26.91099654329285,31.833192442399486
204.70624081305414,54.589887317077256,27.126673517685646,31.510203554656183
204.14127014519488,54.23773976325249,27.33569289657337,31.293576705474976
204.0102745820583,53.7990665871596,27.597684022846572,31.25000122350314
203.73817572190973,53.86584739438401,28.1418817431437,31.116439609054325
200.89346133489983,54.45604229393581,28.245064818111317,30.867090759792767
198.80364321601962,54.40075718762361,27.780656784298692,30.977660972417176
202.8057668245202,54.520355820489655,28.08461572572708,30.73846370668509
212.19123737554273,54.238414509846415,27.79885102328634,31.302346327971563
213.867079678115,54.779975295914284,27.232535385117583,32.07613740048634
215.28987768097772,54.5712379259805,27.180978271211607,32.493612140353925
215.21945548466067,54.39581144827372,27.321822663845683,32.844465095767475
215.2229057848409,54.35093072240468,27.314922063485277,32.93422654750556
214.2110801330919,54.02607343486396,27.446826260019435,33.583941122587
214.26079026267067,54.35480187170242,27.347406000861888,33.884458427820846
212.46222259211171,55.038080873315714,27.1006404205988,33.47887565493953
208.74659469650678,54.266004751469715,26.925699414705303,33.12147869935568
206.0240230582468,54.27787395252675,26.71601196225181,33.09774029724161
205.88311710263127,54.190747723094084,26.059102893854895,33.27199275610694
206.03202679869815,54.03319533519348,25.761283501721177,33.58709753190815
205.71759607851465,54.05833625375054,25.459431663178236,33.53681569479403
203.5002710280659,54.53162448516855,25.26891824998809,33.515271934775534
203.72058515757075,54.50389518746477,24.828289990978345,33.5707305301831
203.8344666271931,54.91188169302036,24.600527051733643,33.670002692897214
201.64434730837405,55.31682651056493,24.415654353555084,33.77313532497142
201.1534972882877,55.27597067556321,24.485801190886434,33.854846994974864
200.29489339819528,55.717902487038955,24.375128350434462,33.88492368234177
197.4972733122132,56.14740177823233,24.494893124645174,33.93850433291392
197.0013506023633,56.2075983351481,24.571383309345663,33.81811121908238
196.8674729196017,56.274331954935775,24.839138674868828,33.68464397950702
196.80625467264048,56.46661881651086,24.96157516879127,33.30007025635686
196.6143624224516,55.565078130803336,25.345359669169078,33.27652317752522
198.10374281897992,55.748909776673536,25.124240740734468,32.90885988578482
198.61653458850319,54.871727223021956,25.008674449524207,32.843190497415506
199.54098016256788,54.466296699675,24.97405478868758,32.74691580046306
202.1500040488189,53.95693679073137,25.186647421877936,32.860528884068245
202.209845563106,53.4818950446824,25.066964393303664,32.90031510794798
202.8341741863815,53.34936170849631,24.727261611128164,33.165381780320175
203.0099706100653,53.295044088124186,24.375668763760544,33.274017021064424
204.47874643059055,52.7731897615937,24.148137575842483,33.41438552308126
204.49875135164842,52.738341190362235,24.108127733726764,33.484082665544186
204.92449126661532,53.21544267235848,24.15878215687259,33.432013954631294
205.7239746405887,53.18336155908624,24.364170968208484,33.49617618117576
205.9029183409794,53.24854634160317,24.912800435827894,33.365806616141896
205.15456020272862,54.67310099437779,25.49600046953968,33.25724603896197
204.43462845071826,54.6311370627112,26.014490971025566,33.341173902295154
204.35135418422752,53.91924201796179,26.18103950400705,33.83388414063298
203.35492749963282,53.505363518636855,26.29129312039727,34.661641139282864
203.38137709096316,53.41936030161296,26.238393937736575,35.78934659156975
203.47935147051427,52.83414449578511,26.042445178634367,36.95977820322545
202.41904886625179,52.03903901600007,26.190174142428546,37.56355104043014
200.5913260832296,50.98488444221536,26.851686792951124,36.67792727247778
200.75049553627278,51.20802345352544,26.533347886864775,36.23164924985761
200.85107025171786,51.415685903394106,26.3321984559746,35.81632435012029
200.34565604170672,50.99898364533266,26.369126358914997,35.6758283491613
199.76421659166868,50.84763097182204,26.559630965386848,35.978533696182524
201.11738464374312,51.302858893194994,26.793538459631453,36.0481590529011
201.5619666209891,51.35071169259567,26.889336318611836,35.95245345409976
201.47079461286046,51.450893028419756,27.07168033486909,35.75209078245158
202.57365119512525,51.03048511327676,26.83597410986007,35.60790314297729
204.18572942145752,50.57593193684698,26.548721157744247,35.53804166232062
205.56651376362913,49.03359664161312,25.73358890814663,35.70305760066985
209.26317433228536,49.03874581091992,25.076892594997467,35.692759262056256
209.496098780017,48.768724332701936,24.61104369953417,35.28137874725792
209.64701342401403,48.53812013608717,24.309214411540076,34.805042902631605
209.849984345382,48.8505576977837,23.90327256880414,34.180167779238566
210.20708339666888,50.27153595756333,24.09835128801321,34.06604172502771
209.46080916064975,50.33221683620066,24.680132532525892,33.944679967753046
209.74112274050452,51.32804412837328,25.03799193873875,33.78999851525265
208.4575234338323,51.50522246898567,25.76118980965201,33.43564183402786
208.14028051318465,51.47295097595648,26.395675650947364,33.500184820086254
208.38922365682006,51.73832416167704,25.897789363676523,33.90913021562066
208.7708000790375,53.72936512158517,25.13463651924161,35.55407902900983
209.08643999097117,53.00522603873822,24.50335669537428,37.00235719470372
209.14199468050555,51.55260962339686,24.392247316305536,37.022689091139455
209.1860029101954,52.78349695540558,24.30423085692582,37.44119291379541
209.17895069923728,52.83248553802828,24.318335278842078,38.30811110310396
209.1974004720755,52.52754407759565,24.28143573316567,38.917994023969214
209.00778673536874,51.45184195251885,24.66066320657916,38.109696201695215
209.42790147486417,50.1440834006457,24.801266109964907,37.78271615831168
208.86388691110017,50.34684726498182,24.9510174347541,37.377188429639425
208.93093917319135,49.989432161669626,24.816912910571688,37.11733390516749
212.1216284027919,50.05675186644389,24.246902045692586,36.982694495618965
209.25374373203917,52.70573579217232,24.240204945731715,37.42719308562852
209.8568935738985,52.07441839278571,23.997524922916483,38.68982788440174
210.34469782217428,51.60814151632663,24.00032872946703,39.62238163731989
210.60141466428942,50.69104931789822,24.479228723591056,39.47189867746807
210.69745564521997,51.02324088759529,25.28527993519711,38.807515538073915
210.32163995554995,49.881922857627586,26.036911314537104,38.085130589221826
210.13897910668103,50.48614799474302,26.402233012274966,37.879981489278116
210.02921123457747,50.286921202736806,26.62176875648207,37.27219178869317
210.19462112622705,51.10029081546501,27.291632835503062,37.646820287876935
210.59467155229962,50.1940247952024,27.508877254373814,37.42466178637032
210.71497406514757,50.098698166748335,27.268272228677926,37.615315043278464
210.92511830083617,51.89819570806793,26.847983757300682,39.09874668431681
210.92987310827542,51.346101617683516,26.83847414242223,40.202934865085645
211.92941029240487,49.88985684416791,26.936180970055343,39.970252618278856
212.46024650499882,48.17049941004914,26.9210255053898,39.22289964442665
212.30351448648275,49.317342879622544,27.234489542421965,38.99927386007192
211.95504253572398,48.67204826389314,26.89459821728558,38.21619263822289
207.83596559735548,49.89518271165173,26.97734688387807,38.82820069650993
207.00579177459633,47.936283330571385,26.577660526053627,38.625931451985196
206.7231327477662,47.61514189253875,26.122604669436125,38.24784041777262
206.98121743436505,47.82567690491018,25.60643529623838,37.82677039302977
208.19281545279233,48.14408192023977,25.16783076771557,37.189960362370584
211.21249067622864,48.461888351492284,24.981276438828285,36.55434749986556
210.7710034226454,49.1259919880538,24.901426856438142,36.188964316299085
210.36640004899482,49.209360114781646,24.754626843839116,36.022228062843396
210.50168082097838,49.88550774903384,24.484065299872015,35.62100514745579
210.12394365294787,50.29534971510047,24.298975273288015,35.74188557796753
210.3256018428612,49.817562160390764,23.895658893461373,35.758137837767045
210.4449503403176,49.53763718082466,23.65696189854856,35.38510123478736
210.545169021835,49.65520021533686,23.45652453551379,35.14997516576295
210.7405049125582,49.847603379723544,23.065852754067354,34.76516883698959
210.76675898353938,50.50826406616509,23.013344612104998,34.34807033702863
211.16163675290412,50.28226655936618,23.12068308697542,33.90297133702661
212.0520580356825,49.93045094784878,23.124208253525648,33.71441869400789
211.98433421770113,49.3048147783581,23.25965588948841,33.186879448653784
212.27026071568707,50.40514761258673,23.571496466264062,32.753600925691615
212.21868288945097,49.34447651714158,23.674652118736297,32.22810923651711
212.28332977633545,48.56123035933244,23.545358344967315,32.04257650609253
213.67411415753125,47.982779097781574,23.37704152969634,32.32839504682073
213.19859158435557,47.08724678065923,23.455431991825908,32.37415031262179
211.91710775524163,46.06625773070757,23.394501144232024,32.66686274197728
208.8170569283869,45.14244808257294,23.448181263295883,32.75836159977637
208.8313905592319,44.54091622999174,23.419514001605933,33.08110026858394
208.8694999885522,44.32505718191919,23.34329514296533,33.512818364729036
208.1390989176319,44.61389812888305,23.024125128664103,33.82512254887224
208.25175804060265,44.8938147451659,22.79880688272259,34.15470561730671
208.17816981260856,47.928292705370424,22.945983338710775,34.320191908076346
208.65025913117293,47.472809165117454,22.897363439153086,34.33560025101121
210.77128482997983,47.46588141069877,22.23524632223778,34.349455759848574
211.55830754440132,47.50498674359577,21.545385966753585,34.27124509405458
211.15955053878156,47.73939758026308,21.471397610814215,33.80242342071996
211.5615466980472,49.658941414046154,21.530675145527795,33.41641516613339
209.05880664152286,50.17699713923254,22.243696851225696,33.23879539723077
206.59981741253432,50.17099402706268,22.823254842985016,33.25080162157049
208.8649087809631,51.28605536826535,22.680355931868004,33.653049234609476
208.51981366688776,44.75898434826806,23.37054616001868,32.608947953402996
208.37726636847293,51.448309839435446,23.655640756848385,33.258957596361896
209.81873305693028,44.796014266667356,24.33790114009205,32.30277370126431
206.7845472553661,50.9244701717476,25.078373391960433,32.47762704404375
207.70324522143716,50.11342133055722,25.046382898255512,33.197022007205916
208.97632869282245,49.58968693115962,25.23961187646657,33.331358832340584
209.48675015823312,48.50849988318942,25.137094038394572,32.73875765003281
207.16534556801608,49.63758690460252,25.2417213446676,32.295856356871056
207.1617654448841,49.60974082998711,25.248881590931518,32.35154850610188
207.24828724597086,49.89195615388562,25.07583798875803,32.690667888106404
207.12647445174622,49.84950947340955,25.3194635772073,32.775561249058555
206.60497207425723,50.17442639013379,25.451305284179625,33.03689046361578
206.46445647603946,51.10665921868628,25.73233648061518,33.00700328482152
206.44141770941704,51.4462097726753,25.778414013860015,33.24930231460933
206.37651484962137,51.79634351083642,25.908219733451354,33.47487908875917
206.35129337220852,52.14487230242063,25.958662688277073,33.70921440034881
205.89978817900152,52.12489381695498,25.9258886537982,33.74917137128011
203.20538386607723,52.14918206419266,25.699537087878465,33.700594876804765
204.08117102364315,51.870042515182305,25.810834969358844,33.327437876519355
207.6845592440213,51.10738006241834,26.024557849124456,32.99763795191681
207.2048681550496,50.822955729579384,26.057941969998907,32.64048856052584
206.79850775828436,50.02457277435794,25.949583970379678,32.3950968846692
206.82013485758196,50.112731029518784,25.90632977178442,32.21878037434752
206.8724136262099,49.64895558851714,25.801772234528606,32.23415909611546
206.42410972795096,49.77602588175389,25.787663565004756,31.980018509641965
206.09904524738945,49.904005106146,25.531194929189205,31.72406006085774
206.1679778642246,50.002562953043636,25.393329695518887,31.526944367062477
206.2921921449912,51.37586754968356,25.14490113398573,31.46018978568248
206.82673190431007,51.8589095404314,24.964066695332953,31.382350884171807
207.81706190319457,51.58581831887669,24.751661202278576,31.044406074923927
208.37801111923096,51.4667461465307,24.50528266657959,31.2825504196159
209.44220804284876,51.66240808786421,24.127220795190162,31.76639252487197
208.54900186641487,52.0152593085527,24.160848835156195,31.93708223994588
208.09786120246932,53.15590032551191,24.183593778957515,32.294409358296654
207.96596609191306,53.46826199858677,24.447384000070045,32.555024068862984
207.10955780425752,53.39549762657827,24.372994795330015,32.70055281287999
207.62212008073348,53.75898781400878,24.242468806485007,32.86817100212595
208.19506246360294,54.00759649900036,23.991592074303767,33.26596166570044
208.18471452390557,55.22542559572478,24.012287953698486,33.52107069882142
208.12029941168635,55.25041514868162,24.141118178136963,33.47109159290774
208.11177848968956,55.38867007577868,24.15816002213054,33.19458173871363
208.54985978150168,55.71627305388171,24.180571141446322,32.539375782507555
