205.5,1.5,53.0,156.0
204.29942217760106,2.2704850860820045,54.401155644797896,153.459029827836
203.97950746516688,3.271792210727554,55.040985069666235,151.4564155785449
204.0426652638176,4.054024945346725,54.91466947236479,149.89195010930655
202.76238186977042,4.320885635706276,54.34446718823976,149.35822872858745
202.7652910437531,4.574410038276682,54.338648840274374,148.85117992344664
202.76082822288097,4.581346808959026,54.34757448201867,148.83730638208195
201.49881264430934,4.623738990531066,53.76612548382913,148.75252201893787
201.50539056283978,4.7079252933481115,53.75296964676823,148.58414941330378
201.52174343544306,4.823159903572417,53.720263901561665,148.35368019285517
201.47256708206461,5.167861569292484,53.81861660831854,147.66427686141503
201.35620873250758,5.598537802745696,54.05133330743262,146.8029243945086
201.37865552289097,5.765521317456688,54.00643972666588,146.46895736508662
201.38222002919352,6.238516202785277,53.99931071406075,145.52296759442945
201.42142188605678,6.612031815170013,53.92090700033426,144.77593636965997
201.3108492408519,6.303715744775076,54.14205229074403,142.35278996279825
201.03077815048118,7.318186072915211,54.7021944714854,140.32384930651799
201.14110961669473,9.059285206778512,54.48153153905835,139.83172088006415
199.68863888006837,9.19997290742856,54.40740507690833,139.55034547876406
198.31442293419323,8.849055628639007,54.182128589220135,140.25218003634316
198.4469440504388,8.726116763864653,53.917086356729044,140.49805776589187
198.1770429970543,9.387639854261352,54.45688846349803,139.17501158509847
198.06343010293148,10.142581587045953,54.68411425174366,137.66512811952927
196.25226542985956,10.695591050947087,55.354835466363824,136.559109191727
196.0723521832858,11.05049632893116,55.71466195951138,135.84929863575886
196.03701025102646,11.49868535412027,55.78534582403006,134.95292058538064
195.8042659836412,11.921374024142594,56.25083435880062,134.107543245336
194.56363778213404,12.535332034894708,55.803799678164594,132.87962722383176
194.12564154888912,13.193021254109581,56.679792144654414,131.56424878540201
193.88277034618443,15.340478689150629,57.16553455006378,130.16852457041722
193.94967358308298,15.70440460612545,57.031728076266674,129.44067273646758
193.94513615417418,15.73709504551094,57.04080293408427,129.3752918576966
194.0594896204545,15.64973754565382,56.81209600152364,129.55000685741084
194.50997402595286,15.660163846498264,55.91112719052694,129.52915425572195
194.85789680188725,15.760627076271604,55.215281638658126,129.32822779617527
195.37467786740606,15.627387397850427,54.18171950762052,129.59470715301762
195.76239866086883,15.833959720055532,53.406277920694976,129.1815625086074
195.8762443009365,15.852859794972389,53.178586640559686,129.1437623587737
195.9047447397757,15.959170304321034,53.12158576288127,128.9311413400764
195.94368970221967,16.625892615254003,53.043695837993326,127.59769671821047
196.38647720668638,16.766284108069314,52.1581208290599,127.31691373257985
196.8714632433053,17.410285276279595,51.18814875582203,126.02891139615929
197.43302044251848,17.80945002386676,50.06503435739571,125.23058190098496
197.9641673888926,17.936619511536122,49.00274046464743,124.97624292564623
198.43148784752657,17.84790845530567,48.0680995473795,125.15366503810714
198.89279976910444,17.774705036617277,47.145475704223756,125.30007187548392
199.16447477700976,17.741722537789116,46.60212568841315,125.36603687314025
199.0929618642936,17.92386021273299,46.74515151384544,125.0017615232525
198.57999594305656,18.53435247347707,47.77108335631952,123.78077700176433
198.28721128039678,19.227193954002722,48.356652681639076,122.39509404071303
197.7260123167156,19.79801534892313,49.47905060900142,121.25345125087222
197.68807646874274,20.606151311692486,49.5549223049472,119.6371793253335
198.08243146449672,20.842502133831886,48.766212313439226,119.1644776810547
198.48919768315176,21.176748994556434,47.95267987612916,118.49598395960561
199.03142434613602,21.437168033724973,46.8682265501606,117.97514588126853
199.38663084235074,21.912634260491274,46.15781355773119,117.02421342773593
199.83373457471745,22.213119528975994,45.263606092997726,116.42324289076649
200.00869861167388,22.144652937475186,44.913678019084905,116.5601760737681
201.73440589343141,21.97005147410573,43.93657487290395,116.90937900050702
201.76919859232822,21.521390784858866,43.866989475110294,117.80670037900074
201.86419087515634,21.38017757154517,43.6770049094541,118.08912680562814
202.02014057886518,21.460787752051374,43.3651055020364,117.92790644461573
202.25053815757633,21.456590213373893,42.9043103446141,117.93630152197069
202.49040849118637,21.399707807019098,42.424569677393976,118.05006633468028
202.69563519907274,22.95308079177031,42.01411626162125,117.39412086175683
203.92678892768816,23.10400448860623,41.98583035446299,117.092273468085
204.11144046145398,23.807329131056846,41.616527286931415,115.68562418318376
204.3139644789403,24.457641886401653,41.21147925195873,114.38499867249415
204.6147965450982,24.984672152322986,40.60981511964299,113.33093814065148
206.10438996362424,25.31660434989645,39.981307190092025,112.66707374550455
206.3393936169756,25.1117694875849,39.511299883389306,113.07674347012765
206.5210171606384,25.1230626425358,39.14805279606371,113.05415716022586
206.52761379089827,25.393939220885883,39.13485953554399,112.51240400352569
206.30733716815317,25.960976103244462,39.57541278103419,111.37833023880853
206.18982735363738,26.357439750393915,39.81043241006573,110.58540294450962
206.01842749651104,26.84649434146695,40.15323212431843,109.60729376236355
205.7421575214456,27.142464046538016,40.70577207444933,109.01535435222142
205.50730008540134,27.413164652814558,41.17548694653783,108.47395313966834
205.42485805589877,27.64709743256546,41.34037100554297,108.00608758016654
205.470917025321,27.864877637021074,41.248253066698524,107.5705271712553
205.5234788286904,27.979330818161785,41.14312945995971,107.34162080897389
205.5673933960109,27.968765199739423,41.05530032531867,107.36275204581861
205.75796949186994,28.078733979970067,40.67414813360064,107.14281448535732
205.98109743555148,27.986398466784443,40.22789224623753,107.32748551172857
206.16174922417966,27.978465851213926,39.86658866898119,107.3433507428696
206.30888529144727,26.752163606653156,39.57231653444596,107.54415789668332
206.34039665720314,27.182976295879158,39.509293802934216,106.68253251823131
205.32795104405142,27.505231445684515,39.2982647670829,106.0380222186206
205.21059272095084,27.701541082360173,39.532981413284034,105.64540294526928
205.38574071317913,28.00578177947962,39.18268542882747,105.03692155103039
205.77014680550573,28.22361521556097,38.4138732441743,104.60125467886769
206.03237422732394,28.601053531974955,37.889418400537885,103.84637804603972
206.34504583628976,28.863348245129536,37.26407518260621,103.32178861973055
206.72891025349122,29.242295165057996,36.49634634820332,102.56389477987364
206.72671176221067,28.495894163242937,36.50074333076443,101.93396688749189
207.1222412549676,28.341938012902034,35.709684345250565,102.2418791881737
207.4115644455805,28.011487243613438,35.13103796402477,102.90278072675089
207.62370522856247,27.831827289431658,34.706756398060776,103.26210063511445
207.69798682219363,28.010649395485594,34.558193210798464,102.90445642300658
207.2405735586483,29.56316575956221,35.47301973788915,101.89175985671952
206.9897284928276,29.808026678144635,35.974709869530564,101.40203801955467
206.6907412085255,30.18375363264426,36.57268443813474,100.65058411055541
206.42500725580402,30.335710768621553,37.10415234357773,100.34666983860083
206.24660021477447,30.549491261191804,37.46096642563682,99.91910885346033
206.31192031280779,30.65325305751965,37.330326229570176,99.71158526080464
206.17215711119144,30.793731505936897,37.60985263280286,99.43062836397014
206.08745926057733,30.88541947964528,37.77924833403109,99.24725241655338
206.08279157103036,30.705382286836638,37.78858371312503,99.60732680217066
206.18907933510832,30.82240001880129,37.57600818496911,99.37329133824136
205.21986255889266,30.954654140721125,37.417797345728985,99.10878309440169
205.41489939203478,31.406083674425687,37.027723679444755,98.20592402699256
205.64542754263616,31.50020363577316,36.56666737824204,98.01768410429762
205.81515281825435,31.67344827132945,36.22721682700561,97.67119483318504
206.14530036368197,31.975765139409752,35.566921736150405,97.06656109702443
206.41871665564685,31.95829655327882,35.02008915222066,97.1014982692863
206.81411538743222,31.809967082009827,34.229291688649894,97.39815721182428
206.9889935720298,32.768392322835695,33.87953531945473,97.4893490311704
207.2617473259866,32.333178445730276,33.334027811541134,96.35678630171397
207.58597689719284,32.76141588745173,32.68556866912864,95.50031141827105
207.84173977619747,32.881107721997125,32.174042911119386,95.26092774918027
207.972420541186,33.01664333477824,31.912681381142278,94.98985652361804
208.30626385092035,33.21343812662324,31.244994761673613,94.59626693992804
208.52429029779393,33.65941618828827,30.8089418679265,93.70431081659798
208.65307307146807,33.04921341803929,30.551376320578193,93.03150159149146
208.8134729427386,34.09115839497451,30.23057657803711,92.82656736969544
208.81330923709473,34.17719911018522,30.230903989324887,92.65448593927401
208.67905375686487,34.4584386226834,30.49941494978458,92.09200691427765
208.60045575860357,34.838869320718906,30.656610946307154,91.33114551820664
208.55046161842864,35.16300934840855,30.756599226657023,90.68286546282735
208.52980997964437,35.40878515956669,30.797902504225604,90.19131384051107
208.50466106133464,35.604283713809274,30.848200340845025,89.8003167320259
208.45345147577046,35.85922588269963,30.9506195119734,89.29043239424519
208.46931807779401,35.93405944441163,30.918886307926286,89.14076527082119
208.56404104083646,35.524441928880876,30.729440381841428,89.9600003018827
208.57013798516698,35.547911235070174,30.71724649318038,89.9130616895041
208.64303582710866,35.54959563181037,30.571450809297026,89.90969289602371
208.66689708296394,34.71722516542489,30.523728297586423,89.73943710769689
208.7902826502257,34.97966186997875,30.276957163062924,89.21456369858917
208.88210785471819,35.07227124146807,30.093306754077943,89.02934495561053
208.92075509524608,34.10592392718547,30.01601227302219,89.14826981161366
209.00215453092827,34.44228648366868,29.853213401657783,88.47554469864724
209.12510301419314,35.80432350924183,29.607316435128062,87.5529931254518
209.13718931365696,35.842226268459555,29.583143836200414,87.47718760701636
209.19647460009907,35.953624316069536,29.46457326331622,87.2543915117964
209.33154933817605,36.08667696183725,29.194423787162258,86.98828622026097
209.54250500746713,35.19880231361214,28.772512448580088,86.99566061336112
209.57558748407632,35.461584105220396,28.70634749536171,86.47009703014461
209.64302436020483,35.64106257348916,28.571473743104683,86.11114009360709
209.68728391347142,35.75209922343644,28.482954636571474,85.88906679371253
209.78421859057266,35.76572222830855,28.28908528236901,85.86182078396831
208.95398178964086,35.49910079194226,28.213721099580454,86.39506365670088
208.10847174166588,35.557939278875054,28.162720015577207,86.2773866828353
208.02034489874032,35.49347583708153,28.33897370142837,86.40631356642234
207.91105654385774,35.40528578579541,28.55755041119354,86.5826936689946
207.8808721984537,35.54838642264116,28.61791910200164,86.29649239530309
207.87885719423593,36.60907855072674,28.62194911043712,85.92312892713154
207.16355026386844,36.68184894860884,28.30976817748379,85.77758813136735
207.35499702196574,36.79337454585049,27.926874661289162,85.55453693688405
207.38866056044347,36.99900323794954,27.85954758433372,85.14327955268595
206.61779713222424,36.29646409556829,27.68349298326172,84.830576379938
205.91131188645994,37.48454141172586,27.386341707334466,84.16454351507869
205.9818443397445,37.85221959738817,27.245276800765367,83.42918714375406
206.02743630388667,38.062411361383084,27.154092872480966,83.00880361576424
205.99191477964382,38.136827125859156,27.22513592096671,82.85997208681209
205.25602319286375,37.88170277254632,27.023139968340907,83.37022079343777
205.17707907605697,38.2410513536052,27.18102820195447,82.65152363132
205.06256366794184,38.48230041770978,27.41005901818471,82.16902550311084
205.01170323481358,38.70852085426762,27.511779884441236,81.71658462999517
204.9971570289441,39.01743458317624,27.540872296180225,81.09875717217793
205.02609698227403,39.27628107948932,27.48299238952035,80.58106417955176
205.0534257719081,40.414471938428676,27.42833481025221,79.95080938936044
205.16919775241735,40.76657608548177,27.19679084923372,79.24660109525425
205.31305239665585,41.01604279439822,26.90908156075668,78.74766767742136
205.50735524808553,41.10408797525511,26.520475857897356,78.57157731570757
205.5580135417943,41.046398491859875,26.419159270479767,78.68695628249804
205.6928302461051,40.87618164903844,26.14952586185822,79.02738996814091
205.1073896255628,40.71522933468056,25.72068597205581,79.34929459685668
205.17824897240084,40.71505443457174,25.578967278379785,79.34964439707431
204.54047528151472,40.79584672044993,25.260677242294186,79.18805982531794
203.80359076140533,40.90985479961334,25.148743567787463,78.96004366699111
203.83781789512028,41.05036272629323,25.080289300357567,78.67902781363134
203.98274569327097,41.042699240018955,24.79043370405615,78.69435478617989
204.00380933613638,41.236730028496524,24.74830641832532,78.30629320922475
204.1579904515729,42.06576812525798,24.439944187452262,78.2120129966245
204.16901722170806,42.310958231986724,24.417890647181974,77.72163278316701
204.13655109727603,42.59050967015957,24.482822896046066,77.16252990682132
204.080028863517,42.82907613974731,24.59586736356412,76.68539696764584
204.10644109520175,42.1373649092581,24.543042900194628,76.53077809988925
204.0741604381905,42.20944159476566,24.607604214217123,76.38662472887414
204.02644296913866,42.128839088622875,24.70303915232082,76.5478297411597
203.99974112348104,42.180955374678305,24.756442843635995,76.44359716904884
203.9096581348405,42.33005422800741,24.936608820917108,76.14539946239063
203.87706565390633,42.57415111741384,25.001793782785448,75.65720568357777
203.83927273853422,43.724614434013354,25.077379613529672,74.88718317881272
203.84703270129816,44.04151919535827,25.061859688001775,74.25337365612289
203.8737994222604,45.11096206014342,25.00832624607736,73.62655726999714
203.8456176080075,46.10756324507781,25.064689874583106,73.13554134915157
203.94109737885623,45.83067493625447,24.87373033288563,72.19308514150103
204.87585712519723,46.13719343055104,24.483565207094635,71.58004815290789
205.12208881733724,46.29349575901437,23.99110182281461,71.26744349598123
205.28537104069963,45.4956764479992,23.664537376089804,71.41296571247497
205.45451705711423,45.362914052202456,23.326245343260602,71.67849050406846
205.49350526697222,45.32477735820861,23.248268923544636,71.75476389205616
205.49558685050573,45.356256829851255,23.2441057564776,71.69180494877087
205.431921238494,44.856156851696824,23.3714369805011,71.24953189798492
205.48636144600215,46.18588608325349,23.262556565484772,71.46714406841
205.4580469829984,46.43440190885401,23.31918549149225,70.97011241720897
205.44318850560185,46.72444340644811,23.348902446285358,70.39002942202076
205.41860850355962,46.920195765635064,23.39806245036982,69.99852470364685
205.4931368276569,47.083654261852615,23.249005802175255,69.67160771121175
205.50437972536008,48.14239499857706,23.226520006768897,68.9680305577235
205.56197286255932,47.63126194365687,23.111333732370465,68.58679464251531
205.61858796343753,47.9174946273628,22.99810353061399,68.01432927510345
205.79139640165505,47.1858369600443,22.652486654178993,68.09185829487856
205.89398691624478,47.11273372697188,22.447305624999473,68.2380647610234
205.96837948275538,47.13019627747948,22.29852049197833,68.2031396600082
206.05255016630596,47.10822577887447,22.13017912487713,68.24708065721822
206.08407743777258,47.379551239197745,22.06712458194392,67.70442973657167
206.160453553786,48.25538705212305,21.91437234991708,67.31712647727916
206.20698755205862,47.680769772021385,21.821304353371822,67.11028354558898
206.93047782125865,50.0756986918404,21.72576283952307,66.3747427796049
207.71148358907516,49.683392330845514,21.50301009454301,65.82009671094174
209.17935919638307,49.35878542536085,21.22188435462769,65.1419977845608
209.27475043143428,50.442282650607396,21.031101884525278,64.2875496585612
210.1265953184191,50.172358593514275,20.62434681233723,63.53046307096585
211.62740873211135,50.33096226401265,20.180211649994348,63.213255729969106
211.66865561973728,50.34836121615693,20.09771787474252,63.178457825680546
211.71358126249825,50.26805250048678,20.007866589220537,63.33907525702084
211.7639274084066,50.014942032883596,19.907174297403838,63.84529619222721
211.73119555077994,49.52953484036664,19.972638012657168,63.546091947887724
211.7174333133139,48.92503474090603,20.000162487589236,63.488100309075016
211.76557781300113,50.11827210181076,19.9038734882148,63.634981524587424
211.72901553615003,50.23914682468169,19.97699804191702,63.39323207884557
211.72699213591375,50.35843920986549,19.981044842389576,63.154647308477976
211.75286088936392,51.12299264613176,19.929307335489217,62.88714695639007
211.79280584224495,50.64792480014369,19.849417429727154,62.58041467572413
211.8258721988317,50.86965447283196,19.78328471655366,62.13695533034759
211.82286853267465,51.08797331379889,19.789292048867765,61.70031764841373
211.87114978883784,51.85985813663862,19.692729536541407,61.394035422945166
211.90726732267632,51.40633681351471,19.620494468864408,61.069702864187946
212.01757523647922,51.46487916402895,19.399878641258596,60.95261816315947
212.12094299929777,51.50693245508902,19.19314311562155,60.86851158103933
212.22807718526954,51.551031138,18.978874743677974,60.78031421521737
212.8723476226326,51.838146843180155,18.89988802602049,60.206082804857054
213.48124272166038,52.10642852766453,18.882072841846334,59.66951943588832
213.4653006671551,52.98888434120961,18.913956950856868,59.09666118453609
213.44790328465032,53.25083480996169,18.948751715866436,58.572760247031944
214.06446655372284,53.97841421132178,18.893368959246516,58.29534522583688
214.06944998368184,54.127039701554516,18.883402099328503,57.998094245371405
214.08959996331458,55.446942338096605,18.84310214006303,57.69508784230919
214.0953274833931,54.98100192163581,18.831647099905954,57.46360408512115
214.73990929360144,55.031167802394265,18.702355426206413,57.36327232360423
215.37500147676738,54.50109560021401,18.588251666895964,57.267336120943256
215.466677319013,54.47058708016008,18.40489998240472,57.32835316105111
215.57503791563994,53.819463082494764,18.188178789150868,57.48047209074948
216.1879526704968,54.43001313820618,18.11064899771607,57.40767169760556
216.26703129655385,53.27716839716892,17.95249174560194,57.42167605668013
216.86531391035766,53.98009927956414,17.899054495626,57.15894226952136
216.90386837210391,54.029804410456464,17.821945572133476,57.05953200773672
216.93378519825887,54.042675228396654,17.762111919823557,57.03379037185634
216.98472351418096,54.587331405553684,17.66023528797937,57.07861025557449
217.64022131310517,53.99761259521106,17.482126601854556,57.125160964536164
217.60768429670205,54.616419757738406,17.547200634660765,57.01780251906213
217.57994110264005,54.2166408048121,17.602687022784778,56.68741967795523
217.55074246548946,54.86446175918184,17.661084297085978,56.51807163867751
218.18517166250626,54.301530068456195,17.517201237673632,56.51895968550748
218.22276701155334,53.81880733811945,17.44201053957951,56.362070291852305
218.20921112563713,53.96575027167,17.469122311411915,56.06818442475121
218.29639734500904,53.96639388729759,17.294749872668106,56.06689719349602
218.35616121921743,54.626039875049976,17.175222124251295,55.859443589649445
218.42761272949662,52.95407336911301,17.032319103692963,55.88327950495615
233.84889332914403,52.107367975572984,17.11282279552615,56.47229511735306
234.3080229958423,53.00263553790008,17.308767589984075,56.91016824840786
233.75209965054648,53.88299051781683,17.29660070467034,57.39748544038504
233.74864242077564,52.46421480033116,17.30351516421206,57.97369593468068
234.231765307855,52.91683116998844,17.476201458992577,58.20739526430535
234.2090433300901,51.74614377188419,17.521645414522375,58.25790826298877
234.1371515866117,53.031084873114374,17.66542890147916,57.98199760510339
233.61176177006658,51.91615353389629,17.570458398975003,57.920360012350734
233.09880575388684,53.50356470484659,17.453247480808617,58.17490652202774
233.08575784719025,52.35984061117413,17.4793432942018,58.173260653393996
233.10705164627015,51.71930751015065,17.436755696041978,58.30931961822212
232.61342370730083,52.673690384469985,17.277872980998325,58.69283105554804
231.5276683484118,51.4048222308318,17.152181454287955,58.93336511833604
230.95359667464444,51.70117178238057,17.150668812753636,58.340666015238504
231.00159476366704,51.67519936476922,17.054672634708446,58.392610850461196
230.48565072508018,51.71295611940497,16.946340165040368,58.317097341189694
230.4904046447738,52.37441616300555,16.936832325653146,58.131318657380895
230.49019355960974,53.04490792791414,16.937254495981293,57.924681314984845
231.06031957826087,51.94958309751157,16.92844370618647,57.852448480775124
231.0535192374454,53.21307976460493,16.94204438781737,57.585973454490585
231.0993509615309,51.9469755578769,16.850380939646428,57.864672628602534
231.1732530693886,52.282161729631255,16.70257672393096,58.32328029541873
231.25567109176444,51.4903261812221,16.537740679179322,58.77426220067549
231.3083842744955,50.65185026986484,16.432314313717217,59.315252289387125
231.35355913157525,50.38657016106087,16.341964599557677,59.845812506995074
231.3908577274023,50.19152221663444,16.26736740790355,60.23590839584792
231.34651423618027,50.7511242959677,16.356054390347673,60.26814872440085
231.32359428523165,50.73137476946712,16.40189429224489,60.307647777401996
231.17381613151053,51.514897941571334,16.7014505996871,59.89557876540881
231.11444003547476,52.21174129839969,16.820202791758682,59.65668853095872
231.02894760324597,51.71250493567338,16.99118765621624,59.50150617983428
230.9904344887172,52.9947285556634,17.068213885273806,59.24638182813924
230.95619301168577,51.89516930241777,17.136696839336672,59.140492928480505
231.4806431957997,52.682722559229035,17.24008332455636,58.71767326830551
232.7053984757186,51.40585234913936,17.087071632413974,58.97491482078941
234.28807391342082,51.390537836814616,17.368811048658305,59.0055438454389
233.6412701123212,50.514460789811295,17.507718591803503,59.60299788039152
230.191306581809,51.61723084598158,17.413413796637272,59.72886838678116
227.76791859441178,51.91244040976824,17.597282006687387,59.138449259207846
228.44620863846964,51.536761046308634,17.401517230041698,58.72899267465708
228.4326261319696,52.326502469699314,17.42868224304173,58.300916491361804
228.42140824016928,52.50603024334099,17.451118026642384,57.941860944078456
228.39670009686878,52.60700261635159,17.500534313243392,57.739916198057244
228.45325638845648,53.71445811629498,17.387421730068002,57.80356666180484
228.45862222553566,53.252642609262836,17.37669005590966,57.58911211571541
228.47627841921266,53.348779618978625,17.341377668555637,57.39683809628383
228.49603570411432,52.64508869078299,17.30186309875234,57.67272963681803
228.49978218652527,53.15971015220228,17.294370133930435,57.778140368307845
228.44505354260266,53.15245753426067,17.40382742177567,57.792645604191065
228.3562640196382,53.29697340049039,17.581406467704593,57.50361387173164
227.75234998973252,52.7995763281783,17.65179637651688,57.36096986535675
226.00378430886258,53.896960347755055,17.738759678041372,57.43964719968014
226.62663810467922,53.26366220682877,17.632492433690803,57.56680313425002
226.63087049999618,53.256957369625844,17.6240276430569,57.58021280865587
226.70700708483716,53.09655047656074,17.4717544733749,57.901026594786074
226.77394563300675,52.823782738104434,17.337877377035745,58.44656207169869
227.45467782300025,51.4519490127866,17.122654445357924,58.89774662571603
226.86881942716022,53.639300811392076,17.145766505798406,59.11746195346345
226.79865145517562,53.02082442603563,17.28610244976762,59.20228362176075
226.74090759607418,52.48144265152891,17.401590167970483,59.125110211398756
225.43133334606452,51.962511206716314,17.706748637039677,59.00597808554886
224.0730060829159,51.454995089071275,18.10145324025893,58.860035359299964
224.67393744290507,51.4067407277945,18.06580499670982,58.95654408185351
224.64751648882327,50.83687234121517,18.118646904873373,58.92936095721046
225.83396779996357,51.38900556127474,18.08076797148169,58.99260636153576
226.4229334688288,51.239137997651014,18.070542597042156,59.29234148878322
227.5638142380108,51.05086541263889,18.13228510061619,59.668886658807466
227.40039895963727,51.09715858922567,18.459115657363213,59.57630030563391
227.2529316533846,51.04553793697607,18.754050269868564,59.679541610133114
229.07735357697265,50.25925562904828,18.674722615074444,60.06226749519471
228.48429200657986,50.15181271484384,18.667054790758968,60.27715332360358
228.535370915901,50.07400544855857,18.564896972116674,60.432767856174124
228.5504272534059,50.10249182668106,18.534784297106885,60.37579509992914
228.6421593737709,49.53125893021096,18.351320056376867,60.32262025023651
228.70224582049977,50.249182131296365,18.231147162919175,60.07827221895601
228.7675299504218,50.36537208643574,18.100578903075135,59.84589230867727
228.8446418975873,50.41966798445517,17.946355008744078,59.73730051263841
228.89812970444504,50.49230709450242,17.839379395028647,59.592022292543895
229.03710040367704,51.754882848324826,17.561437996564642,59.41028003351645
229.68522864709348,51.25185563866573,17.429166563836795,59.252349398729535
229.76478468759004,51.94798487327944,17.27005448284368,59.01939246263779
229.81686277898743,52.008188805277825,17.165898300048944,58.898984598641015
229.85070986458194,52.03436342885052,17.098204128859894,58.846635351495635
229.92108509214563,51.58688302696922,16.95745367373252,58.594166616237686
229.95441918292494,51.79859671815072,16.890785492173922,58.170739233874684
229.97172227317094,52.0066520750586,16.856179311681874,57.75462852005893
229.3498369529297,52.78693419210478,16.972413217803222,57.321601020327705
228.8071278214806,52.733052810239236,16.934241714766753,57.42936378405879
228.86388387471172,52.00736688933857,16.820729608304518,57.75633451079967
228.24954057829092,51.9804285426969,16.922514658763838,57.810211204083
228.19731633869756,51.85529957151428,17.026963137950506,58.06046914644824
228.17482407600627,51.22982602979019,17.071947663333106,58.17639327210887
228.11364537173634,51.21264474572568,17.194305071872982,58.21075584023789
228.10499304057544,51.170330004001,17.211609734194766,58.29538532368724
228.03988521666878,50.69094188656939,17.341825382008114,58.112396179881216
228.05398767029686,51.451285131167474,17.313620474751957,57.733309368660926
228.08230054988283,51.521298746965655,17.25699471557997,57.59328213706456
228.09576140605404,50.89533529567932,17.230073003237557,57.71250817818736
228.1225680617377,50.94989782659786,17.176459691870253,57.60338311635027
228.18444854871873,51.579867650777565,17.052698717908196,57.47479405503323
228.21063171405333,50.978164684672414,17.000332387238984,57.550959285271816
228.24511669745354,51.63432564632362,16.931362420438575,57.36598056545487
228.28851451922898,52.167289557869836,16.844566776887667,57.423506458275035
228.30234639310547,51.7189262232545,16.8169030291347,57.19758036183359
228.33160153849195,52.37414855953158,16.758392738361742,57.00608882767235
228.39365303563636,52.30832228473439,16.634289744072948,57.137741377266735
228.47756246951317,52.20096894346418,16.46647087631932,57.352448059807145
228.57628469282014,52.1817485397302,16.26902642970537,57.39088886727511
229.23095295838368,52.78746526223934,16.071165143943844,57.290930667622405
229.92656169611107,53.26674732216618,15.786320953087529,57.43873983236713
230.6548532784993,52.53609002392784,15.432859274510577,57.796932942644275
230.8086523693653,51.72018308332978,15.125261092778597,58.32722916937452
231.4933293836233,51.403541095359415,14.859068340686115,58.96051314531525
231.5745319001711,51.141742003539676,14.696663307590466,59.48411132895473
231.648977846212,50.04396012002848,14.54777141550869,60.56842640228301
231.6648614089946,49.55765127660918,14.516004289943526,61.541044089121606
231.6391530294342,48.4179483110839,14.567421049064283,62.68389150574761
231.58642735558723,47.13792610630378,14.672872396758223,64.09044023823529
231.38258268476713,46.39960183759936,15.080561738398467,64.39194943558127
231.2087208214286,46.16333823138537,15.42828546507549,64.86447664800926
231.09203512108465,45.06472114621985,15.661656865763387,65.8613242607243
230.96772573210492,43.756263031959186,15.910275643722859,67.2594774090934
230.7829276375938,42.403567046283584,16.279871832745147,68.7218336972497
229.85182681336656,40.491140613183774,16.871559831701987,70.00565926445412
226.19419244132007,38.86280260404061,17.688173567716703,70.66287327950914
