126.5,15.5,32.0,33.0
123.85378416150789,13.91253749928994,31.184709390323178,34.15338054408791
124.14094606099528,13.466007345144643,30.610385591348415,35.0464408523785
123.76877715586274,13.180516805676898,30.323416911859148,35.61742193131399
122.37081731453846,13.465101015222093,30.012768040840307,36.08377636344606
120.93300320671989,13.3569522005203,29.775271624169022,36.30007399284965
121.00578481909754,13.259485447431832,29.629708399413722,36.495007499026585
117.98766040097553,13.117529295786493,29.43888983148615,36.77891980231726
117.47232560138696,13.056864824201575,29.430450939524107,36.9002487454871
116.43810685498038,12.490992624516569,29.417231970954994,36.99116491416598
114.3300327559661,12.36999886490786,29.46536136078832,37.233152433383395
113.80611657540035,12.29524987565263,29.46671005677837,37.382650411893856
113.26600387615517,12.225864022383309,29.4981456428854,37.5214221184325
110.66336335020718,12.144937273094325,29.446330956357027,37.683275617010466
110.64680473226774,12.144691225267838,29.479448192235907,37.68376771266344
110.61965648769905,12.099184700505443,29.533744681373307,37.77478076218823
110.61966857968956,12.132280868051911,29.533720497392274,37.70858842709529
109.51609286907335,12.06392683935373,29.631163918745237,37.845296484491655
109.00212996867657,11.497009244400804,29.600567693880734,37.92060964873946
105.85436038748443,11.440538802592016,29.541057576345572,38.03355053235703
105.7913859850332,10.894784030988678,29.66700638124803,38.06512863979252
104.18484083262531,9.324285855857344,29.692720785936,38.01874908992736
103.65008449531607,9.293565932745743,29.70006505031601,38.08018893615056
100.52500460337615,7.658922058871266,29.570873850653754,38.15980119212847
99.54458460271258,7.114723451575216,29.40703172033797,38.18585734089909
96.3862925429155,7.131648947823194,29.36316756857313,38.152006348403134
95.75815900324625,7.2120873016617,29.560589095877475,37.99112964072612
92.64536746444183,7.731725829146821,29.428562260663277,38.01145423789305
92.62559926089435,7.7953934369753775,29.468098667758255,37.884119022235936
92.05302923932783,8.349930695140724,29.55677151150008,37.83151170529647
88.40438437667572,8.883701929710636,29.454331194505517,37.82107352791361
88.3549268489389,8.945960845186292,29.553246249979182,37.6965556969623
87.42820811568363,8.900609642782225,29.29670948515356,37.78725810177043
85.90041979222774,8.928917517242976,29.19566874354737,37.73064235284893
85.84781271364177,8.979527429797002,29.300882900719294,37.62942252774088
85.31837378095632,9.005900532537211,29.309894426529723,37.57667632226046
84.89027870291807,9.488404905428588,29.116876659238674,37.66087549984526
81.29854693990382,9.451279594074215,28.96884501924329,37.73512612255401
80.71234356875324,9.964408847948516,29.095171304054368,37.75494807229549
77.55168932704731,10.479652163630753,29.125856206669585,37.77289870439712
76.84619486383143,10.49137341483749,29.48763536213997,37.74945620198365
76.13779081468147,10.494676839192916,29.849713617848053,37.742849353272796
75.50508011062834,11.084065386626445,30.054633724010916,37.624573560349106
72.87688110450051,11.081821458453689,30.000975367907326,37.62906141669462
72.87707942385279,11.084004264549964,30.000578729202765,37.62469580450207
72.83877894155628,11.04032726211921,30.0771796937958,37.71204980936358
72.87271867020087,11.575601480996937,30.009300236506615,37.70521575897634
72.7899832271373,11.560198537129729,30.174771122633757,37.73602164671075
72.81844067568956,11.509656211200923,30.117856225529245,37.837106298568365
73.43708215872984,11.4961543680329,29.946858876463445,37.86410998490441
73.43621043611618,11.49094451520899,29.948602321690743,37.87452969055223
73.44781940692778,11.493643447653888,29.92538438006755,37.869131825662436
72.97019347294031,12.017952593675403,29.81697887144658,37.88417091021533
72.49094289885392,11.98064299322435,29.713350263158738,37.95879011111744
71.93761825495095,12.487535989725536,29.758411442668226,38.0065922264115
70.46643387474562,12.449361270851202,29.511633195848844,38.08294166416017
69.90997786433857,12.998131411951292,29.56433867247065,38.04560792615227
68.30456664810228,13.04857860244902,29.593680584136568,37.944713545156816
68.08334048299409,13.15721258309507,30.03613291435294,37.727445583864714
67.39828110522525,13.347691846649731,30.342966291202508,37.34648705675539
67.26536677751318,13.36953996902976,30.608794946626663,37.30279081199534
67.22631950422634,12.808456867606566,30.686889493200336,37.3589244311801
67.28170882992573,12.714918931147949,30.576110841801544,37.54600030409733
67.31927560291678,12.632516134158145,30.500977295819453,37.71080589807694
67.90991518306947,12.596731484567474,30.390246858884744,37.78237519725828
67.91459120198809,12.590725482272461,30.38089482104751,37.79438720184831
67.95737376446596,13.106510810848203,30.295329696091784,37.832704498434275
67.91510430432862,13.08739276588609,30.379868616366437,37.8709405883585
67.89413446155535,13.010811301043027,30.421808301912982,38.024103518044626
67.34847744559998,12.952466235730348,30.439056538499734,38.140793648669984
66.86524505905295,12.885187431924336,30.329391048178394,38.27535125628201
66.87586606012034,12.796702070118108,30.308149046043603,38.452321979894464
66.38273699726446,12.772245582684896,30.215635129003275,38.50123495476089
66.39464600147035,13.201738200198982,30.19181712059151,38.7202684793907
66.38449207340261,13.172977130733116,30.21212497672699,38.77779061832243
66.36242075443518,13.145536614578774,30.25626761466184,38.83267165063111
66.35607596138206,13.636100237148565,30.2689572007681,38.93528118910141
66.28875414269564,13.626036670625723,30.403600838140918,38.95540832214709
66.29519430352698,13.629200330711313,30.390720516478247,38.94908100197591
66.29045359429165,13.642830065553042,30.400201934948907,38.921821532292455
66.26120628601532,13.666898458706747,30.45869655150156,38.873684745985045
66.26394230929138,13.688859880770114,30.45322450494945,38.82976190185831
65.71908624732653,13.736375377335477,30.456047552337118,38.734730908727585
65.63015959898505,13.793598554465959,30.633900849020073,38.62028455446662
65.13950153697249,13.828691717117987,30.528599235916154,38.550098229162565
65.12792497889372,13.828972183197891,30.55175235207369,38.54953729700276
64.57359866163583,13.837684030903272,30.57619948124205,38.532113601591995
64.55828224878059,13.759623550824717,30.606832306952516,38.688234561749105
64.56410924399404,13.75084620047435,30.595178316525615,38.70578926244984
64.59823242406421,13.721874296934189,30.526931956385297,38.76373306953016
64.62163676570589,13.694192466669989,30.48012327310193,38.81909673005856
64.66743749292942,13.670044262290553,30.388521818654837,38.867393138817434
64.74162356706437,13.654819025600396,30.240149670384966,38.89784361219775
64.79665286779756,13.651455878212403,30.130091068918574,38.904569906973734
64.83426753056541,13.694556316126956,30.05486174338288,38.81836903114463
64.8196436604087,13.843893565560546,30.084109483696285,38.51969453227745
64.29632080313542,13.898905389528942,30.05458894312923,38.409670884340656
64.31872906115493,14.008466266850796,30.009772427090212,38.19054912969695
64.3709679312969,14.042808598593947,29.90529468680625,38.121864466210646
64.46583368605286,14.103560970886406,29.715563177294356,38.00035972162573
64.54134244794517,14.17828626553721,29.564545653509725,37.85090913232412
64.61285129928173,14.271215599319337,29.421527950836605,37.665050464759865
64.71153925359658,14.301902436001463,29.224152042206896,37.603676791395614
64.77948915170872,13.899758935440914,29.088252245982638,37.359736366323204
64.8315308183777,13.996127925690388,28.984168912644662,37.16699838582426
64.88333323039578,14.032841133952267,28.880564088608516,37.0935719693005
64.95950856132814,14.059840807579327,28.728213426743793,37.03957262204638
65.05907265313847,14.066653010376605,28.529085243123113,37.02594821645182
65.66445373312854,13.530931629602687,28.34644650881198,37.06926755233065
65.63916293839014,13.692910926201868,28.397028098288793,36.74530895913229
65.56575482853268,13.345129896867558,28.54384431800371,36.41917161121644
65.52444060637472,13.606780349347144,28.626472762319636,35.89587070625727
65.4382403352749,13.255333025820395,28.79887330451927,35.58631439095637
65.39545072057749,13.395981666208954,28.884452533914114,35.30501711017925
65.35566724358453,13.49561525962956,28.964019487899996,35.10574992333804
65.27519262976101,13.140571078571835,29.124968715547055,34.810045427061496
65.23581442571776,13.218435931722329,29.20372512363356,34.65431572076051
65.19022877368305,13.284260421089112,29.294896427702973,34.52266674202694
65.13478435584479,13.30755298894817,29.405785263379506,34.476081606308824
65.6633941553165,13.681529860975441,29.35177320431722,34.73133540213543
64.98189468770744,12.723144323149025,29.708498837138148,34.63555987299388
64.51704745268827,13.122489994729069,29.627672074313224,34.84738976269705
64.97476946190942,12.582461581576087,29.7247188020883,34.91495584278565
64.9990680334028,13.00479584015978,29.6761216591015,35.085376712399196
65.62691709625844,13.323603100400756,29.43735835015463,35.464697008681625
65.04954517931796,11.83045468787602,29.573171404240973,35.39420149434729
65.07966628218044,13.257871226042699,29.51292919851601,35.59946666416356
65.08681559039725,12.091907734619419,29.49863058208239,35.88695678973656
65.03694350524981,12.081887299510441,29.598374752377296,35.90699765995451
65.06320345690258,11.491960174680592,29.545854849071723,36.05853349074591
65.07564209530828,10.912102144390733,29.52097757226034,36.1884518876764
64.98338201827943,11.447049840476168,29.70549772631803,36.149945763397795
64.91501077958239,11.38382746882106,29.84224020371213,36.27639050670801
64.82589043115345,11.330783447886521,30.020480900570007,36.38247854857709
64.80095853556188,10.726770251410066,30.070344691753142,36.548083448972676
64.76531398070068,10.706572900760982,30.14163380147555,36.588478150270845
64.77724224858747,10.049743651230234,30.117777265701946,36.85459970953647
64.73668868919438,10.567174247825392,30.19888438448813,36.87097474453175
64.64119562759204,9.982975977093833,30.38987050769282,36.98657547104064
64.67487991894255,10.99898888129372,30.322501924991787,37.06984883291993
64.66018916884686,9.894717883523509,30.351883425183182,37.16270893287156
64.69893772531765,10.406858288266363,30.274386312241614,37.19816752675437
64.09449767949991,10.432691552900778,30.424233958131374,37.14650099748554
64.54162000352508,10.484040125575614,30.590647237241356,37.043803852135866
64.54426170083538,10.482980647876591,30.58536384262078,37.04592280753391
64.49861862539831,10.606914443672686,30.67664999349491,36.79805521594172
64.44688456301633,10.717949056602148,30.78011811825888,36.5759859900828
63.82339675141986,10.815952730972715,30.969473309028402,36.379978641341665
63.79826486941125,10.814092750268241,31.01973707304562,36.38369860275061
63.81509989411999,10.779847697685216,30.986067023628138,36.45218870791666
63.890086883705955,10.689850882130958,30.83609304445621,36.63218233902518
63.962425540972426,10.602324748774425,30.691415729923268,36.807234605738245
64.04263138398964,10.535229924903721,30.53100404388882,36.94142425347965
64.11264897329526,10.031408255438063,30.39096886527758,36.88983676609812
64.13580941320494,10.165490613576736,30.344647985458245,36.62167204982077
63.60466886078223,10.319374108603245,30.355611720603193,36.313905059767755
63.125246599455735,10.4026761363554,30.26769326878395,36.14730100426345
63.247207318843635,10.400778261209481,30.02377183000815,36.15109675455528
63.31122534857751,9.894012850302563,29.895735770540398,36.125707575031235
62.91262558062654,9.425333824354105,29.656467160508264,36.026597480994084
63.04868804162018,8.995916222666292,29.38434223852098,35.85434175740839
63.180011060286844,8.546188249400949,29.121696201187653,35.729738034086616
63.85267388297364,8.56002121409691,28.794281450537408,35.70207210469469
63.858624069174006,8.760117290110628,28.78238107813668,35.30187995266726
63.80416600787313,8.840097947690332,28.891297200738432,35.14191863750785
63.71418182199648,8.91726655245565,29.071265572491725,34.98758142797721
62.55902001308293,9.075439935538427,29.37017962405499,34.67123466181166
62.0042525001294,8.684416976943687,29.474071370357628,34.4476372993967
62.03533467923151,8.738055295012941,29.411907012153385,34.340360663258195
62.174949788494445,8.706211295495333,29.132676793627528,34.40404866229341
61.692434366992856,8.583027337043578,29.099993449913853,34.65041657919692
61.23078247699606,8.895681585456224,29.022315285702444,35.02609002657663
61.007678710296744,9.018336463936375,29.46852281910109,34.78078026961633
62.12252141966459,-2.4932041114382137,29.25665684483811,34.59893780892939
65.11896657152319,-3.2147316332194755,29.280007049838012,34.03657934958621
64.58189902341839,-3.453661820050659,29.359729839322057,33.52002741652303
50.52688370736129,17.70130290799926,28.8262037080107,33.68157867860591
53.98550416658701,17.75535006090671,28.780593921818067,33.57348437279101
54.80299240334504,17.373275294459205,29.10414373539696,33.35837076213855
57.15041044582023,17.310214839476004,29.31492085502649,33.48449167210495
57.70567666101251,16.559466350802168,29.190831415084247,33.99954565901031
58.642090724735326,15.968693544235112,29.3028267770531,34.18867952743718
58.36972830876937,16.04163560489665,29.847551608985007,34.0427954061141
58.29925018377456,15.935920394967294,29.988507858974625,34.25422582597282
58.245956281017385,16.44518845189595,30.095095664488987,34.24480407402642
57.1203568579366,16.384118068767307,30.32494997995144,34.36694484028371
54.52553751363082,17.05608079179125,30.433417670026586,34.03925359394311
54.08198432476122,18.22979774869652,30.30763488262806,33.71759801040801
50.841706496364296,18.66867923531981,29.7469146600695,33.84573159135463
50.97045043622657,19.346081827056437,29.48942678034496,33.48986125627724
51.07991600874783,20.117472708137186,29.270495635302435,32.93639436613404
49.803617804971836,20.729751055388242,28.891340297899063,32.689088253283714
49.848762237403704,21.43835287660592,28.801051433035333,32.239253516207015
49.89874977469038,21.697530578072936,28.70107635846198,31.72089811327298
49.949102986263334,21.45353399302122,28.60036993531607,31.25956492364262
49.41453892385076,21.695931493155,28.728940309256718,30.77476992337506
48.96789279109543,21.780300480206662,28.687179154448653,30.606031949271742
49.06427510252962,22.243902329066643,28.494414531580276,30.610589611418437
48.1884418497096,22.739685283714465,28.388528169765465,30.547800135850224
47.35512262872087,22.80954707375932,28.202928934834734,30.408076555760516
47.06562632959729,23.226425951227974,27.860923247746722,30.495317086158366
45.44402025294318,23.657281002363447,27.43644214122189,30.550530298845686
45.1175591333335,23.762960810153125,27.178339998818355,30.339170683266328
43.95765392620754,23.77675914889786,26.787250473114575,30.311574005776862
43.61084569111803,23.904114440286722,26.583900419754286,30.056863422999136
43.30770018119679,23.969717959245003,26.30041499360304,29.92565638508258
42.917283913576284,24.087184441715664,26.198029649552808,29.690723420141254
40.74789052257856,24.109708602109336,26.147081764384737,29.64567509935391
40.77738664541792,24.137818194317543,26.088089518706013,29.589455914937496
39.55755877600215,24.173978950602034,25.903874166997944,29.51713440236851
36.57359415773719,24.271638552662285,25.777873136058446,29.32181519824801
36.33161257726971,24.285041847379794,25.396309813363352,29.295008608812996
35.19131325185217,24.372992933923104,25.099879410736136,29.119106435726373
34.962666699630866,24.440471259123342,24.705625783763782,28.984149785325894
34.195362237183545,25.33154597508212,24.553945755219967,28.888289306846794
33.5312253126405,25.3115550616538,24.203753364001138,28.92827113370343
31.022953160372573,25.814099831077574,24.21496388630439,28.757403891894647
28.066880623730217,25.875907622635943,24.304694926000927,28.633788308777905
25.546378171387147,26.37821421192019,24.357833971175353,28.460486106794697
22.585991724046554,27.363141329656045,24.472161498408376,28.149616262022466
16.89299427917906,29.081177970562873,24.28680688446579,28.019642838402397
14.058315629327705,30.403031529017355,24.20531029113755,27.84058738993527
10.86664398981019,31.70996565469912,24.04881191355304,27.67915975980406
8.556529823308747,33.47451614691047,23.794149463604235,27.39998596401583
6.257076129520986,35.571235841900446,23.568496849228843,27.22701324232829
3.878502101877311,35.76379206703059,23.538787785932914,26.841900792068007
3.802820321851133,38.38328898117349,23.69015134598527,26.351202587357676
4.175896904950198,38.59121745704476,23.730195727458277,25.935345635615143
4.132427275941858,38.82357667980297,23.817134985474958,25.47062719009873
4.196514945096428,39.70300403029893,23.688959647165817,25.260819367929166
4.198683582895107,41.03521107573491,23.68462237156846,24.904069388309914
4.609867046497566,41.50598677067556,23.625840971110335,24.72610352517541
5.007204657234308,41.63654211991971,23.591041413170174,24.464992826687112
5.092574083358489,42.455010615778214,23.42030256092181,24.338541864219305
5.1146694627233025,42.93683068324771,23.376111802192185,24.12547047632246
4.044383687835872,43.063489413049595,23.27707240175866,23.8721530167187
4.1330401316249485,43.867787009956004,23.099759514180505,23.745573137759486
3.837215366817265,44.30599689820427,22.955180274692342,23.605382130366472
3.8863970226599562,44.774290319665106,22.85681696300696,23.400548106528785
3.945470443217456,45.21488665952868,22.73867012189196,23.2463483373846
4.059432021012896,46.01692244280726,22.51074696630108,23.087705004278074
4.489097043772631,46.13757591912207,22.368052207335428,22.846398051648443
4.587444174654484,45.90479581420114,22.17135794557172,22.601353733861917
5.541651114888683,45.86859872371867,21.67027159298533,22.67374791482685
8.194217939376454,45.51125562556975,21.243364878003973,22.69154454912551
9.7769680265309,44.82299746703508,20.83950630320889,22.687240066437948
12.279041798851324,43.88759327260502,20.62290320251038,22.50624369360851
15.074344537822766,43.612978344592904,20.453725967730623,22.377795019237347
16.256166223081937,43.345464425036894,20.109060432244277,22.239830246672028
17.989279616951094,43.14110045337207,19.96966536020243,21.983191846862386
18.465987203556104,41.49968495960084,19.675413110444758,21.970208217143117
18.945185001765402,42.15140879935625,19.371292933759033,21.975311377098052
18.715416632143558,42.27142832273047,19.18132786676792,21.735272330349595
17.821450906213034,42.07961731410454,19.04100126010247,21.476141661425967
17.83776674191273,42.19693196310313,19.00836958870308,21.241512363428782
17.529067104343266,42.32908461783828,18.9934245999467,20.977207053958487
16.316658946181576,42.73535838694849,18.906218448131977,20.792665132772605
16.425804764254224,42.06899830172182,18.687926811986674,20.877881160339818
16.20988472389375,42.048927820253724,18.49816860268025,20.918022123276007
16.324313000028578,41.980817376488176,18.26931205041059,21.054243010807106
16.141035068159738,41.91656395713068,18.018227019068696,21.182749849522093
15.857124434899584,41.90492945171016,17.970448827753497,21.206018860363123
17.039312692333915,41.95626346063398,18.066836433030144,21.103350842515503
15.869489679699571,42.22698165174713,17.945861823252077,21.17706961905088
16.83249095908119,42.480665134351156,17.86291024545402,21.284052980831227
16.288372998228596,42.42816645324821,17.721816915077046,21.38905034303712
15.719852325865931,42.40269966307159,17.63084083311816,21.43998392339038
15.174530598107756,42.65143221121271,17.494834160477257,21.555843891186747
14.87767683422205,43.26046281779068,17.475633889461477,21.563598275605187
14.273974082423516,42.91149956253472,17.457606290525607,21.648808234850637
15.323610733697869,32.26719806470314,17.8132558182621,21.456836465518318
15.203386936692393,32.29571641608227,18.05370341227305,21.39979976276006
14.791708756810676,32.299693935203166,18.257547398118735,21.391844724518272
14.663421372561054,32.31552111176513,18.51412216661798,21.360190371394342
14.238424176139485,32.6801722716383,18.737831326819062,21.25717328429004
14.138545685904235,32.39677625402916,18.937588307289563,21.195695511917616
13.72114444419294,32.771563661685335,19.14188526857457,21.076626218742852
13.346570432632802,33.14433167344626,19.259121237520517,20.96300224939533
12.344819573970373,32.83393169251443,19.366592826805274,20.951792168578947
10.7775950585951,33.46611800020955,19.333329952967432,20.954504315024074
10.82444590830425,33.384218332051276,19.23962825354913,21.118303651340614
10.865941486498738,33.29893501291336,19.156637097160157,21.288870289616444
9.9521447644509,33.58791557155187,19.07790606742372,21.346350663616803
9.635899230145121,34.20904221097802,19.075319006989055,21.374253642856942
9.628693986924471,34.160572852397294,19.089729493430355,21.4711923600184
9.611145560050854,34.11363167488794,19.12482634717759,21.565074715037092
9.545889670888329,34.43335354752286,19.25533812550264,21.564846516025302
8.851277843564885,34.75053319103125,19.36197359293676,21.57178132261491
8.813100149414366,35.072032655217825,19.4383289812378,21.57188385465811
8.179968984341958,35.350012858361815,19.415952335683556,21.66024293621966
8.21899361439706,34.94554472564938,19.33790307557335,21.823845633907336
8.22458272731188,35.20075863540168,19.326724849743712,21.9600416906915
7.28621512291711,35.435894931293824,19.25779937809714,22.138322659052577
7.589272984096244,34.74336852109592,19.30189179784481,22.222959195236513
7.876964017925266,35.04168748835747,19.378731092306776,22.278542622833413
6.551501913067744,35.33016670640221,19.412416341371145,22.355893926906607
6.790070773889564,35.670683009304796,19.59132247257304,22.330905173946974
7.33763283874738,36.375808222344425,19.813236253113427,22.23769265812373
7.216846101516968,35.415225969259566,20.054809727574252,22.17699973639497
7.796265918418875,35.77115034508415,20.223024794454666,22.128678335087905
14.173999863338365,41.78456865334464,20.776614716046897,21.41454085828345
13.564970584778473,48.089973855340105,21.33159350691361,20.73916624684776
13.34787750320006,48.38274083147823,21.765779670070437,20.153632294571516
13.173626016768122,48.63796795144804,22.114282642934313,19.64317805463189
13.035204766809589,48.85574188928,22.39112514285138,19.20763017896798
13.219811725142353,49.38160226426666,22.675218816791272,18.809217019600077
12.832313738760963,48.91200139825061,22.798934203344643,18.44585757921336
13.077054804356397,49.05814068806819,22.956770458467588,18.15357899957818
13.034099027973523,48.85887400288008,23.042682011233335,17.907107971098483
13.009519004776955,49.28988538728644,23.091842057626472,17.687402395898932
12.707304663326537,49.075245126361274,23.056776619116615,17.477188796338567
13.04379529036304,49.16261549109344,23.019332139032883,17.302448066874234
12.463828051963937,50.177971043848956,22.915030816175452,17.16809066084665
13.41345768942205,50.235137007580605,22.90079291182726,17.053758733383354
13.46683077030834,50.247949177748424,22.79404675005468,17.02813439304773
13.53904910898025,50.25207512930946,22.64961007271086,17.01988248992565
13.284471746139147,49.682955238180185,22.536875692185554,16.914344059769174
13.020822296257782,49.72089215665638,22.445720671735867,16.838470222816778
13.371681263947856,50.08086019149717,22.35983343387249,16.734364850651968
13.737532712953744,49.80258170463354,22.240957154368445,16.678095205871504
14.084460997771338,49.53073555481963,22.157202894974063,16.61168519525851
13.794846684589945,49.883185799014356,22.128685543738733,16.51453068446718
13.512059359953685,50.23495020723259,22.08853364940982,16.416728411632135
13.233817326868554,50.57456348646017,22.041498540030545,16.341021028726512
14.15250901434818,49.42804231551456,22.00881914882794,16.227791392275545
13.570498911344458,50.0668882030007,21.97439821975771,16.148540752380946
13.631539633285136,50.38632856440948,21.852316775876353,16.107061910857606
13.372345443068474,50.71163364312508,21.77583287118141,16.051324038554682
13.13020600325401,51.01131143857979,21.667311111551378,16.044769086904225
13.16603220573727,50.75173108265204,21.595658706584857,15.972882315334042
13.47134301228284,50.5141571816749,21.573822155564677,15.859245055217357
14.666159407370275,50.839818105466726,21.530568766793213,15.794518057984561
14.402390809291026,50.00088354269212,21.4732262226951,15.717747962763932
13.849403076257012,50.58539653008689,21.413694128377728,15.714229548359805
12.222139515661018,50.5130468326999,21.177457026536988,15.858928943133783
12.582553169839802,49.34576236619466,21.037204967594,15.871196878485947
14.60949325740186,49.98265544465821,21.033834291132525,15.754699149748198
15.790155523054246,50.89279066380913,20.97927823502254,15.664505067842445
15.341218527388282,50.5848168555413,20.72837053312449,15.706061837763112
19.199968528751054,50.84426130986683,20.437197067530946,15.758428816583743
19.605776171473522,50.84667086248091,20.193257441544063,15.75360971135558
24.512826140660714,49.466722248849415,19.965077319445275,15.69411875736105
28.27493407365374,49.99216605111064,19.713440056097976,15.762089399398423
31.670131792734946,49.17637319157254,19.603248325980864,15.72362419146329
35.640107315825276,49.44010476292911,19.424547540843587,15.7505360673961
39.56709136604525,49.4590954384338,19.299601526276284,15.712554716386721
42.39869816134022,49.435763136687825,19.131832382575165,15.759219319878675
45.22739079704028,49.37144530047892,18.95167763691099,15.887854992296477
47.16274411248253,49.611171454723,18.910146307117905,15.955427726821387
48.817170484072136,48.79521685484071,18.88612499075948,15.944921213175567
49.50275757919893,57.380329522059924,19.15575061869713,16.27656060611022
45.77147245172921,59.59906866383525,18.828559736274585,16.846785910863716
47.40785509692381,66.0331895295573,18.91864833950829,16.869484104974084
48.156037482426626,66.0531237818197,19.108985489607257,16.829615600449284
48.62040613023099,66.08829963218152,19.309338343791705,16.759263899725646
48.815353255302135,66.11471508994026,19.485961830513023,16.706432984208163
49.314219023370484,66.10923956007306,19.625025999082027,16.71738404394255
50.388853279210906,66.07905668989949,19.758628436959246,16.777749784289703
44.78477938004479,61.27179737069197,19.491868568490215,17.21234228926375
46.20474358777563,59.36651185059765,19.534858762774594,17.56341099775713
43.05801490469021,59.14825657259743,19.416970631895786,17.999921553757556
39.04193498227251,59.226311888477554,19.217717802353725,18.43176897016712
37.61725493763225,59.301773257500045,19.108642241527736,18.872533362143464
37.92929368269574,59.37391950056121,19.08149434846908,19.325170473089468
38.546718327375004,58.89250192970769,19.053878377212904,19.68438895574534
38.83839838937624,58.772611848701175,19.07932936217314,19.92416911775837
42.353125669895334,58.72829694349255,19.405440035053466,20.01279892817562
40.51173179012529,58.28443071967899,19.371229651737192,20.28103168532668
39.03076729511076,57.76664916282462,19.217383671085933,20.693439804899363
43.23404314731676,57.61966394414871,19.590962565225144,20.98741024225117
39.614615141672296,56.399316754342195,19.81559556455051,21.515134709510505
37.29496062969194,49.5479347581491,19.908838407000662,21.57970015736503
41.964531182394225,56.90785771411923,20.348547493035852,21.85409120563238
43.71742964709625,57.4278086841086,20.821790482098336,22.14053590514248
43.82184783787136,57.99218285127466,21.28809317722014,22.362065724154405
44.66073690493407,58.187315517222686,21.668246483579107,22.657777539086474
