147.5,65.5,55.0,72.0
150.47595114112642,65.37785539919365,56.014123541620904,71.2442892016127
156.77653798665366,65.51069117570412,57.388189946176965,70.97861764859175
162.6782360877051,65.548897310353,59.68728379712857,68.88756394314335
169.55880560684406,65.80564224853222,60.06231018191818,68.37407406678491
178.6118321088243,66.92331269576796,60.113880771408446,68.15624690491907
186.30423251594604,70.89554278867479,60.848817256594366,68.27165536882012
190.84728484892,74.24165233485982,59.876651076783375,69.69337476258698
192.93671333133014,76.35766540529775,59.76764283018541,69.53119733993347
193.8269015943275,78.47435918150822,60.017941376815784,69.35915993276268
193.85743153907845,78.45975399668752,59.95688148731384,69.38837030240407
191.68489692221218,77.85000605069591,60.238946135902495,70.6078661943873
185.4176020947841,76.74829469084932,60.44451260915871,70.75645171714713
180.0685649223284,75.79213020982635,60.84046020799916,70.60835532997886
178.03679650762655,75.11570820303272,60.77502148973127,69.89671156973034
171.25898310286394,71.37165708552324,59.96349422808048,69.17501147836305
168.4863426362001,70.72818233713147,59.42383476705057,68.4336475103607
163.72569714813022,68.92472828915749,58.904005982135644,68.02410770188679
163.87480402682718,65.92148099045787,58.605792224741705,68.04987061723408
162.79859034095728,62.00615106487733,58.76902086235186,67.92373553187636
161.78685590485782,60.15277290481572,58.80262376627635,67.65075991545072
161.4606785390445,54.60591725217798,59.454978497902985,66.82734602813643
160.1127151623333,53.611855025338485,60.16703374524948,66.83159897573955
157.89935146501685,49.87818668887572,60.60318404243547,66.31778145377116
156.94736689161212,46.736730058566735,60.51290291129747,66.61794388054676
155.22957223822036,40.61381543148966,59.953536012499015,66.8789045179549
153.50964554863123,38.328402917603086,59.40814831278922,67.46448846683998
152.92256331311916,34.18969115463307,58.58932379940816,67.7699560551595
152.1810753359877,32.44573727084253,58.08768575098648,67.28863581737147
151.26803518556343,30.82474127860587,57.94461695262445,66.59232960342354
150.22575967469473,28.206622452991674,58.0730634314083,65.96025362579113
149.1870892686156,26.57394292666102,58.20201973586581,65.328843663051
148.98993725309117,25.628068372565117,58.59632376691465,65.27992675176743
147.95538920554276,24.809837493482462,58.719225788751075,64.97019443667233
146.91128397683173,24.944255827212743,58.86409030486821,64.70135776921177
146.84149966015113,25.04431943956422,59.00365893822942,64.50123054450881
146.74448249300127,26.04554552670033,59.19769327252912,64.43936459738498
146.79470660871664,26.988112367823277,59.09724504109839,64.49693874112576
147.93021386989386,27.86740035664912,58.76823751790113,64.68036976263123
149.04028301913146,29.797752823479527,58.48772506924574,64.69891652861008
150.15615041877797,31.529085862587273,58.19143966850157,65.10714924749222
151.28338870303256,33.105548111537956,57.87402448527102,65.82834752014807
154.39357741575992,33.708510133154256,57.483137809712794,66.5655870602143
157.50766076217337,35.40300797523797,57.09988336882678,67.07319954400745
164.40115797989418,34.96526370023077,56.96281904523761,67.94868809402185
170.82738474796432,35.8898022410136,57.8392514826592,68.06088043725074
178.5070228603194,35.59572467335255,58.29658578303528,68.64903557257284
186.2486534427086,34.7864964130852,58.761160061160695,68.27401266274455
194.62371795934257,33.99779033004903,57.972208718480914,69.8514248288169
202.7064891143269,33.19844503006327,57.86079380263735,71.45011542878842
207.5921656250411,31.576190142777897,58.23694411274615,72.66512453705174
209.69707230261776,31.09919520101016,58.13550643258816,73.61911442058721
211.02241789891022,30.61791278206512,57.551949202331926,74.5816792584773
212.0634105088767,31.109667708918536,57.54231311146354,75.67051853383506
211.91458384234926,31.850665805174643,57.83996644451845,76.277294893451
211.5048703713022,33.05557623765578,58.65939338661256,75.97032738521507
210.14016813213402,34.37000496136614,59.27728006983742,75.45298773290587
209.85844485332913,34.67884441249113,59.84072662744718,74.83530883065589
209.74162260767525,34.871034215347265,60.07437111875491,74.45092922494362
209.7741137512453,35.95141610824156,60.00938883161483,74.40140443226068
209.7443440075421,35.93569919712945,60.068928319021204,74.43283825448489
210.97258657745272,35.538059645289515,59.72331711012468,75.22811735816477
211.15368028202914,35.32854804949811,59.36112970097183,75.64714054974758
211.14887067806552,35.24174239222774,59.3707489088991,75.82075186428831
205.94046596837205,34.09220245009779,59.18360715004614,75.99904151290025
198.66923154623217,34.00871352932069,58.882763997750075,76.16601935445445
191.12776219366467,34.9802017929781,59.138780893971386,74.22304282713962
182.16229047165484,35.62069582891529,60.32878167344305,72.94205475526525
173.66094668566967,35.75833604516073,60.593870455923266,72.66677432277436
164.28250066768015,36.00429671849788,60.52062814300765,72.17485297610006
154.75566731027325,36.39271772627002,60.82285475042308,71.39801096055578
146.48841726197895,36.344651319334005,60.74627540058317,71.49414377442781
139.61321441189773,36.434731111696024,59.9602184946026,71.31398418970377
132.91536303505097,38.21647320005329,58.927256282124226,71.87297571760979
126.11485230580115,40.31032140706216,58.15589406954308,71.79167463818655
125.00813148343475,42.70010951631399,58.32983436270168,71.09110112283133
124.03096540360691,46.0093836684581,58.25260124583602,70.56724864810721
120.96665113280793,47.18704212273183,58.31439465618206,70.23421011664372
120.88647711168434,51.33784103557213,58.474742698429225,70.00524196736463
120.47301873463019,51.613794039518694,59.30165945253755,69.4533359594715
120.3722350268084,52.70223281069593,59.5032268681811,69.29846148440939
121.58500316177219,52.35780841353064,59.10053705196903,69.98731027873997
127.45897584145392,52.9112509542604,59.51460319059035,70.90742711361123
133.46907458825555,53.66916428287725,59.78131688943343,71.43941898845193
139.90543176084125,54.149582965564676,61.33064217781142,70.47858162307708
145.58185852582346,54.31034269901187,62.39977862546053,70.15706215618269
152.7758408063466,53.221760479440704,62.588884827845874,70.25178791483481
155.0376072783856,51.288966404714856,62.23919802113744,69.94352992691691
161.44336791744144,49.306099768530245,61.887088398544094,69.75612598078001
162.99112772351342,44.1264518113084,60.85961602984577,69.77518567799567
165.5886103182695,42.962467125899984,59.7685027653943,70.05122908628213
167.10140588247754,39.67806374918971,58.78162091638285,70.50390800148897
169.48780554651918,35.792146876173504,58.068467753870536,70.15644941637942
170.5930938785473,34.84489718459164,57.870893575785715,70.03794631357174
170.78202517819415,32.95292295555259,57.49303097649205,69.80589542349621
170.80219106266046,32.31805931163869,57.45269920755943,69.07727509220447
171.0220780489422,30.465447362860615,57.0129252349959,68.80948862414436
171.0757900091181,29.586868382823447,56.90550131464415,68.59133688087368
170.11117501914146,27.860761143345755,56.86450326969602,68.10309531002619
170.12037161357011,26.94241032495089,56.84611008083867,67.97773384151054
169.35101686814326,26.012549671946843,56.424980240490605,67.87761581631682
169.27084167828968,25.221522398333434,56.58533062019775,67.50814662642588
169.15015541283745,25.546701742279268,56.82670315110222,66.85778793853422
168.32114246482405,24.71103466481256,56.54244269537182,66.58683574171044
167.4422943289676,23.72575099133948,56.3665901628834,66.62385428445522
167.35963641761612,23.73029527484703,56.53190598558635,66.61476571744012
166.17330946678632,23.714293631048896,56.970749903888816,66.64676900503639
164.04886048300224,23.71857347588646,57.336958572565,66.63820931536127
161.80016682052292,23.801567225811397,57.940179490249676,66.47222181551139
157.7493486415829,24.94670016867211,58.22510600686732,66.13613339010556
156.51192957302356,26.184948326348966,58.746409198595146,65.61317202014271
152.81464608320147,28.138498079869613,58.32596120297636,65.61358000073291
152.03938545370207,31.127321501125778,57.92942766946657,65.47709753574635
151.11809999489003,32.16734985968716,57.83338630308769,65.33565310262652
151.19848015236076,36.801926336336024,57.67262598814626,65.74094525424519
150.1823840748123,37.69682790972478,57.76622507776335,65.88973517294748
148.58764277834229,43.27220700021661,57.07092695119853,66.39331915047819
147.5477098527855,45.09921410223967,57.211751515750315,66.61738751955568
144.15882675857733,46.65974717928479,56.210496167117654,67.38583213398994
144.24787988498468,51.384415482609654,56.03238991430291,67.63905545294799
141.26124879237182,51.320127026488024,56.18104144241243,67.76763236519125
140.03935762737882,54.330219696261494,56.67891758514841,67.58516558739447
138.7660016173695,56.43563554614083,57.27451769101084,67.27655771594809
136.73233320254332,58.30832896892451,57.430001609757845,67.44302378128612
132.92138177012248,59.1252689785157,57.207956440292435,67.7701307706805
132.03806504165644,59.87233292131897,57.012128823347496,68.238463958951
131.0943617399517,60.76658845418247,56.9330157812505,68.41647253873046
128.07260317368434,61.47123718399362,57.072582320077146,68.97515861034415
127.818518816232,61.530763889062115,57.580751034981866,68.85610520020717
124.82860103674207,61.371539830791335,57.6050915281848,69.17455331674873
122.8986353342425,61.26526588317651,57.484116527360015,69.38710121197838
118.05082485471131,61.47840078105726,57.220877106671,68.96083141621688
113.90714309241488,60.756202789623494,57.58430605941321,68.42424375612175
112.64274338838402,60.00319013023672,58.1345278128896,67.95169142030994
110.68433017276651,58.978344811851905,58.09109369468049,68.02125178235751
108.8424592871447,57.00753152589673,57.8138229148632,68.00186580320697
109.13296458337571,56.201783697350514,57.232812322401195,67.6376026438683
109.35779991136936,55.08253134994174,56.783141666413904,67.91528784895478
108.51953410031648,53.15778953402694,56.501807193706064,67.84903929115718
106.69849944241963,52.00794009417246,56.23923443935348,68.196417135793
103.73566848292255,50.966348078127446,56.304607240527076,68.32617146194282
99.56265487887224,48.01773415221868,56.82473236141714,68.35397274835245
97.39390745279036,46.80124423688687,57.23166730157555,68.8216726230134
90.86700527812408,45.6229589144636,58.41135923999235,69.1992245327073
88.73236500755155,43.60226056130394,58.67304653262717,69.23302799051636
84.15224055276866,40.57151043651568,57.790695627577875,69.26896835132385
81.53481282030539,39.538306316723464,57.0408769214805,69.34048520056697
78.59394929918062,38.60721805466579,56.97085986241218,69.21874702424304
76.43621851903767,37.62338965732545,57.324486928403495,69.20548657177645
71.3673847676748,37.6317252947548,57.53009888791731,69.18881529691774
71.19842723735565,37.958105017973885,57.86801394855564,68.53605585047957
69.28745113215089,37.28703882870707,57.72025142819133,67.89333086362632
67.31742435950936,36.78042993174742,57.71513583288084,66.93396408724882
66.55797210902017,36.84503963956023,57.276333632216975,66.80474467162321
65.95227606276315,36.877305618024074,56.53904484408298,66.74021271469552
66.34190171685829,37.99177468571256,55.7597935358927,66.44713167794495
67.31182732538463,40.858208934230845,53.81994231884002,66.47073836002477
67.99464193396037,40.96183455451292,52.454313101688555,66.26348711946062
69.78121960709679,41.83401452816419,50.74381928177555,66.38178869851794
71.16299408714458,45.0423261172412,49.816956204564036,65.47522316901609
74.88234975396566,44.97851631998797,47.801627259439115,65.60284276352256
78.10189312305425,46.74812567378686,48.46976155593933,63.84042931459414
80.78816739342085,49.260418676281866,48.38013181294813,62.33778917476546
86.44165775199727,49.45563444285733,47.49291905772354,61.94735764161453
88.82801050075452,50.21136829773687,47.86897040932264,60.43588993185545
93.23960174620134,53.75528195814747,47.54228074345223,60.145256871052865
98.91740860423238,46.633220534209805,48.013609491147925,59.183310836953964
87.00236003710513,39.54746139492099,48.28916896399832,58.21262633320041
100.26607754718387,50.13116618554709,48.51396522040305,57.10939020936982
102.80425965076284,44.485537647109375,48.413559856030574,56.79007665307908
110.41754380399111,52.70567835243973,48.05607716191699,56.87100147835495
114.62593511971747,56.14801820123729,47.87743863545882,56.57683706475544
120.31513645657266,63.6749535444191,47.980643287210256,56.285032939699846
112.20962848058107,52.19665314482755,47.81775856121049,56.318172789706864
126.10958723128586,67.74852100741874,47.817717586713826,56.28488730048596
134.03708354006085,76.26791217124887,48.31045832819123,55.59383833185314
145.87010004451028,117.98492941720184,45.86053229924415,57.024231759754045
151.03235036599744,115.30029005831295,43.609036508855695,59.16430853649747
162.86719818013856,116.73254037827452,42.487605774423685,59.52098859569579
172.0444763849408,114.16901390408097,41.70666845259558,59.85523633832572
173.1162085447347,111.0750150747468,41.15299578552264,59.684067386934586
158.27392990651205,115.0265458703967,40.854074749070584,59.6713948253446
144.81581077470122,111.93590561764798,39.457231114240344,61.13382834776675
136.338529312808,115.18648954085428,39.123068065540174,60.91946994589474
127.2495294929592,113.33448197585935,38.545940845173064,61.4976305992072
127.47134171762923,115.70077525618194,38.102316395833,61.45079762870277
137.73597834539174,112.54764768847532,37.77233131810473,61.541887170947774
144.83286145812087,109.69191083161239,37.52508821881612,61.05490616193155
125.63365681323008,114.45538254103057,37.46804073420012,60.757272368950595
137.76461423115776,118.87822018699015,37.731426612382236,59.575753550168145
146.90412142236997,117.61740077517024,37.68795392367781,59.058135424854626
142.76565828094377,102.87869941970993,39.92018492480899,56.80088790673903
167.15521407437012,55.111891694366,42.62719920413479,56.93374072303733
172.30075754758877,48.03970458722193,44.821654793851515,58.592572401171466
171.06063454509194,47.467475362870076,47.30190079884514,59.73703084987517
171.61602819067303,45.88046573572822,49.549972049676164,61.231620833162275
171.73206559070664,44.495961806059825,51.056568716661715,62.26195722544631
172.055014861163,41.4322820215903,52.18945792175319,63.052953556372834
171.72574122309902,39.94954890244968,52.84800519788115,64.2092293915432
171.59449835570624,36.661615506425676,53.110490932666735,65.27242249704986
171.68362071550612,35.08521801921264,52.93224621306696,66.56711431257015
171.9190637065266,32.71232220591635,52.461360231025985,67.56281631821281
172.03378193525447,30.437799708444018,52.231923773570266,68.34663589672141
172.8451255759453,28.84957722594885,52.500060962625724,67.74143192083741
172.62221896440448,28.029941314327303,52.94587418570741,67.49473856386253
172.1769339427398,27.35469463491087,53.836444229036786,66.95579244298987
170.17002758549248,27.42714555443991,54.05901127424852,66.8108906039318
169.15893052049177,27.423338974762018,54.18420476767224,66.81850376328758
165.441122579568,26.385546472303353,54.02326249090011,66.99494922854998
165.39880751676677,26.547283161185796,54.10789261650258,66.6714758507851
164.4791654509931,25.644013698455325,54.05152302206612,66.58236105026226
160.65749365247908,23.125941449724586,54.121356402162654,65.9383728850251
160.5299784776695,22.292217041781306,54.376386751781794,65.72119426976195
158.52834022249607,21.35160963038758,54.608857474982386,65.71700619897629
151.6943569284842,20.561849785889045,55.05325059970106,65.40744396464407
150.40587188930834,20.759489161610425,55.73875218629786,65.01216521320131
143.8380987985897,20.639507572321058,55.59963265397056,65.25212839178005
142.56168436879693,20.95306406743324,56.254611797721196,64.62501540155569
137.04170270097742,20.924690514936778,55.90258310118584,64.68176250654861
135.10391204377177,21.92404536652591,55.99035043734911,64.57695979249438
130.69318289941032,21.78734946888305,55.343339633947636,64.8503515877801
130.5793414291169,23.01319439564635,55.57102257453448,64.28620631592702
129.6948092760155,22.8895122336908,55.45759686661552,64.53357063983812
128.70215005391574,24.01326598059729,55.55842443718173,64.17055401965843
128.85233855104664,27.94291865265856,55.25804744291992,63.83325850778403
129.19967204231907,30.623845973350974,54.56338046037507,64.08285713504046
130.42290350023993,33.94505596326437,53.980118202150166,64.89323978568079
133.410956620382,37.24037819039994,53.602912411378384,65.76779593075946
135.50160909482153,40.65080563050656,53.16890169896239,66.44152952347237
138.2593084597007,43.28164431154853,53.28436587826835,66.81071507045277
143.72675033471523,47.016427623487786,53.656309437973555,66.87903331973044
144.46244182017782,50.648983134408496,54.07646118755974,67.18006117993446
146.9546701229741,52.65257738417936,54.80081651205157,66.97874730044903
147.4010742906014,54.55040377494142,55.81955746780905,67.00619310094895
147.97305394429782,56.64590134026646,56.60398274788194,66.67196714523035
148.72307374140382,60.48648207185869,57.039791452198735,66.73419887616123
148.49247076971693,61.38055394597682,57.50099739557255,66.8898551761245
148.4657723057563,64.25104640032015,57.554394323493796,67.00965511460902
148.2721376788741,65.24707462577176,57.94166357725821,66.97389778461266
147.26224756779752,66.24090958961634,57.99949256501945,66.94817909131545
147.1820265138755,67.14013821659314,58.15993467286345,67.11220179617914
147.05936281487476,67.07543437864321,58.405262070865,67.241609472079
144.41341678520615,66.72811516710736,57.776631976953894,67.9362478951507
143.38266122063334,66.91210347701443,57.86399233797775,67.56827127533657
142.19491574564785,67.26003053561357,58.26960411984217,66.87241715813828
140.95466257677546,67.56811220307678,58.784478288928156,66.25625382321186
138.84220653053973,67.57425202441058,59.080737876622855,66.24397418054424
137.64951110206738,67.5891959602063,59.497266205287076,66.21408630895282
136.73309000459946,67.28726920483831,59.355069479383076,66.81793981968879
136.921154303943,66.99362075344155,58.97894088069598,67.40523672248233
138.15409091353246,65.66275861511124,58.49828063861634,68.08174802204371
140.38861012394477,64.0895919368057,58.00517789374611,69.2401135406776
143.5913380017764,63.39607975918403,57.59341481572983,70.62713789592092
150.3442926214176,62.93853515280736,58.17548079594317,71.54222710867427
151.33134248394907,61.522150453019,58.237375409435145,72.33900216969609
157.13806302816425,59.59422020526642,58.91914754614375,72.0964582568216
157.99915243015275,56.99110147386042,59.253464306671226,71.13320902612013
162.93052485006203,56.063224725077966,59.62617303096136,70.9418718108633
162.5723518368707,53.35395006882138,60.342519057344006,70.20999495525048
165.46928582056228,52.3853883594156,60.69973594080532,70.0967567571139
172.93062850384962,48.94046392831306,60.157399988561856,70.82359872746274
173.37143334377907,47.41475812413419,59.275790308702966,71.81815677637398
174.87533085969017,45.78131712647409,58.32596966837063,73.02706438020425
182.18616307414655,42.570871002891394,58.132472021339495,73.26445657799181
183.40500329210334,38.29219686881499,57.75645594478756,73.57514740869804
187.6646805029597,33.798897980378314,57.478366281822574,74.32048042682368
188.85102584064092,29.552933325678012,57.17284739761726,74.54372257159568
195.19059901499645,24.156434464812286,56.887328326824274,75.00869756172871
197.04640830013562,21.30556306110944,55.2437416470965,76.57437658803323
199.49258112070666,17.052694755085483,54.481205225027466,76.82049476193508
204.91794873128202,15.835039361126618,53.910956926747815,77.1997081652786
205.3845359661379,9.54880771781744,52.97778245703611,77.45759289842647
205.59426353157485,6.5880603230326855,52.558327326162164,77.25635759824986
205.245726845048,5.442910548062599,53.25540069921586,75.48476213121351
204.91120540762165,2.060982099133575,53.92444357406853,74.1855620469991
201.27886404425476,-0.5033191393615866,55.16778124449192,71.28570444890885
195.7533790875229,-0.43628043066276945,56.301979517333606,69.1682727033868
191.19488772788455,-0.5139721487970306,57.54154800268149,67.35430258117313
185.44219772725165,-1.0125383306996696,57.278475291377156,66.39002615955005
179.75784393263672,-2.3378087408858015,56.99328807019819,65.1559353764527
178.13618842976854,-1.777744464927597,56.39922630814115,64.0358068245363
175.90087863644797,-1.446260236110799,57.08611365425032,63.3728383669027
170.94000783532817,-1.0360571496072275,57.54510470034663,62.552432193895555
163.86252626633672,-0.0086936532384847,58.490330376738854,62.38481055281389
157.68110820355903,3.838528185938827,57.556730037643284,64.18782149206706
154.02651959498385,3.955950643983414,57.21514716921206,65.86566659737328
152.832355944268,4.575806804397487,57.67027009438115,66.55915865280781
148.90156898914512,4.503231019259609,57.727038806583366,66.70431022308357
148.74682711097375,4.707962916545803,58.03652256292611,66.29484642851118
148.6242284063774,5.723985990474127,58.28171997211881,66.21577639301076
149.3532363829421,5.578866652706665,58.779375754956156,66.50601506854568
150.09619140228318,6.649414132453316,59.26157786526216,66.33303225804052
152.07456507508326,6.6090250435092415,59.25108382733611,66.41381043592867
156.0613308736665,7.591617179127184,59.17439749477893,66.42283748084509
161.85634669096055,7.503047138061746,59.42313449460211,66.59997756297597
167.38531651913135,7.65722692357167,60.2442371163487,66.29161799195612
173.59275545487446,7.291089161542423,59.75816984769741,67.02389351601461
181.47872393569378,6.310049281583602,61.91201271652956,66.9942199614355
189.28409985878477,3.677941044741125,60.480209689357636,68.20730820111757
189.69338461332708,4.530710927455395,59.661640180273025,68.52337499232428
192.96711205159008,5.687312468375261,59.15443205422521,68.22358749397726
196.3344104173066,6.917422395545579,58.42183667481144,67.7640347569764
197.27536901185607,5.3742847628327155,56.53991948571252,68.86847001992048
198.4943060550695,6.360809205452782,56.07063876552206,68.86401450091674
198.574472720232,6.994438521023227,55.9103054351971,69.55771006839313
194.80189846218954,10.66155545949718,57.548476984372144,68.13045315835507
189.05434695039352,16.59968000155626,59.17618425223782,66.12159982996329
188.9023340963496,16.957259060527235,59.48020996032568,65.40644171202133
190.35804430801969,17.79962640052426,58.531020258990466,65.68393775403221
192.50603822372773,18.557482944476,58.13786476104725,64.16822466612874
194.45483022197303,19.09028451849653,58.08356362640792,63.10262151808767
201.47551585998303,19.821484362959556,57.37171076401635,63.54443874539427
201.72179898777986,20.449724557500886,56.87914450842269,64.18771965333835
202.8210896392337,20.969288927345367,56.58244441306548,65.05047212119985
203.8870923122272,20.78645732704404,56.36092391786039,65.4161353218025
204.78524627944,20.14614677955349,56.47720086836584,64.78417153185256
205.69345709306782,20.190815224731004,56.56546511218537,64.69483464149754
205.8736835066063,19.7473169485458,56.205012285108424,65.58183119386794
202.93083170557492,20.37447429509323,56.35278781840446,66.24015919036201
197.95884291921982,22.178673025829156,56.67095114157167,66.48208742870736
198.02350873548835,22.712391613730198,56.541619509034604,67.34864703507236
192.29684657537203,22.75524155594298,56.323351189599876,67.2629471506468
191.2895705478821,23.873708275087452,56.397465768027914,66.96645118890962
184.97466992181856,24.901889740352203,55.46780125846895,64.91008825838011
176.80710932029277,27.32912406368389,56.679227059188975,63.83654346229964
169.18878882905747,27.999410245029402,56.769853875987806,64.38922287031758
161.11746973864882,29.93349242512521,57.68644752715649,62.42431407633204
152.96178517732557,27.262383529792345,58.898965644555005,60.21710636437376
144.7243574315615,26.824449722699313,60.39731557694809,59.22091078366793
137.4039148926182,25.444870996375016,59.99851047429705,60.100106963749326
130.63870186166614,24.418499778692446,60.31619848785757,60.26531539220823
123.80570904834185,22.171789298945434,60.716318962683175,60.96848916546713
117.93709594759018,20.37460748774571,60.97876975706409,60.73792765215911
117.6956684143176,19.78361174582928,61.461624823609284,60.006955288347676
118.22022959034007,20.114577980121332,62.32153335321887,59.34502281976357
121.60951052470897,20.199175459809236,63.19110390177124,59.17582786038776
129.06547963692748,20.48793361514298,63.66256024961318,58.59831154972028
136.11420345838079,15.5507384223623,63.01283724209118,58.86718433857834
146.10047800825993,15.368517389418152,62.192823345798615,59.23162640446664
154.5861152147301,14.855028210262947,62.39561192092461,58.35037554188079
163.2800860425908,13.901932077236307,62.08464158772756,58.3591265498758
176.61210581509238,13.485783439720475,61.918842185868286,59.19142382490747
186.2169971994848,16.827804410110893,61.742185735555175,60.12063241151533
196.8124470278417,18.018309690039658,61.61869221182584,61.57005933038225
204.98166995015205,20.497575972322153,60.76904909279653,62.419827787914045
208.25807236091208,25.840734168786383,60.02442041710738,63.34986368664738
209.4726603817441,28.918891862220875,59.53408387587265,64.94890630149592
210.80548114222003,34.42057818053416,58.8244190417659,67.63737047278487
212.06028265225507,38.609196028384375,58.30114544364703,69.19178188684035
213.0005505393499,44.359359362935365,58.422520980153905,69.70292308191753
212.85641599289463,44.94150726285172,58.71079007306445,70.55035547706446
212.5013567788337,49.95841336777676,59.42090850118632,70.66352953908779
208.48943282721132,51.03742486808269,59.274519400623575,70.54806578942781
208.38202208591287,51.88737249874774,59.48934088322049,70.88659989885932
207.37942983035873,53.01655155502336,59.447433455443374,70.67533372519345
205.80670909141693,54.01693750122871,58.506540460509825,70.71772906919134
203.07834809233015,54.89839355796827,57.87722093938498,70.98349746214502
199.1751561684425,54.951774608175405,57.59315272629588,70.87673536173075
195.52466484313874,54.90609614749921,56.828573108648754,70.96809228308314
192.96418891729024,55.03575281823156,55.93322676114519,70.70877894161845
187.46705365255497,53.857077479628074,55.00567504165977,71.07915924399941
187.5576182280561,48.321459331523236,54.82454589065753,70.28496986444084
186.69969665799053,47.29689733794559,54.57787292191881,70.37157774272627
185.62782042047817,40.84766540922912,54.761794555007135,69.55122570660475
184.46784048413824,38.333398652639595,55.131458027938535,68.72887002053845
184.41858538499952,35.50120054073332,55.229968226216016,68.56214021170325
184.4403794634503,30.604825291804232,55.18638006931438,68.64114643449366
184.48115775219412,28.746266329265325,55.10482349182675,68.4717565006252
184.20706563899648,24.293469350711327,55.653007718222085,67.68064191298299
184.8149765580564,23.600208227976424,56.373248591923925,67.13110144663108
185.5594755884559,22.692119457889262,56.82346183432839,67.00806768360192
186.49536602373252,20.754380626166423,56.89623068196471,66.99444591066857
186.16457153301795,19.077580081354967,57.557819663393865,66.45703096857697
186.17205160657244,18.07998390415915,57.54285951628485,66.50439954313204
186.34874725774793,15.088437501164591,57.189468213933885,66.64254511545022
186.87333701889602,13.162973810510557,56.14028869163769,66.60389983712231
187.0867374359282,11.453621668147889,55.71348785757334,66.16789777909814
185.29349455056948,8.747121737713293,55.47240653884803,65.83954700580315
183.43392068480742,7.575545625462965,55.381843664448795,66.27784392734213
179.98134632631806,6.061161223174437,54.64642043306537,67.39646974482865
177.13019765575697,5.789282526647092,54.60233098932681,67.94022713788334
173.2810378039828,4.7099933211917815,54.60833529476138,68.17572669926552
171.3452110662676,4.903513326798034,54.626427256369865,67.78868668805302
167.29848301642116,4.96818510427326,55.035291409608384,67.65934313310257
165.31659453901347,5.877674664251764,55.14752661359614,67.76613488855935
159.5385925333922,5.68824239194732,55.12821060803074,68.14499943316824
156.58591556676436,5.63186140580364,55.22942020458707,68.2577614054556
151.74763300953524,5.680705945602078,55.21559749183599,68.16007232585872
149.03906374481159,5.7368218753108025,54.82366381035526,68.04784046644127
142.44719257395968,7.091734911510805,54.50927123899034,67.26631938162251
139.3466801540848,8.403691436647613,54.976538386319945,66.55365889548895
133.5176146658282,8.692937868800492,55.18752679797866,65.97516603118319
132.37956060213838,10.050125901940767,55.561272592054394,65.16315229820655
127.60117678265173,11.248195324848169,55.63872641800358,64.66287621499657
127.59302799065493,11.50230293955471,55.65502400199719,64.15466098558349
123.71339866485089,12.513706651302329,55.88706897336968,64.01365698214715
121.5741283153417,12.613812061822905,56.39893513659305,63.813446161106
116.40184061671752,13.267189438156542,57.301411016396244,62.506691408438726
114.30474813051748,14.576832093491923,57.73055167049425,61.769928256919
111.38319077975484,14.908151429977902,57.94007380170329,61.10728958394704
106.65417289116807,14.842713619816983,58.04388011108486,61.23816520426888
104.67080189267034,15.857602691244814,58.261558588709235,61.08291882109876
102.23083856767119,18.17647421215497,59.390384949992196,60.196276067993765
101.11988197519321,19.483721389631242,59.73282085189463,59.46125899609471
98.92657315180756,20.69911318642409,60.37280498070392,58.90379216149005
95.91011451723365,23.599283527881703,60.78198471384473,58.727189014581796
93.8846524355654,24.638429326207977,61.07650792360756,58.52709789471609
90.30282401626698,25.32970434463306,60.721576286115635,59.024194976888104
88.8496322034672,26.686987867577898,59.864077513779684,60.07351032893395
87.33863345331622,26.2514927572797,59.116069758587415,60.944500549530346
85.4586359078152,26.57459728353421,59.10230228452404,60.298291497021324
85.57487071339474,26.646215955456622,58.869832673364954,60.1550541531765
84.70052170678835,26.537277083878728,58.74789920864737,60.37293189633229
84.74806146019469,27.650876752261773,58.65281970183469,60.01785559568374
83.75982634765853,28.678980668249388,58.76422902464533,59.8267086659702
82.89260762218632,29.37892914984146,58.63484657710011,60.29063160127566
80.76252891383368,31.05435744915345,59.156901954427866,60.67787704202921
79.74884591776365,32.67495312132138,59.30091847412176,61.20338464258574
78.59271979760014,34.502620628802646,59.719319808608645,61.33575143930341
77.57997370399153,37.18775991278676,59.84228825299364,61.673044099831856
75.55129049685681,37.84447771219904,60.08016342482014,62.269354122228776
74.43318372118019,39.592300340286315,60.39354371281934,62.61937539276232
72.40555018884316,42.125322486704476,60.582295857216536,63.353103480341275
70.44173310209308,42.64998062148092,60.61450422112391,64.25150011558478
66.97297210433562,42.13349053434705,59.70301814415945,65.28448028985252
65.11970346377745,42.83516180257452,59.481797905356444,65.84501651335725
63.19481595234261,42.8738768818061,59.39344101181496,65.76758635489409
61.226360877121564,43.252263874913446,59.39743651914537,65.0108123686794
59.975843894848516,44.04732380480733,59.943703475453006,63.420692508891634
59.80159443618532,47.0688813470875,60.2922023927794,61.25491261467411
59.89160717402758,49.583041056942065,60.112176917094885,60.047162194144704
60.97666044735599,50.7096520739573,59.830558811808274,59.682428601484446
62.037345500939814,50.6379407148833,59.58751844389256,59.825851319632456
62.42200126777114,50.81808646959031,58.81820691022991,61.34232332903442
59.97250903386079,50.667035766582416,58.05198344339303,63.532827379936094
56.59812999267556,49.87555993274937,57.15912313636353,65.11577904760219
54.368263400161055,49.309722967649115,55.856707370051446,66.2474529778027
51.21759261720548,44.157843481580635,54.48881101553808,66.96466454940902
51.585392837171725,40.243882003794894,53.75321057560561,67.16739385146121
48.89138823094767,36.27373465612684,53.44867322942002,67.51762646861904
48.74963647333567,30.771839233322822,53.73217674464402,67.13377190777726
47.76674081610877,29.176415531557986,53.801307352072556,66.53129789725638
46.02679349484233,26.58220755571371,53.50409504041893,66.05405341766519
44.13713257737355,24.49139738071821,53.530537581842026,64.60635482738448
44.215314691349484,24.170489740885287,53.37417335389016,63.393516779707525
44.36983172274282,22.793702322946455,53.06513929110348,62.48011760320228
43.575370395475055,20.641640874211816,52.83960463835602,61.34086857882254
40.273338823650434,19.39711620874801,52.27057762021902,60.243372828857034
40.44832600812266,16.576513613849947,51.92060325127457,58.815718857666425
38.967452385655285,14.369897631916224,51.403261917983784,58.01031795419554
37.59149953496356,12.154475402998475,50.71753708200718,57.28471660599097
38.45516037296575,8.389255695456967,50.68684882477777,56.33198892719915
36.345834851652256,4.112942239648945,49.86136615041878,56.47772631050523
37.707823968774036,2.415765815067619,48.80785784267681,56.531139306664734
39.215146010074584,0.20027858697260825,47.447660548810646,55.99877339664999
41.01357115536772,-1.49737937079054,45.47523497097231,56.14523988668041
42.70288891636453,-2.9711066905884103,43.69150990787352,55.90287360848649
44.942881742923404,-3.5001560678166506,42.33616950055699,55.39864974004236
46.30619405583142,-4.613949404488473,41.142150195212324,54.56102577244326
47.64134689417081,-4.9115334526527334,39.972251108162595,53.65578727914273
50.45020168730744,-5.06503396095113,38.75721714309518,52.495229755337576
52.49911317487525,-5.935040957794744,37.51956812098612,51.37506979599825
54.326179687272344,-5.288973898738803,36.65113420725544,50.08293567788637
54.62273044299563,-6.624918450237683,36.05803269580886,48.67767463123295
54.90131727270239,-5.993383677322594,35.50085903639534,47.41460508540277
55.7955141850544,-5.436612163742101,35.01222815477439,46.30106205824178
57.303017257822525,-5.051480564178554,34.54695830961764,45.53079885911469
59.98213706382596,-4.875821133289964,34.21099753598747,45.17947999733751
61.439261189107846,-4.768635183307747,33.78625055220381,44.965108097373076
66.9287756794729,-4.088438849661959,33.918302646515684,44.839279993975055
67.72638668351613,-2.5915580900821595,34.792692073280584,44.31512990966679
74.70252781018348,-1.6535821897476488,36.973902796049394,43.6802160302365
76.6834643811183,1.6126424730827296,39.34454442825424,43.48028147865023
80.71997071561321,1.8101465222622757,41.682027063156724,44.386585293277676
83.77141915418602,1.0336009711294345,43.694326713996375,45.93967639554336
85.24921778049685,2.7614305102017624,44.96460457612338,48.11851747039694
85.37130691380835,4.509975726045688,46.18315969785142,50.47236059211333
85.19025778820878,6.737805004931033,48.06397237959084,52.09155975650367
84.51399061493997,7.338184854658174,49.41650672612846,54.03835700520628
84.495693857882,9.11707829276547,51.07864494688138,55.35720424890262
84.68813961496878,9.329584514636096,52.36621694894761,56.60465532140111
85.05793737465817,9.412144627033825,53.33894080645425,58.151854473491085
85.66099920501236,10.436070139173168,53.88465632198451,59.60768180168975
86.3836183488127,10.682639391395455,54.222555063382174,60.89768032624353
87.27435573335438,12.004019134359943,54.24960795523238,61.87197616218167
88.25586513854572,15.128710094336753,54.11063097034483,62.91876154420852
91.64115002346594,15.724718870116298,54.692015275995956,63.56473251152232
93.96546821596452,16.839306780863666,55.61519734154924,63.19282950687774
97.14047400184259,18.05693140017042,56.73037387344586,62.62387729417743
97.09204353085235,19.85715156869814,56.82723481542634,62.773959408510656
99.93021346174241,19.806910526109277,56.7882942690051,62.87444149368838
100.97169767669223,20.815783415962088,56.58539880184715,62.736768676724424
102.11018396317347,23.562122693516567,56.18313169624841,62.86820652370677
102.49000627355056,24.39239770285411,55.423487075494215,63.07799050395268
104.68029170361099,26.242529865911077,54.76583054662481,63.10064050909016
105.97412623797376,30.770000582585478,54.029451144373795,63.30214740811419
107.04593478137059,32.317760373205736,53.728434267518715,63.891828246750734
108.11742123692764,34.49691083688004,53.43231135518733,65.07407731575024
110.02283094653693,35.836784230485804,53.34199730206436,66.11483589463433
112.08317292008724,38.14699367472676,52.97081693482265,67.1186723759408
113.96456842296543,39.75233226669879,52.976226374702634,67.6761956376331
116.71230408048783,40.506809166567024,53.15886136875617,68.0599439409294
116.52371283098785,44.95753138483112,53.53604386775612,68.66611544332018
117.31740376140121,44.720680111472895,53.86555806034242,69.13981799003663
119.31555183905081,46.545864350849214,53.72820910721747,69.34839671345824
121.22647282539987,47.46937475130477,53.7672144191224,69.43179955484865
124.07273726571164,48.41548073340294,53.87167280390682,69.47191667912163
125.95854607783076,51.25594120555239,53.96933151427895,69.59491023673834
127.74852024580645,52.25677743688571,54.2655839253115,69.53133814756364
129.52954930195887,53.31668718823941,54.58741001008917,69.3534607433975
131.38146827154858,56.511546693070905,54.772468205089986,68.79708593500492
133.09349461560947,57.78175042369916,55.2263017562841,68.19562159340636
136.5240352231802,59.084690355393505,56.113520746792034,67.52681678143
139.15838156598153,61.13075936559524,56.6681836427437,67.31691581539613
144.97229145474486,63.00086334377893,56.721232214651614,67.4703306421736
146.9550687940606,64.04595548706484,56.655727822261426,67.33017149872242
150.8227391948023,64.96402601356304,56.70764799781639,67.44084568998562
154.56722269418174,65.14773638926681,57.01609315750437,67.07342493857809
157.09894321192914,66.30147415154738,57.79859860979427,66.71459824327853
160.67332573920794,67.58647216553653,58.47245899991756,66.10025857647042
162.55251792340755,68.91321936676064,58.62793474103893,65.40369422878251
163.62489382479941,70.13552044551895,58.43180018137743,64.90770931438809
164.57526577245255,69.97557933963104,58.46885527725986,65.2275915261639
166.6121110336381,71.1705339031979,58.281866827978035,64.78103343557478
167.5318047216071,71.97019458561316,58.3759247577803,65.11515737648458
167.42003675648965,71.69192216562018,58.5994606880152,65.6717022164705
167.4057055901444,72.61148941228845,58.62812302070567,65.78488582652993
168.37758913933723,73.49584498990657,58.638885183412455,65.9707039323861
168.50616956835285,73.30970438444477,58.38172432538124,66.3429851433097
168.55616655393627,73.30707542753926,58.28173035421439,66.34824305712073
168.63271339302992,74.2662384427261,58.12863667602709,66.38763834429491
168.35756440878976,74.27989642989232,58.6789346445074,66.36032236996247
168.446728678328,74.21321384243515,58.500606105430975,66.49368754487682
168.50145101403905,75.16227812746757,58.391161434008815,66.55902776722647
167.71282217984253,76.14597819776418,58.00568844890519,66.55435828012996
166.84095918066367,80.17520923751135,57.79291964324064,66.3218754167246
165.94633566638004,81.7796163831187,57.632668483052825,65.062559314265
166.32372610206795,82.27510189861424,56.877887611677,64.07158828327391
166.15181840095232,82.7368717938495,57.2217030139083,63.1480484928034
166.19586066494884,82.80913893791667,57.133618485915264,63.00351420466905
166.26625040011666,81.55092542930164,56.99283901557959,63.63236750791853
166.20879869443877,80.49845752725784,57.107742426935374,63.842213962092224
166.1322690875721,79.34881004169642,57.260801640668724,64.24133441926297
166.35360315111382,78.92809511133342,56.818133513585266,65.082764279989
167.55258733410614,76.69058785088878,56.33491939571564,65.72827030464825
168.5769109445585,75.63529938876886,56.20325627902726,65.92186312467176
168.83259412153808,74.58688115807064,55.69188992506808,66.10084191430593
168.65529246158192,74.69619692808715,56.046493244980425,65.88221037427292
168.92955760010076,73.51835925500534,55.49796296794272,66.32315456028473
168.71278658253095,73.78754832356152,55.93150500308232,65.78477642317236
168.53844704285592,73.89250309301647,56.28018408243244,65.57486688426246
168.37474695057455,74.06546675169272,56.60758426699515,65.22893956690996
168.3704737031963,74.13720512901779,56.61613076175169,65.08546281225982
168.39443972929044,74.2727079566067,56.56819870956338,64.81445715708203
168.4642774645344,74.41187143089115,56.428523239075474,64.5361302085131
169.52535565148057,74.3448006454304,56.20643997832049,64.67027177943461
169.49708108023725,74.29136571677675,56.262989120807134,64.7771416367419
169.40520485746407,74.23997277253292,56.446741566353495,64.87992752522956
169.3190962711658,73.20739568664813,56.61895873895003,65.03940335361472
169.2576908632858,72.87262333591133,56.74176955471002,65.70894805508831
169.44097468589842,70.49936797146603,56.37520190948479,66.60904808663958
170.4482115170005,69.1502724686038,56.2919341306885,67.37603320895616
171.3448179139221,68.02694500438142,56.44039282041716,67.68101665382906
172.2311482206831,66.76751629409857,56.61648181267323,68.25112446861667
172.2265858696457,66.50883530048728,56.62560651474806,68.76848645583925
173.33075622064297,62.769017437646504,56.38570577071263,68.37436234968418
174.4257770766558,61.152998846585476,56.15418644287426,67.68935476343165
175.37812158454742,58.451040726914286,56.19376843508163,67.2604579788024
175.8684164275941,54.992811772466204,57.15149373557799,66.42365594133948
176.48959406715278,55.60796971652714,57.84993892911828,65.19334005321761
177.4049116882569,51.31372581220127,57.95225309260972,64.11708083337075
180.13850169245637,51.89120227491049,58.23875151673728,62.96212790795231
183.54993897978494,51.945177551169586,57.12936133932648,62.85417735543412
183.94790759217372,52.69067397544803,58.21861080019822,61.36318450687723
183.81695660814646,53.185452477981855,58.480512768252765,60.37362750180959
183.8673001442981,52.72086898292616,58.37982569594949,59.434878662432375
183.88845751527714,53.147471080556016,58.33751095399142,58.58167446717266
184.0318041637844,48.95602149041517,56.21325414222985,59.61431958846625
185.39429981215756,49.500002892300785,57.128685196015994,58.52635678469502
184.29857748654157,49.32994618458642,55.68480334903706,58.86647020012376
184.95430047144458,49.735988392869395,56.1735322132694,58.054385783557805
184.71165574863952,49.996721296201045,56.65882165887952,57.532919976894505
182.7410251352225,50.068827520841246,57.01071217364205,57.3887075276141
182.70829769818724,51.805033322161584,57.07616704771253,57.512216064459224
179.93017798020543,52.54591051888334,57.22961915225164,57.831390781490555
176.19041542855615,53.076719890769,57.4757273286252,58.578126269450486
173.30546029981232,53.649631562102414,57.773806044601926,59.25624677395396
168.69247952657307,54.3342759025018,57.803417930267706,59.726228025317745
166.54223558514005,54.30187887154349,58.40971222197179,59.79102208723437
162.84298865352244,55.161883686216,58.37750932881336,59.92868664698775
162.565484456029,55.073870147121205,58.932517723800245,60.10471372517735
160.47786266117643,55.100802357213254,59.366101117781966,60.05084930499325
160.2482391405665,54.9239277788879,59.825348159001805,60.40459846164395
159.13748106700194,54.69635363014214,60.15727159455764,60.85974675913547
159.14864743108168,54.50020150813132,60.134938866398144,61.25205100315712
159.21040148653188,54.32511537431618,60.011430755497784,61.602223270787405
159.18667247597116,53.29427552745632,60.05888877661921,61.75259870637484
159.0703701522407,53.279517352938626,60.2914934240801,61.78211505541023
159.23974365684387,53.22969727777158,59.95274641487376,61.88175520574433
160.0346227301267,53.19158657266785,60.27774428642898,61.95797661595178
160.3255105705926,52.112704667880095,59.695968605497185,62.19466394339139
