367.5,177.5,17.0,17.0
367.0693483818656,176.81431549629673,16.861303236268768,17.371369007406543
366.85914195904434,176.6528362301527,16.743712066374684,17.69432753969458
366.90453482979024,176.51664638946573,16.652926324882827,17.96670722106854
366.9228199128037,176.3722585312204,16.616356158856,18.255482937559165
366.3950046731173,176.29250252838813,16.57616162951428,18.414994943223725
366.4274426374039,176.20334789755333,16.511285700941166,18.593304204893347
366.4314501754801,176.09697648369192,16.503270624788698,18.80604703261618
365.6095115759071,175.75258871000247,16.48321630643627,18.9401787408289
365.59168434690724,175.97219337844047,16.518870764435974,19.05736621172062
365.5882505093104,175.61774634121545,16.525738439629663,19.20748248299221
365.6010226342543,175.5499427927964,16.500194189741844,19.34308957983031
365.6037985708702,175.497411554272,16.494642316510074,19.44815205687908
365.5369596575508,175.47885427533802,16.628320143148784,19.485266614747072
365.2044625662067,175.45414500910238,16.726179834398266,19.53468514721834
364.0616067356001,175.7135071225481,16.73402770511483,19.585426867951075
364.3090205931944,175.41761481430896,16.80957426110267,19.606837213252852
363.9661507037198,175.6670657991687,16.92339818969149,19.67985109389369
363.9016057407621,175.36880358562706,17.05248811560697,19.701508839616473
363.5434173345506,175.3774016698427,17.191596148102818,19.68431267118521
363.1585206241149,175.34972637335196,17.382160496779992,19.739663264166644
363.05048669799856,175.2896209254104,17.598228349012597,19.85987416004979
362.6431079401533,175.25030967694863,17.8245436761556,19.9384966569733
362.5917430156046,175.26157268303712,17.92727352525301,19.915970644796353
362.2359740279386,175.24065921556124,18.044252984813,19.95779757974812
361.853509603387,175.16166570203228,18.21211134344502,20.115784606806034
361.72713379147876,175.16058851890782,18.46486296726156,20.117938973054958
361.3299804151592,175.11061214340404,18.652921462587138,20.21789172406249
361.27299871284765,175.0905348278802,18.76688486721021,20.258046355110185
360.87015748111514,174.71265214477978,18.959343012837337,20.40058740347316
360.81720781885474,174.7076571729357,19.06524233735822,20.410577347161272
360.441708281129,174.6263078927307,19.195908735358547,20.57327590757133
358.84437518165527,174.8755807645363,19.265876438098548,20.699669863201606
359.15273237241274,174.4453234650436,19.277180513330634,20.93216600543997
359.17126982530067,174.38324558613058,19.240105607554877,21.056321763266013
359.16152292669034,174.36354332888405,19.259599404775464,21.095726277759063
359.16042111096255,174.19316852698617,19.261803036231058,21.436475881554802
359.1508797807951,174.42220290305283,19.28088569656592,21.61781382945995
358.8047552787159,174.03528104842678,19.33061227696762,21.749135114955337
358.4631173053576,174.25067231896946,19.36853783187762,21.96370296567654
358.4240063780353,174.20668494166978,19.44675968652227,22.051677720275894
358.0705035702413,174.11216960457594,19.501876244040727,22.24070839446356
358.07915056592526,173.72942411637825,19.48458225267286,22.35050510797153
358.12759561938145,173.90874776788294,19.387692145760475,22.648973071356686
357.8141857944595,173.53821042440651,19.3543403071863,22.72987626989133
357.47602968685965,173.754998210417,19.36976869492345,22.95718452533287
357.1741535240287,173.7294455630057,19.308887956138435,23.008289820155472
356.53909315860346,173.6414272267788,19.250126249953116,23.184326492609294
356.5582431550008,173.55124124824607,19.211826257158457,23.364698449674705
356.5522624727069,173.4482575014558,19.223787621746297,23.5706659432553
355.2492980070308,173.01709528456408,19.142880267901475,23.761281305739427
355.22683727064214,172.9459779554345,19.187801740678708,23.903515963998615
355.187874504926,172.81323530483223,19.265727272110972,24.169001265203093
354.7710920603776,172.3513253207846,19.41774138025566,24.41127045234616
354.70920639234396,172.29120381378044,19.541512716322885,24.531513466354482
354.3097396021454,172.21404251121731,19.64888629895723,24.685836071480754
354.2339743606425,171.82234154437285,19.800416781963058,24.773579433849022
353.8345012779118,171.69198392342233,19.899909446544953,25.034294675750065
353.7534958080658,171.5868496255162,20.061920386236952,25.244563271562278
353.05722401555323,171.48428778807735,20.03268270176964,25.449686946440018
353.0195611981688,171.40498993673512,20.10800833653853,25.608282649124465
352.6227682496889,171.33322957902018,20.184398993460672,25.751803364554355
352.55126829093217,171.33935363725112,20.32739891097407,25.739555248092497
352.22337314743913,171.2720760843694,20.260431540242358,25.874110353855954
351.51251356825014,171.22670414728987,20.234697546349114,25.964854228015
351.47387569654234,171.13886802096673,20.31197328976477,26.140526480661286
350.4253755648349,171.08951397788255,20.223088284656676,26.23923456682961
350.06420434219814,171.0190244658863,20.216742138494656,26.38021359082212
350.02994306877565,170.90951820947083,20.285264685339627,26.599226103653034
349.62862658900156,170.81665381793476,20.352714979992744,26.784954886725203
349.5663054557058,170.7117395737448,20.477357246584255,26.994783375105126
349.08593865104314,170.5810227254703,20.69376026432203,27.256217071654156
348.9420728050855,170.495590895109,20.981491956237257,27.427080732376748
348.81641926844736,170.42284375172068,21.23279902951353,27.572575019153383
347.57074016943824,170.4212768233025,21.427881347518408,27.57570887598974
347.07546799438927,169.97546922187598,21.649781863223108,27.698680244449502
347.0431141323208,169.896433377117,21.71448958736002,27.856751933967452
346.6221868042129,169.85409186446697,21.77875869847614,27.941434959267568
345.37995206917367,169.78483596167789,21.92346492063612,28.079946764845715
345.33621143439757,170.08622874499838,22.01094619018828,28.26154506113864
345.32541004947143,170.07486125552535,22.032548960040536,28.284280040084695
344.88552609807067,170.00008298640512,22.123044245022385,28.433836578325174
344.07058763759596,169.89330982701176,22.16687377933087,28.64738289711184
343.18274596255054,169.8453684452467,22.34857271421275,28.743265660642024
342.7206233188932,169.37545771341823,22.47141154646129,28.881680669232832
342.23256752068977,169.23758844687907,22.642010303405307,29.157419202311118
341.7547250441031,169.56299006704637,22.785205752193782,29.31910546636144
340.899524637721,169.00847056369884,22.861043519198642,29.610862950176895
340.8356185609197,168.9248938860555,22.988855672801314,29.778016305463616
339.6192659942244,168.87460472600662,22.938797843671214,29.87859462556134
339.17984838883393,168.73600068928377,22.98932713596193,30.15580269900705
339.1537490788416,169.08316671729204,23.04152575594665,30.294819644756224
337.49815990969205,169.00631191568004,23.007445287987533,30.44852924798022
337.4192944146757,169.0153576304077,23.16517627802024,30.43043781852493
336.97223366349516,168.97011383640515,23.218905237918044,30.52092540653003
336.0629953112183,168.8840154798387,23.352092624827414,30.693122119662902
336.01414396916607,168.53217513996364,23.449795308931783,30.54936835940971
335.0345259064975,168.5107733672976,23.715358147960263,30.592171904741797
333.80295891872305,168.34195657607063,23.623071436009063,30.929805487195733
332.5249065788753,167.9559956322842,23.612827011793105,31.701727374768524
332.4005839026749,167.600651769063,23.8614723641939,32.412415101210954
331.8804588510616,167.2582396327545,24.01985851667272,33.09723937382795
331.96600516172015,166.98046181348482,23.848765895355506,33.652795012367335
332.5590553050078,166.31864129525738,23.563087767509355,34.07601389009305
333.2466499298567,166.3501774274784,23.089995448888022,34.01294162565105
335.3977727154012,165.6010876548697,22.361068266900702,34.61779157359304
337.6030236388,165.93442751671188,21.511744952801806,35.73170111625804
335.0769547338751,165.94933148925804,22.100512935839358,35.70189317116569
328.7454674143863,165.3607419455528,22.1338268780775,35.976953637380525
328.6616973149561,164.7500187455432,22.301367076937954,36.29162777823569
322.62262916484445,164.52543735459042,21.57977578076145,36.740790560141264
322.63688243488593,164.84746014140788,21.551269240678494,36.09674498650632
322.4500485819388,164.9158324699833,21.924936946572792,35.96000032935554
322.142920268461,164.92201722832678,22.539193573528312,35.94763081266856
321.85479155240125,165.26664184975783,23.115451005647856,36.17150845786654
320.69840518113017,165.09080669385244,23.576029565972856,36.523178769677315
320.3466760816316,165.1001079138752,24.279487764969954,36.50457632963182
319.5625512881622,165.62648204249072,24.8972845855388,36.40228083877069
316.9924895051978,165.54400546422303,25.241667143724843,36.5672339953061
316.6247574687853,165.60594314442199,25.97713121654983,36.44335863490816
315.8900303959172,165.5682762531947,26.46901910682911,36.51869241736272
314.7297542046386,165.48546165776895,26.81600976471917,36.684321608214255
314.50664326307174,165.384914716681,27.26223164785294,36.885415490390116
312.4043809018231,165.22196699567002,27.44544739380131,37.2113109324121
312.16859896253106,165.17174068033168,27.91701127238534,37.31176356308881
311.1014225261056,164.93701511277175,28.00636826987565,37.78121469820865
310.90449074451124,164.3744317395037,28.400231833064375,37.87529726240564
307.6946409884411,164.22910618842118,28.586253031987525,38.16594836457067
307.49545513825257,164.09082271734846,28.984624732364686,38.442515306716146
307.3253107691058,163.89643448110263,29.32491347065819,38.83129177920776
306.59040656544386,163.6805842208377,29.726161018086497,39.2629922997377
304.8754219594767,163.52177011520763,29.911129262932583,39.58062051099779
304.23506629359,163.33162691526147,30.102328149898383,39.96090691089013
303.00196946784257,163.2601717562048,30.37169833841714,40.10381722900341
302.28034313551876,163.08451718148942,30.709974077705617,40.455126378434215
300.99927952609005,162.3493825156367,31.040434224195387,40.8095621739558
299.8229694872872,162.08989470150306,31.13983423684563,41.32853780222311
299.10748845797707,161.88160782221883,31.434673570581083,41.74511156079154
297.86223078644383,161.68251098524374,31.630661281151816,42.14330523474172
294.845696257984,161.5642210502229,31.88116736389791,42.37988510478338
294.544185329358,161.42961037444715,32.48418922114995,42.649106456334906
293.8018772544755,161.1404904414607,32.7906859602722,43.22734632230775
291.3898523854239,160.8588534400572,32.84709375285125,43.790620325114766
290.60312181471255,160.1260331223191,33.219161820007486,44.054867886324445
289.2593033302383,159.86470909479024,33.48384014941753,44.57751594138216
288.51684935922776,159.59399509521776,33.745007688653,45.11894394052711
287.7363244143281,159.42130285955307,34.06982927748605,45.46432841185652
285.71738196709003,159.20932382066442,34.3673821264895,45.888286489633785
285.5053664770146,158.90374782205487,34.79141310664037,46.499438486852895
282.8516994372238,157.9730066260269,35.00162663145743,47.0866407402177
281.9946058307755,157.7871663406162,35.42918475511255,47.45832131103907
280.472275041854,157.67596719070872,35.87533337676583,47.68071961085405
278.91221357438576,157.38178681778646,36.37562112356579,48.26908035669854
276.6644823403192,157.1624317236117,36.890020323411946,48.707790545048134
275.7049078804469,157.07108199132358,37.46709028261499,48.890490009624344
274.1362061624792,156.82882660812618,37.895977431936664,49.37500077601915
269.84192586341544,156.47766452645396,38.27284181150475,50.077324939363564
269.5027835147243,156.44313751672584,38.95112650888704,50.14637895881982
268.6636599833145,156.06997980855837,39.23184687298321,50.89269437515475
264.26903559652794,155.894166632776,39.54029675593874,51.244320726719494
263.97454531146235,155.43986690062408,40.1292773260699,52.152920191023334
262.9878578644718,154.42883066645075,40.655389102121646,52.72772954144052
259.18156715015243,154.09952842617727,40.94508307395567,53.38633402198745
258.2164648663696,153.63787706077267,41.39596463674144,54.30963675279669
255.74828602490632,153.3046066298532,41.83016342402148,54.97617761463559
254.0016647978365,152.86053570344984,42.287535859142594,55.864319467442314
250.75948363767338,152.52974713731086,42.616304589203764,56.5258965997203
249.78932027771552,152.37187214802051,43.00231340623024,56.84164657830098
247.21860795942268,152.1200994099058,43.44749939301394,57.34519205453038
245.30000262995642,151.18428670923527,44.12405476225835,57.636489811027474
244.20653602983154,150.88806224356622,44.7152077884643,58.228938742365514
239.13038359175175,150.8434741761189,45.18097797322653,58.3181148772602
237.18071154298883,150.7206650518865,45.83361251719727,58.56373312572501
233.2786340599298,150.46673080520358,45.449268043568196,59.0716016190908
231.28017094941873,151.24794771365714,46.16779367529317,59.148368096832286
227.43181213345946,151.26481530869438,47.25632549302419,59.11463290675775
224.46238242556564,150.92983511379379,48.18766477650016,59.78459329655897
221.7000255040517,150.5937287790529,48.62890506841321,60.45680596604076
218.09372192337725,150.04808479108436,48.99384036680682,61.5480939419778
215.09218388895292,149.378534137198,49.79335147038904,62.88719524975058
212.21157253726403,147.7883958157484,50.250741920958916,64.29952780838046
206.50678529727858,147.35348330313644,50.87872644236991,65.16935283360434
205.1331304862052,146.77028851132297,51.80563674952676,66.33574241723129
198.24492456052718,146.2970841267939,52.60933384814257,67.28215118628947
196.88417448747464,145.56590429735374,53.45010052318585,68.74451084516976
190.6682670317789,144.92315877095507,54.381737445510424,70.03000189796714
187.9783898594114,144.48290095445145,55.85862087325253,70.91051753097437
181.50162098685655,143.7595660922682,56.879098186299444,72.35718725534085
178.86502240268857,142.0188004159393,58.09732146803361,73.81123166469779
172.08285588087827,141.38541627130394,59.244955601508806,75.07799995396854
164.38554607467853,140.86670817757837,59.88772538653653,76.11541614141966
163.02878326740716,140.1012039523445,60.46757540741892,77.6464245918874
154.761800406738,139.57908565274914,61.83635698918623,78.6906611910781
150.83975960493262,138.78917651799011,63.066617415531724,80.27047946059618
144.62865634347284,138.08780316645527,64.24539385036708,81.67322616366583
138.5390245756801,137.2472941930806,64.97852822841891,83.35424411041521
129.44740874699917,136.61503864580658,66.8742800896224,84.61875520496324
123.77857415711824,135.98652526614876,68.70457910407823,85.87578196427887
116.97426927667003,133.80941244287635,70.18467631938253,87.80430510170525
107.58125563823899,132.96342168747617,71.61658012614912,89.49628661250566
100.88083382399526,132.0355002338362,72.3763274018877,91.3521295197856
93.72327974484321,131.1993737121727,73.84692301620079,93.02438256311254
86.30821282994353,130.41236978731024,75.5856167860232,94.5983904128375
75.79531602983661,129.35936701183232,77.917840100944,96.70439596379335
65.41179233285311,126.85833852857083,79.50161793237677,98.96598584995431
56.39566325023493,125.81394459338993,80.72966375566182,101.05477372031609
47.42715153112546,124.37896079279288,81.55147367105809,103.9247413215102
36.986263805189644,122.8766670913564,82.06524138067708,106.92932872438317
27.173983454110363,121.77857415990685,83.90651770692959,109.12551458728225
15.87515935318325,119.29843833765806,85.31314278595187,111.0584972142324
6.253590017624603,116.71377344390191,82.99896292035385,116.2278270017447
-0.03535538235798441,115.98297489976378,79.9758336170265,120.80962811067945
2.26126805341859,113.23189386334336,75.38258674547335,126.31179018352029
2.8556545719688344,111.87044038801288,71.049344828202,132.1791660143521
3.4414238382681503,110.36081434494933,66.72023480217038,138.35598959391214
-0.2722163490520728,109.88418436325506,61.45412808259452,145.65594310440883
3.3373780584572508,109.66668008707263,57.42175445537479,152.4645820323715
5.058932686044603,121.98020555196527,57.19131914511721,150.32624871700614
14.1781659822364,131.20549812399423,61.19843725074955,144.58742625752876
34.03958683492801,132.79366958698552,62.645144326236405,141.4110833315462
57.28827313967207,135.91947746000267,63.34550676950465,138.30598325569568
