154.5,46.5,9.0,19.0
153.66451017965682,45.927642127293595,9.238018413047152,18.711754517773592
153.77507072653145,46.49113574439474,9.449790698381076,18.45055404173772
153.67456376202605,46.17889524648753,9.650804627391912,18.2095720547135
153.59034088137727,46.505846293189755,9.819250388689435,17.98832137345113
153.50725327820481,45.522574003767545,9.985425595034345,17.793469905223525
153.4279767846554,46.47018470878074,10.143978582133162,17.627198260655536
153.338083980225,46.505932244417195,10.32376419099396,17.55570318938263
153.24347530437907,46.29452647703036,10.512981542685843,17.544062092069012
152.2990110466656,45.22101694450963,10.6520288977073,17.503729706603643
152.23060305204203,46.108648648560695,10.788844886954468,17.485305823381225
152.15582142436904,46.07156946179859,10.938408142300457,17.55946419690543
151.27339306305555,45.13864623805422,10.92389187670426,17.645937656171036
151.26630251963093,45.0848279779919,10.938072963553523,17.75357417629567
151.25685431313696,45.01215045374546,10.956969376541462,17.898929224788553
151.24223240177025,44.90752079502498,10.986213199274879,18.10818854222951
151.24900944175369,44.83626301391774,10.972659119307988,18.250704104444
150.85149599383155,44.9735163255119,10.856284494447989,18.4318982416078
150.4508490564159,44.18875062684143,10.744723564277905,18.63214743144661
150.50341860602228,44.12415002826238,10.639584465065116,18.76134862860473
150.3315449937568,44.04537605346521,10.525697605991356,18.91889657819905
150.13836013886737,43.985864166105785,10.454043674608297,19.03792035291791
149.71768991785066,43.91568371727458,10.378270040660674,19.178281250580312
149.73581788403345,43.392170255828894,10.342014108295055,19.306649048574823
149.72265541411352,43.83444040521151,10.368339048134958,19.34330231380347
149.51133792598105,43.09157927294541,10.329388355824165,19.44426757260849
148.5825742216485,43.27711734081732,10.337307760983993,19.535593437740975
148.5723288150845,43.208509911299544,10.35779857411204,19.67280829677652
147.71814034934445,42.86083803801722,10.20120294335806,19.901908902782655
148.031322717859,42.7920238718184,10.041748153807285,20.039537235180294
147.64827853576875,41.76847783358265,9.87548981411163,20.22193590389943
147.4439538998177,41.94505517149716,9.818180140829185,20.334740173254957
147.9619224423592,41.632192982916266,9.715460260586982,20.493855947996344
147.996615836796,41.60087375963161,9.646073471713422,20.55649439456565
148.03275657951164,41.57176160808945,9.573791986282137,20.61471869764996
147.5875042370522,41.27966042767855,9.531444683276396,20.73249506450945
147.6189153193235,41.245298002002286,9.468622518733781,20.801219915861978
147.4382657706084,40.95933331763129,9.36262812746136,20.90585579590135
147.47464387013287,40.44568169179607,9.28987192841245,20.999255086179083
147.28612195835632,40.677734704154034,9.199889631277506,21.00217518215115
147.12746000485424,40.42440675191709,9.051727666757008,21.043345215100352
147.17027888586628,40.20426552703235,8.966089904732938,21.02015786518394
146.99122826513576,39.74476119057309,8.862567797709959,21.01591984113445
147.4657614206006,40.024558611440405,8.832965761283305,20.9160571366513
147.4879541967024,39.82412496540529,8.788580209079653,20.859155505798828
147.51575733163781,39.38587700681363,8.732973939208836,20.823324532591382
147.54097449439735,39.628066248580375,8.682539613689745,20.793608881625357
147.56877382469534,38.97114397985251,8.62694095309377,20.747429002903054
147.58826447166248,39.22362695372086,8.587959659159454,20.694154124683195
147.33633379476976,39.073301948075546,8.641588162817564,20.544571285846448
146.2640106599785,39.076707629380834,8.541093453487747,20.53775992323586
146.31791635784828,39.0737161885433,8.433282057748189,20.543742804910934
146.14788665505696,39.0983020479095,8.328018194913827,20.494571086178535
146.17391828514724,38.67911941042953,8.275954934733312,20.447445537334847
145.99665956223967,39.13931521519828,8.189330522406454,20.409337644081297
145.80953988399256,38.94976858901746,8.12451786362815,20.34937888117042
145.82124712133879,38.52106874788397,8.101103388935703,20.33270681607807
145.8168630979849,39.00299298901075,8.109871435643468,20.241616364749778
144.76346778788485,38.56209209293098,8.04052563636179,20.252963589116604
144.7513190674311,38.14209817263712,8.064823077269315,20.224643907952935
144.31469618318175,38.36939830127449,8.069707676724963,20.204224235199696
144.52778898724557,38.354256474366196,8.077496541650111,20.23450788901629
143.45557164433743,38.323024025999295,8.04919036642191,20.296972785750086
143.88805093223493,38.31721488537707,8.054111835526186,20.308591066994538
143.64351298081593,38.59146404166293,8.107993146969472,20.19528734581749
143.42843136733472,37.49499204359851,8.103627998240809,20.215589463491057
143.6501724581145,37.26889847031514,8.09488803767384,20.233034389065242
142.39362172844508,37.43456680242028,7.998967385932267,20.336534743368368
143.30348388213605,36.958403423353055,7.917686982316688,20.419639549619617
143.3143093137895,37.117429013507504,7.896036119009784,20.53593739686179
142.4673350537,36.88157903235411,7.8474750184413455,20.572009953981716
142.699307839503,36.642615129365,7.818802656068688,20.614664550726623
142.70040787228925,36.875344801633986,7.816602590496192,20.584574318437355
141.65247581609006,36.61471673470905,7.737971617594185,20.67093143522716
141.65678252853567,36.40222229448958,7.729358192702976,20.661198943899112
141.66656195323765,36.20676181474263,7.709799343299048,20.61769261105935
141.66973830584433,35.78435287534539,7.7034466380856585,20.595603571814117
141.4797746812971,35.77312341589093,7.650350504370152,20.618062490723034
141.47979289966042,35.73251085630758,7.650314067643455,20.699287609889733
141.4693491161302,35.58656259628984,7.671201634703963,20.557635530781017
141.46550607984804,35.4232526278922,7.678887707268243,20.452354995683226
141.4689787468159,35.2494232643826,7.671942373332514,20.369480240477873
141.26797603389556,35.92459287126196,7.64472441040785,20.306811193015278
140.64754244937885,35.52253564541799,7.602077949583511,20.25524989146472
140.65458039502852,35.4982603167644,7.588002058284207,20.303800548771896
140.25323795870742,35.47346387414089,7.537137190381577,20.353393434018905
138.78109049798803,35.22415410374667,7.495456265693477,20.42544499678923
139.00169709729292,34.965844844491144,7.481088917785944,20.51521766459801
138.98707364837963,35.158653592976776,7.5103358156125095,20.557468421031963
138.96067368544993,35.12619143096187,7.563135741471895,20.62239274506178
138.92962014958047,35.08834403601709,7.6252428132108445,20.698087534951345
138.70761970766293,35.091179608790256,7.636164072393571,20.69241638940501
137.40355935846844,34.886441844883095,7.645111994734402,20.66869645454464
137.81743939535954,34.92536131377452,7.683387608403723,20.590857516761787
137.794636524134,34.732587517038546,7.728993350854794,20.543810466266056
137.1610294828384,33.86161463807703,7.6979810278530465,20.554787683398406
137.14398827575863,33.871067016260625,7.732063442012506,20.535882927031217
137.12504066809774,33.86370920194601,7.7699586573343025,20.550598555660443
137.099010190364,33.869048400455966,7.822019612801816,20.539920158640534
136.86989753243662,33.8722834048515,7.8458877842875445,20.53345014984945
136.2197102796232,33.869744989536606,7.84218412557095,20.538526980479247
136.19103649640073,33.87314413526576,7.899531692015902,20.531728689020937
135.739472454909,33.70588222627746,7.931400247047328,20.43062274302153
135.7146779272815,33.69807303839164,7.980989302302293,20.44624111879317
135.71161912177334,33.68009831459586,7.987106913318646,20.482190566384727
135.7200052707972,33.90850482253859,7.970334615270948,20.461865247870314
135.7178593836739,33.5147252749647,7.974626389517539,20.3776317084463
135.2911123161382,33.25970792359624,7.958589736351493,20.452901017064484
135.08541118952243,33.216998533936724,7.9344342819547045,20.53831979638352
134.0432022694978,32.534402349850694,7.837105018426328,20.594463902409018
134.4978890244025,32.55494604141273,7.7985485976073985,20.553376519284953
134.50340431306884,32.151134965519,7.787518020274738,20.492741761891853
134.7104955655171,32.37840532732059,7.806398227537551,20.47126375044803
133.2183472222406,31.291342187079778,7.759036194703887,20.479919517082013
133.904774891519,30.417442618335674,7.68328451614823,20.49824710790204
133.9289794252176,30.62455704812902,7.63487544875104,20.51528702287433
133.95381514649762,30.81993200711714,7.585204006190947,20.555178490692352
133.763540608625,31.266893329126006,7.535436367686614,20.52188927517385
133.56134694552478,31.1015942321013,7.510879626279881,20.42354340161611
133.57593648606218,31.091274344715494,7.481700545205083,20.44418317638772
133.58278892320504,30.871427546969798,7.467995670919338,20.457011514359582
133.58060532949628,30.87874790397189,7.472362858336824,20.442370800355395
133.37653004170315,30.668155754734947,7.453842537184595,20.436884202090734
132.9712659333658,31.079628054609124,7.4118541057967935,20.466456250404836
132.98013868531933,30.844849325252284,7.3941086018897275,20.510091657078515
132.9875445541612,30.614216808988598,7.37929686420603,20.54513288567484
132.99312623283816,31.236378938119408,7.368133506852077,20.580175732727042
132.9912394062676,30.79356357870267,7.371907159993198,20.61229965809384
132.9730579372198,30.165767033736437,7.408270098088817,20.586053719643115
131.48349261995196,30.65813733569028,7.394457754137122,20.45643968101752
131.47308491848636,30.68670789946599,7.415273157068338,20.399298553466103
131.44931948023662,30.487182295280935,7.462804033567824,20.37332423100431
131.423917761584,30.26471179740231,7.513607470873081,20.39275255517105
131.4037156524488,29.842994740848855,7.554011689143447,20.3827741840608
131.3808259790472,29.46325813482086,7.599791035946705,20.287663967347132
131.14453360377007,29.713816818835564,7.645619565454896,20.213302820363687
131.34006463233212,29.727562063695736,7.681073838717044,20.185812330643348
130.89396391041095,29.54422034983453,7.71975633793075,20.125736286051442
131.08039401774806,29.34191386111762,7.7734893365264845,20.103756050215274
131.06950209711647,28.913298503050292,7.795273177789702,20.106504622150705
131.06095496719016,28.896053467340764,7.812367437642321,20.140994693569766
130.82701009335366,28.91160511715485,7.851786483186631,20.10989139394159
130.5919615258543,28.924500142212715,7.893153518043349,20.084101343825864
130.36033327404454,28.936378019170498,7.927310344881542,20.060345589910302
130.54700642539,28.962174988652194,7.983332943034311,20.008751650946905
130.31524591571406,29.005863085411008,8.017226121824113,19.921375457429278
130.5204661611939,28.616529121702982,8.035762449860782,19.842089746852697
130.5055975865346,28.425517589846915,8.065499599179347,19.795945376875473
130.07533826646656,28.399773411122737,8.069952384277585,19.84743373432383
130.02618436888164,28.221105534703767,8.168260179447419,19.775917083125716
130.00853155439174,28.470182519134205,8.203565808427227,19.70733299562714
130.02476187573785,28.031294442724953,8.171105165735002,19.7266919685619
130.04248618936634,27.34771129207737,8.135656538478038,19.8071229197399
130.05802351000028,27.37645717402969,8.10458189721015,19.749631155835257
130.07384098083165,27.204454823979585,8.072946955547435,19.665574618553798
129.24821263044552,26.592127445679903,8.019043107102162,19.61135896324003
129.2518079538419,26.843363331709256,8.011852460309388,19.533439916802948
129.2798976217557,26.821388910225448,7.95567312448177,19.577388759770564
129.303302341696,26.824594355721253,7.908863684601204,19.570977868778954
129.3072398285911,26.837329679363325,7.900988710811022,19.54550722149481
129.11499880230704,26.630386816153372,7.863964114415328,19.53788629895093
128.92192945479337,26.413123333288418,7.829364785704551,19.55167524094273
128.91990780641794,26.20542716020557,7.8334080824554535,19.546747839607995
128.92258496979255,26.646607933849133,7.828053755706192,19.505028346491954
128.92145240688504,26.67872292668841,7.830318881521214,19.440798360813403
127.45984840528999,26.647137609584767,7.822318738069034,19.50396899502069
128.28018753698552,26.65122898360114,7.859676516154668,19.49578624698794
127.6319444208237,26.466226476042408,7.8959923584314025,19.445734465423115
127.5897741432748,26.55566794117174,7.980332913529224,19.26685153516445
127.12814559375681,26.61503231113474,8.065773413389067,19.148122795238454
127.28888448843735,26.394642735268967,8.163007354634633,19.170190216363398
127.24522120601536,26.401491618114783,8.250333919478607,19.156492450671767
127.21973105707411,26.373386058937474,8.301314217361089,19.21270356902638
126.9759262647933,26.542593168273438,8.365119867742141,19.29809328453502
126.54065660215042,25.61285218844074,8.383335380153644,19.452927618451923
126.53918545725003,25.774755400406967,8.386277669954453,19.557840126750776
126.54245830922018,25.27042742649194,8.379731966014143,19.705925648575096
126.3346442620217,25.194106905172628,8.363053953586942,19.858566691213717
125.91120860801192,25.112266582357414,8.341501344906181,20.022247336844142
125.91006171172566,24.85205748995581,8.34379513747872,20.10647703207212
125.92408758768875,25.260157049914014,8.315743385552524,20.16516199859579
125.72962557830809,24.809047692703192,8.266878250134717,20.191802404659192
125.95925002254135,25.01482744983219,8.244934135369215,20.217547664102213
125.9561752103753,24.843236622383976,8.25108375970133,20.12344422838238
125.74911901846856,25.082336577754827,8.229155256101912,20.08128520505361
125.95617227587253,25.088058088856954,8.250093655154858,20.069842182849353
126.16950643731026,24.84656546660301,8.25867747252132,20.117575287115326
126.19049559197599,24.80592101953667,8.216699163189881,20.19886418124801
126.00628824120236,24.779702171976396,8.148599388820184,20.25130187636856
125.8261683274836,24.521791001287177,8.072782921320146,20.331067922809467
125.84501680581292,24.27326374130188,8.035085964661501,20.392272101747686
126.07531182662315,23.812869446703687,8.010551620634123,20.44094929575786
126.062731018546,23.390251098595034,8.035713236788405,20.41355490087424
126.03206158674517,23.87699583292513,8.097052100390066,20.312809863647466
126.01020315372764,23.03345041255287,8.14076896642512,20.255816268140855
126.00061064586531,23.05806296567112,8.15995398214981,20.206591161904356
125.96606546275986,23.076567750006898,8.2290443483607,20.1695815932328
125.95923138757655,22.88766364121868,8.242712498727315,20.111076921979464
125.75531663294356,23.31365851705774,8.21482772132084,20.13051574364629
125.98809975926541,22.662364977916326,8.184759882061178,20.12660758177699
125.9759361687982,22.448127607028074,8.20908706299559,20.12017464602642
125.9671404866333,22.247553479859896,8.2266784273254,20.086075231830844
125.96290682855742,23.166151324766123,8.235145743477153,19.989158818039876
125.96179616363034,22.971362710134173,8.237367073331306,19.94491024772253
125.97729184807811,22.75484657701186,8.20637570443578,19.944714102495094
125.98933019695791,22.522832427936535,8.182299006676182,19.976066863191786
126.0065458992239,22.298824810823547,8.147867602144192,19.99138306572239
125.82038205663284,22.5115827935034,8.087887839639684,19.998174548049338
125.64362743437003,22.080875832665235,8.010058813176823,19.99691192774875
125.04299140320522,22.073030893841743,7.921528311317746,20.01260180539574
125.05622978276168,21.876020898377632,7.895051552204839,19.978041218348093
125.06718820479065,21.879220545938274,7.873134708146885,19.9716419232268
124.43580623325941,22.099174357659194,7.854512089095086,19.958863153823046
124.6348763508525,21.500991712387215,7.882984769355005,19.875389698028727
124.84721410352988,21.7481688462094,7.884232784719549,19.80695895110371
125.06354328799127,21.760583336173347,7.87653792971056,19.782129971175817
124.83292716301331,21.98956334932078,7.913300348613665,19.748639775933746
125.05628575673249,21.946834418504807,7.891227434843624,19.834097637565694
124.87760576475927,21.681727091819543,7.823109554995032,19.93883442714116
125.11587520414228,21.256384592530974,7.77233524826587,19.937990281644538
125.15026898593922,21.011050391543908,7.703547684672001,20.00381398451718
125.17952900399135,20.750728873737955,7.64502764856776,20.099900479176252
125.39404071415741,21.57834895125211,7.640887176666201,20.144192117870208
125.59557021494574,21.572462214823066,7.663270658326533,20.155965590728293
125.78640010875253,21.778945586649005,7.707623650065399,20.169011626428862
125.97435153841111,21.786709304779734,7.75871609142196,20.153484190167404
125.95025491039061,21.61547758780509,7.806909347462969,20.06825877382765
126.15797604383418,21.621262896150583,7.818797636376546,20.05668815713666
125.28860490061142,21.6271550886534,7.8480304651841575,20.04490377213103
126.30439114592592,21.664461927398875,7.955113562953752,19.970290094640077
126.08649195695679,21.46190336816543,7.962339496075813,19.94683476829078
126.07086965775802,22.316870589170215,7.99358409447334,19.950358411883403
125.66102062542066,22.094880000498893,7.9553381459052295,19.965367582604635
124.83282048527578,21.654460632773173,7.897715314466758,19.98919476219194
124.85232338769282,21.212514450942187,7.8587095096326545,20.017447907874587
124.83987194703398,21.657175436137962,7.883612390950346,19.983182393384592
125.04141083448813,21.245324123449222,7.90801614965844,19.95192195152931
125.25601363172196,21.66184487021838,7.906279153780735,19.973817655170908
125.48287881845846,21.21559270627826,7.880300607244794,20.01081832917697
125.48309033997327,21.3906582648088,7.879877564215182,20.08850607550037
125.46258404599213,21.36134496054349,7.9208901521774635,20.147132684030986
125.44101840719837,21.334870112752604,7.96402142976497,20.200082379612756
124.98472554867452,21.32543517103126,8.01254851942545,20.21895226305545
124.29495408644831,21.32091678820307,8.092592250690927,20.22798902871183
124.27074223529758,21.30969412490165,8.141015952992412,20.250434355314667
123.16800840624205,20.876907480474678,8.166939732879236,20.24419009287892
123.14875871000527,21.102800802188,8.205439125352783,20.228684113734882
123.124398444485,20.905602830699024,8.254159656393334,20.186337143235505
123.12264908332777,21.111065431287628,8.257658378707779,20.212412135317017
123.78560565871905,20.891826544012872,8.244057378922495,20.213452526200776
123.77947878381592,21.114306549795963,8.256311128728765,20.20570313222594
123.76958299854951,20.685218684416725,8.276102699261564,20.189244955856466
123.5199339386388,20.936349957449767,8.337968971244868,20.124414257628523
122.33329267432187,21.205689174143195,8.523266683192494,20.023332787578912
122.24999501642085,21.016739491518962,8.689861998994527,19.961811534417446
122.1741260667402,21.47048742696759,8.841599898355842,19.937258676171638
120.97851942201058,21.50314805842872,9.013884378285113,19.871937413249377
122.02872239244493,21.511354218599465,9.14278757868665,19.85552509290789
120.85455380131245,21.49458476408092,9.251730309171734,19.88906400194498
121.72162035682017,21.456531193917684,9.31867011897789,19.96517114227145
121.47353855391822,21.205757140670727,9.3622922843772,20.014177808360795
121.4680510689287,20.944991862211342,9.373267254356236,20.081694263411116
121.45730186702453,21.353871577639126,9.394765658164566,20.17430740611412
121.42340875984301,21.092854084212693,9.462551872527591,20.239435945792856
121.5905556792031,21.093299092407747,9.587292884128702,20.238545929402747
121.7804730820731,21.254787471194284,9.668653262548592,20.376764355989554
121.50074091583545,21.396041478936677,9.763496241878116,20.558877693650516
121.67115555236171,21.334797520836382,9.891587497764286,20.681365609851103
121.64116592084646,21.2446901615604,9.951566760794778,20.86158032840307
121.60431276276167,20.94874495289066,10.02527307696438,20.976875121055144
121.78148986303248,21.138577354943465,10.150473743653949,21.07676518418074
121.99490390255835,21.080441835151042,10.206830027387419,21.19303622376558
121.96693312553408,21.02900501752122,10.262771581435944,21.29590985902522
122.12848137607794,21.024706339272473,10.428000695339156,21.30450721552272
123.95875264698668,21.00590678084304,10.697992531581988,21.34210633238158
123.89771208700526,20.94621816416817,10.820073651544824,21.461483565731328
122.84870461666324,20.91592387768359,10.916539379824158,21.522072138700484
122.84338153827724,20.837570053310287,10.927185536596129,21.678779787447095
122.85103438993455,20.774449850631697,10.911879833281507,21.80502019280427
123.61634411919411,20.708347098290105,10.902236374095182,21.937225697487456
123.58401193553725,20.66846627479792,10.966900741408924,22.016987344471826
123.57867855148362,20.88004943928988,10.977567509516165,22.104859408449286
123.58889000724253,21.07236582686232,10.957144597998361,22.232732377296095
123.32657795622417,21.038371035667886,10.96775011788916,22.300721959684964
123.83851460333406,21.02798226650728,10.974264848560827,22.321499498006176
123.78234634443623,21.018354042029024,11.086601366356488,22.34075594696269
123.69152864888225,21.01650913583773,11.268236757464452,22.34444575934528
123.62976837046006,21.011581934032993,11.391757314308851,22.35430016295475
123.84204287476106,21.279775878534775,11.490507934922451,22.341211903166787
123.52584197638211,21.553720400386187,11.598101517370022,22.318131073774275
123.99319565284554,21.271668386291978,11.716034071203758,22.35591514858241
123.925035784998,21.2811241384663,11.852353806898826,22.337003644233768
124.13984064303789,21.042088879630285,11.953702516909381,22.284115735815465
123.5762692431108,21.055104339260588,12.017012640981235,22.258084816554852
123.7817299092538,21.065997007023093,12.138707331585048,22.23629948102985
123.97211372763712,21.081968485135327,12.29231310519816,22.204356524805377
123.64228227618831,21.074413318647515,12.415454940363505,22.219466857781004
123.59862564983219,21.07466181125281,12.502768193075752,22.21896987257041
123.53664949537281,21.062232452593722,12.626720501994502,22.243828589888587
123.70964352665003,21.062356245769912,12.823519830967804,22.24358100353621
123.63192339725299,20.78620816669223,12.97896008976187,22.249757933623485
123.56963231638777,21.06337718720728,13.103542251492325,22.244259997553517
123.53532332653896,21.006206328953667,13.172160231189928,22.35860171406074
123.50900144917078,21.2241627873791,13.224803985926275,22.476404606218676
123.74953400522301,21.174796899465214,13.300089225507987,22.575136382046455
123.97234735250248,21.125900549328335,13.413546972529277,22.672929082320206
123.9178802916595,20.828161077831957,13.522481094215232,22.705959416196094
123.91873964834178,20.216940607680822,13.520762380850659,22.798849885388186
123.95059096922073,20.434358957084907,13.457059739092776,22.930137358714838
123.9897962351312,20.935829916215418,13.378649207271852,23.06118602608399
124.00446309523161,20.607033924033704,13.349315487071014,23.151167401416267
124.02347136375077,20.249830654581764,13.311298950032683,23.29712838221397
124.05738175870835,20.184049006123637,13.243478160117553,23.42869167913022
124.08272866024483,20.111371494572865,13.192784357044587,23.574046702231772
123.82039350986628,20.061068758591464,13.14541829612177,23.67465217419457
124.1060660464118,20.009199292474896,13.146787353912213,23.77839110642771
123.83444821258642,19.917104158113023,13.115756713438977,23.96258137515145
124.16214117643386,19.822950832151143,13.036821028767239,24.150888027075208
124.17668931800624,20.069749939466178,13.007724745622474,24.235162945709376
124.18527047211956,19.47161140667071,12.990562437395837,24.274210938411635
124.1821868781729,19.438855968642653,12.99672962528915,24.33972181446775
124.21091530676469,19.376686158686766,12.939272768105585,24.464061434379524
124.2177363863519,19.36650819564045,12.925630608931144,24.484417360472154
124.23519939549602,19.34243255314866,12.890704590642924,24.532568645455736
124.28923478767635,19.266531794239175,12.782633806282274,24.684370163274707
124.29231468030028,19.26070470435577,12.776474021034401,24.696024343041515
124.27553808068481,19.280662926342252,12.810027220265347,24.656107899068548
124.26323073276168,19.294771131789986,12.834641916111597,24.62789148817308
124.30791121486187,19.23750322446327,12.745280951911223,24.742427302826513
124.31219731733917,19.231165301448897,12.736708746956616,24.75510314885526
124.32657458474867,19.217965490378358,12.707954212137633,24.78150277099634
124.32680969490575,19.21389497153847,12.707483991823478,24.789643808676118
124.3323689560287,18.91502297415537,12.696365469577568,24.80579241849737
124.32356318335331,18.641293861829453,12.713977014928327,24.771610308071686
124.31257715482114,18.37321338821215,12.735949071992668,24.726328090739194
124.54958267790633,18.716175324311685,12.843096258377887,24.62156245109573
124.81832881118228,18.18486143479543,12.887068743977302,24.521260725825634
124.49652101405535,18.25254181496745,12.949935758680944,24.385899965481592
124.77932926263915,18.30429226481668,12.964158921402763,24.282399065783128
124.7475494947353,18.65066753805762,13.027718457210492,24.168211729017106
124.73861254672893,18.977948052748246,13.045592353223226,24.091622970776072
124.73440482017183,18.472564383010372,13.054007806337406,23.948087364194265
125.02926470008018,18.786085886921875,13.03947153865339,23.896227848503926
124.98772386024102,18.837007140214247,13.12255321833172,23.794385341919185
124.9645915423136,18.919988649210595,13.16881785418657,23.62842232392649
124.93639614832176,18.70856773230227,13.225208642170227,23.47883343251111
124.91416618259214,19.361831562450938,13.269668573629463,23.31467068680041
124.91457174077613,19.109241900671186,13.268857457261493,23.25033707488905
125.77140428478326,19.121096094923633,13.260838194963428,23.22662868638416
125.7395742102522,19.197413146290415,13.324498344025569,23.073994583650595
125.68866262292455,19.300852952930768,13.426321518680862,22.867114970369894
125.92661927822701,19.401022042118285,13.515950650770034,22.666776791994856
125.91471121787434,19.4645604046935,13.53976677147537,22.53970006684442
125.89235311906438,19.543936906455563,13.58448296909529,22.3809470633203
125.88703413442134,19.59609567083438,13.595120938381381,22.27662953456267
125.90405823810747,19.324057200104185,13.561072731009128,22.261086410732077
125.89695175541348,19.930150479533168,13.575285696397076,22.16653388627089
125.89510309027378,19.68635980445546,13.578983026676502,22.096465793697973
125.87236941149102,19.458386736183805,13.624450384242017,21.995742982284607
125.86513147777129,20.0378036604291,13.638926251681468,21.94877298702308
126.11008546140339,20.095022017612063,13.704493141026642,21.834336272657154
126.3467463288711,20.157149401297133,13.786038234169755,21.710081505287018
126.60062891140235,20.20509042784355,13.832648971646881,21.614199452194175
125.74599948332407,20.244961631687644,13.880742017241827,21.53445704450599
125.73941633417235,20.269699517663692,13.893908315545287,21.484981272553895
125.9575128186223,20.033670377943228,14.010526900179645,21.404227998460506
125.92953370405186,20.39639048713279,14.066485129320533,21.23233195138466
126.40060232556732,20.47703860620761,14.228144525665254,21.07103571323502
126.61253622020217,20.5661004194407,14.356434856120401,20.89291208676884
126.53790260014566,20.6666232172549,14.505702096233449,20.69186649114044
126.4798287075397,20.744500624754757,14.621849881445362,20.536111676140727
126.73599864148274,20.477918605664247,14.660105484900305,20.518680242980736
125.86073057030423,21.347575830548543,14.757759192574298,20.432248227895176
126.11943353066029,21.354240526877003,14.791610470806555,20.41891883523826
126.62579340592033,21.379165367474457,14.882112233636036,20.369069154043355
126.29244714820116,21.674562448470375,14.99646547036961,20.330614270756282
126.29819946364496,21.38468329207701,14.984960839482012,20.356744212498576
126.57920048070366,21.09007243885324,14.976795143951968,20.392129580358734
126.85612718402925,21.372716755791426,14.977180843656745,20.381080052838307
127.38996930874148,20.8353653694913,15.0176524633676,20.34762695630325
127.35448553509983,21.407151634428644,15.088620010650908,20.312520328241046
127.04862809978916,21.15388400203996,15.145474159421799,20.26419487116797
126.73127641290654,21.760180423883362,15.225121642965409,20.16171380792444
127.25944820372617,21.805260546142925,15.278374899206746,20.07155356340532
127.48713849390323,21.589080258490817,15.37728930933251,19.94961914822964
128.3148195986612,21.33218358217188,15.38407139509038,19.90936440244293
127.46732097891056,21.626800011181565,15.418433997491526,19.873676423456928
128.01871059965745,21.38904379478373,15.422773229389875,19.79562961955653
129.45822712102975,21.679077506938434,15.305936660749577,19.768001490067988
128.99786109918983,21.929816062676142,15.126428754973261,19.81664435332066
129.31294914001035,22.2226723226685,15.044193574139399,19.778872734143164
129.6261330467437,21.686768719699497,14.963852485074339,19.75862649127793
130.28387211005088,21.6754861055245,14.737193439333215,19.781191719627927
130.09499538235326,21.693611345817764,14.573893226028702,19.7449412390414
130.45025119512397,21.699995151093617,14.401215736615947,19.73217362848969
130.5279510495408,21.982139597216126,14.245816027782245,19.702698597468835
130.9056427743285,22.237095994541242,14.02225268516219,19.72460590977391
131.04208552936336,22.212055732090874,13.749367175092441,19.774686434674646
131.13531659240996,22.228393042368907,13.562905048999243,19.742011814118587
131.47153682734523,21.470808634465737,13.411636328488648,19.693665381845
131.60865384307596,21.724668354641313,13.137402297027247,19.703889951617228
131.99304930167125,21.714173966578848,12.882166469760605,19.724878727742155
132.6257371262189,21.709537628159225,12.636049890317327,19.734151404581404
132.7479462397879,21.965095199656268,12.391631663179318,19.728704312647434
132.86305254082535,22.229356106552544,12.161419061104422,19.701686242289156
132.71553038889908,21.98857139782806,11.959217779608512,19.68601007438968
132.56310761748927,21.746421580565396,11.770445315820936,19.67669170230781
133.14741305031197,21.511421480195935,11.582441754219001,19.656388251025
133.2520502841936,21.514492114708695,11.373167286455786,19.650246981999484
133.3340319661298,21.534110843155286,11.209203922583345,19.611009525106297
133.1889095554867,22.017113695711224,11.01960071216486,19.60469988340383
133.25557461454278,21.79204986359042,10.886270594052696,19.578290406216492
133.58617240689924,21.790770269635168,10.698955501012794,19.580849594127006
133.90626362243432,21.799353361067855,10.5294998254449,19.56368341126163
133.2783915908945,21.820744099934057,10.382502531592884,19.520901933529224
133.81750977355512,21.573054658780425,10.233139870759391,19.551843963592617
133.62663369702477,22.060335932393123,10.152561716381983,19.501942031243424
133.66244869014977,22.07271716241252,10.08093173013197,19.47717957120463
133.71876770139485,22.068799678090592,9.968293707641783,19.48501453984849
133.76844033232132,22.057681392068574,9.868948445788888,19.507251111892522
133.80033923894712,22.06568817079538,9.805150632537252,19.49123755443891
133.83847774836354,22.075536410899165,9.728873613704407,19.47154107423134
133.89495010797174,22.074681020148436,9.615928894488032,19.473251855732798
133.7270669451623,21.826867671775567,9.50115083814779,19.518334170519434
134.01132190657762,21.585410676842475,9.381854546450727,19.55203452925207
133.83596140843906,22.01362267996305,9.284941669724834,19.590878269016894
134.11007846257814,21.567914411680967,9.183221320851596,19.589267286771207
133.90965653938318,22.029273818155488,9.13934663001362,19.555985548278024
134.1613264495671,21.825423939299043,9.079476829791437,19.52021528584527
133.94700668087347,21.852222178480066,9.0662103178872,19.466618807483222
133.72772288950335,22.093755406313434,9.063881676976992,19.424448575466908
133.51300141547648,22.117405006421148,9.053081502221419,19.377149375251477
133.52747362006255,22.349311867164197,9.024137093049234,19.352703348954293
133.32409423761703,21.493271422240742,8.99238811220126,19.310753255845
133.54092314881368,21.76881374299941,8.996074865926822,19.197013190446533
133.3242623645133,21.803978468253163,8.993639778686742,19.12668373993903
133.34973231160893,22.25166173987973,8.942699884495465,19.100701593418503
133.35736121449088,22.062049468054617,8.927442078731593,19.046499359042325
133.3638915601917,21.8814430460596,8.914381387329971,18.97533895415726
133.39638975102332,22.3274158889093,8.849385005666711,18.945616357769534
133.39573358811373,22.16071759853397,8.850697331485884,18.84946637088294
133.3990848838658,21.994586466300817,8.84399473998171,18.753556167071746
133.87958207471155,21.987380588344216,8.736323694203119,18.767967922984948
133.70544422503855,21.97709740041993,8.659605371469597,18.788534298833518
133.52887246756336,21.9702140036785,8.588795913439407,18.802301092316377
134.20612345863447,21.982485203912205,8.503037748388188,18.77775869184897
134.23957418921376,21.983715545976466,8.436136287229596,18.775298007720448
134.265706556249,22.001310387242228,8.38387155315913,18.740108325188917
134.7333457548197,22.184444665390956,8.285439149578162,18.792262765671712
134.7536126046605,21.758355584294048,8.24490544989656,18.80954348823959
134.7856489592355,21.93556908651378,8.180832740746583,18.872102075679717
134.81477745082256,22.11191517259729,8.122575757572438,18.936171063046274
134.83590493689783,21.469096455879107,8.080320785421934,18.97183247607223
134.86314539758294,21.649245115896004,8.02583986405168,19.027962181702804
134.88739566818253,21.83337786673978,7.9773393228525435,19.07596985886789
134.89934733827326,22.03456806226321,7.95343598267104,19.089695862856242
134.90801255619735,21.40748216951161,7.936105546822898,19.096225880700352
134.9250150838018,21.60744146453366,7.902100491613945,19.11197472681917
134.93327145722148,21.817517188442732,7.885587744774612,19.107114371792363
134.94020495473896,22.234681470960147,7.871720749739682,19.102642095596092
134.93317317090592,22.046555514769825,7.885784317405758,19.064276331470985
134.9277903475232,21.872756885559177,7.896549964171207,18.997558539715403
134.92647553352631,22.73202236113201,7.899179592164941,18.93320932689264
134.70084425832468,22.76453317816887,7.937776819631633,18.86818769281892
134.27626834273332,22.78504410211211,7.962104609114014,18.827165844932438
134.44391268594796,22.81699759467086,8.039067033690548,18.76325885981494
134.6138672668,22.637268757785094,8.111847053411562,18.710027352161365
134.3750879948632,22.669394475651416,8.176201192826337,18.645775916428725
134.5561924947218,22.470354463544787,8.22740146463802,18.630446669113102
134.33487985566043,22.47241276104934,8.255938646859247,18.626330074104
134.51874364738066,22.47068048374045,8.3027411279982,18.629794628721783
134.50039944458368,22.685870591962725,8.339429533592183,18.614816597616773
134.48993008935625,22.90539179970976,8.360368244047011,18.591603412519614
134.6976452735682,23.115863692300163,8.360798187185026,18.58651993890073
134.9194050492372,23.312713590526027,8.333072859201874,18.608614365803838
135.13338176982916,22.49132530530732,8.320747325858704,18.58887930487838
135.14464916046322,22.47183152871618,8.298212544590559,18.627866858060663
135.14178482323,22.465225306272867,8.303941219057002,18.64107930294729
135.33478700559695,22.454872217458334,8.333523434941249,18.661785480576356
134.10098829244285,22.410349213082274,8.302687362759796,18.750831489328476
135.15030791986393,22.593712360658298,8.289811282177379,18.801257829028373
135.36200501440584,22.79099710429923,8.28407277080926,18.824344019462217
134.53837045883523,22.965637478317877,8.259787444190767,18.89295188086485
134.55565006138966,22.941722341114026,8.225228239081918,18.94078215527255
134.58167937240975,23.12171884908866,8.173169617041697,18.999324691287708
134.8379017472124,22.26843741783841,8.079187910631656,19.03203538100705
135.08029053383353,22.237931745301204,8.011685651219883,19.093046726081457
135.52511281663405,22.420501209447995,7.9559624168496015,19.14486846340327
135.53300958364974,22.622241975609096,7.940168882818203,19.158106818630564
135.56256848468098,22.80120715500891,7.88105108075573,19.21680690139903
135.3789308501401,22.996333296207702,7.831900384804079,19.24298058403485
136.44466493056368,22.367299256342715,7.780076991227094,19.253261803402765
136.6780714324452,22.761973488076197,7.728418846916504,19.294223058840707
135.44043944555537,22.972633735404624,7.714742592652444,19.28772593552447
136.48966638385625,22.365750552538415,7.688720392875719,19.258033295161855
136.48813374032295,22.57961291017935,7.691785679942325,19.243904680413234
136.47279693386147,23.009541162594186,7.722459292865284,19.210943901289205
136.44720616427801,22.41365584845156,7.773640832032206,19.162151575143113
136.41805544315375,22.83381271389615,7.831942274280694,19.149299497302493
136.38948416336996,23.055469935828256,7.889084833848315,19.120567566168614
136.57043305858258,22.443572031304164,7.942370866162263,19.098811906999128
135.31256176113746,22.63487702980573,7.963218998367077,19.1320176537769
135.49010085175846,22.61500135669931,8.024804287494698,19.171768999989734
134.43500722195606,22.372858901671144,8.043355579564885,19.23772671653915
135.0556597390321,21.907347318281154,8.060868456485965,19.32953794260366
134.61743115237175,22.110734276190577,8.094848216371863,19.344002733502236
134.5925825603137,22.32678353981497,8.144545400487997,19.33395324888336
134.55207443783505,22.540798992454764,8.225561645445305,19.32870637692229
134.53022150526544,21.451874468957136,8.269267510584458,19.385850668781917
134.72109360969682,21.419058437184823,8.313260722230426,19.45148273232654
134.72145378115127,21.607038767525694,8.312540379321566,19.502983391173608
134.71622527183078,21.8078582433516,8.322997397962501,19.52953603389036
134.71003523039698,21.59932897377836,8.335377480830093,19.517835207407657
134.72361001716962,22.00498406479072,8.308227907284843,19.56414351232058
134.7457607812783,21.78437406471469,8.26392637906746,19.576365972714665
134.7643218925012,21.569937257284483,8.226804156621691,19.57684918088546
135.00185209718254,22.20395548488532,8.179484222397578,19.59203415109957
135.2332931616175,22.41364409088054,8.143723348161515,19.599778193742964
135.47690262835877,21.755480141848274,8.083103400856764,19.636309133274104
135.7104545140896,21.96357827335637,8.042049022787774,19.64616226365054
135.93123694076647,22.182430001628894,8.025946233582557,19.633920871253995
136.1499786571129,22.408173199491202,8.013462687244134,19.607434361883858
135.70795540321748,21.796880921509054,8.048714954181781,19.556827556568273
135.91954193643483,21.83648554961224,8.04983711078753,19.477618300361893
136.1175123070419,22.10940280267215,8.07707157034455,19.354958995013288
135.8779911685354,22.597700870162825,8.13422189108348,19.222146772580064
136.06666922055453,22.016584460727962,8.177855441152017,19.121410629129496
135.8455457039479,22.246563692505074,8.199794753754336,19.081759886186198
136.04232737835062,22.48726017225755,8.226354169845601,19.020489691577918
135.4098886115445,22.725532459833893,8.232111821339487,18.96365174379802
135.40831754612964,22.534226794672115,8.235253952169158,18.9272758748779
135.6049872545575,22.317447141206426,8.260431600169852,18.942318116952848
135.59529739535196,21.910899676899202,8.27981131858092,18.9170573518416
135.59384227565312,22.33152356478498,8.282721557978633,18.914117509148763
135.79819033636002,21.90914094204411,8.293188130733753,18.92055736629258
135.98527502715496,22.743065092698593,8.338458724376377,18.93046896591345
135.74707228373103,21.71475462052059,8.39448457480949,18.885191728195785
135.9210801118862,21.763941963744198,8.4671781793665,18.78681704174857
135.685915356437,22.00748514734977,8.516947267416665,18.720291097385683
135.87072474842643,22.249333191096973,8.567796676599958,18.657063203053504
135.4465037226172,22.46558134790018,8.575357039303446,18.64500773390457
135.65344087208558,22.685382751866527,8.58188084723737,18.625803032842548
135.86631008240718,22.900623474198337,8.576375894821206,18.61555505640593
135.65472761212348,22.26645209579422,8.57955226645813,18.623932106422654
135.85031198817532,22.269912071922743,8.608549143754953,18.617012154165607
135.42178624375143,22.468033673767778,8.62445706870573,18.641340732424027
135.84085357148825,22.47480285673534,8.628727891649422,18.6278023664889
135.83749015719695,22.474351489463338,8.635454720232026,18.628705101032907
135.82497676408505,22.47250403977388,8.660481506455845,18.63240000041182
135.81510754028312,22.45878986794408,8.680219954059657,18.65982834407142
136.01560112170677,22.63684547938088,8.701677419030274,18.726161749015667
136.21492373298537,23.03704110763224,8.726814519461605,18.773335138489994
137.03868968893715,23.053786995296875,8.778906682356002,18.73984336316073
137.01753271668923,23.28780443948015,8.82122062685185,18.697136667365946
136.98327778009204,23.354653085305916,8.889730500046262,18.563439375714417
136.96845390423343,23.395709889459482,8.919378251763495,18.481325767407284
136.70966861547802,23.44628952669019,9.012937451952455,18.380166492945868
135.7714441460902,22.671242733675207,9.192748265458267,18.233621953706002
135.4259981924499,21.90608554430416,9.45851168017992,18.06342236221232
135.32306586985544,22.826696153036643,9.664376325368844,17.931040566672102
135.20946251630951,22.03780351213063,9.891583032460694,17.793658158857227
135.78320007630194,22.71095736533738,10.036040896291361,17.73928343625926
135.73362665208367,22.714763676145473,10.135187744727912,17.73167081464307
135.68217036689794,22.485189661816023,10.238100315099363,17.75695213682804
136.07626570853702,22.445255613665342,10.321877394375436,17.8368202331294
135.58518680390017,22.62087431847932,10.42686833205174,17.924166259300137
136.92102211195214,23.452858595560013,10.405110315042688,18.026806104535332
136.50074700147422,23.623466427478533,10.360054727617865,18.12839334488864
136.29695787326727,22.90092759756972,10.324091198623538,18.24284564848166
137.18628009513318,23.550381112345125,10.323936812784952,18.277806162350792
137.40209251274405,23.98802495664064,10.337448055804845,18.29279063024297
134.03520776283895,19.240083458757862,10.38741693510783,18.4313527572984
133.42795366892517,17.750138374389106,10.256482905153753,18.720358490472698
133.02793038480456,17.404493940861443,10.155503807495993,18.961134524578565
133.29669156894008,17.53008698500958,10.070310884742275,19.162277881799618
133.5579547470305,16.56106399353282,10.001607583476895,19.28503164509147
134.26453629378608,16.714992089322077,9.95177379113418,19.43161855390246
134.28006708294222,17.081620995931765,9.920712212821895,19.609825894822208
134.74104592000168,17.43138050334271,9.914363144105527,19.82591548540285
135.19690477222184,17.72590730923203,9.924350726283098,20.15856716024207
135.90836523276693,16.82944591272723,9.899073376015641,20.55384638242897
136.17159846044973,16.36372093386696,9.843810934760352,21.01409232603917
136.16765725424042,16.414653318940246,9.851693347178962,21.38916452603616
136.16139943477182,15.498411744415664,9.864208986116193,21.77408613015942
136.16379042857562,15.544306749063434,9.859426998508576,22.170617286996304
136.42581550413723,15.813197073805815,9.82935642284182,22.620795788424456
136.71101655960362,15.054004844715884,9.758913839270678,23.13926119188107
136.72462222939714,15.556952459414896,9.731702499683623,23.651958037677556
136.7213423191866,16.114190539943362,9.738262320104763,24.076778284646686
137.22258312713888,15.677945675987377,9.774429681937754,24.42994352368987
137.22717720618672,15.226791648263971,9.765241523842072,24.80720926916531
137.2326431667741,16.134752508727395,9.754309602667291,25.112460681539645
137.22638131358684,15.940093693541414,9.766833309041857,25.501778311911607
137.48364007954143,15.216221236142147,9.792592001482546,25.8689707780103
137.49413673730078,14.794774560321184,9.771598685963864,26.165869937031957
137.50305178656052,15.227908293760674,9.753768587444368,26.399328351697186
137.78383775643474,14.811042851584599,9.745074754258333,26.680181129486947
137.77833236285292,14.691374752927093,9.756085541421946,26.91951732680196
137.77706365958232,14.548570597027016,9.758622947963124,27.205125638602112
138.04618190274067,13.869374149852547,9.784852630841401,27.43458619456119
138.3282989080056,14.03846786720558,9.788830805226288,27.664610944769883
138.30183796217227,13.364816631438359,9.84175269689293,27.86878899113683
138.26232523662483,13.831433677628539,9.920778147987793,28.086415521138854
138.2025962952438,14.066015930057308,10.040236030749817,28.197214214066555
138.1569557565759,13.367697983077134,10.131517108085655,28.42643712533879
138.148803709697,12.98545889706299,10.147821201843444,28.60228874464388
138.12637779215294,13.251467284322139,10.192673036931554,28.661699959632756
138.09142190293352,13.241962999450855,10.262584815370442,28.680708529375323
138.06112007002866,13.198254775519292,10.323188481180116,28.76812497723845
137.7007380546638,13.485650053402155,10.44698569038804,28.790301242994563
138.2317297566165,13.807535969859847,10.584044324200017,28.746050428937867
137.84259618904525,13.859881671864692,10.76094890065384,28.641359024928178
138.04674712796336,13.32759385383929,10.955698071691979,28.499832563230242
137.87333211963775,15.66721942171614,11.302528088343182,28.052229612983226
137.71141402512652,16.195336919493446,11.62636427736564,27.600290281510233
137.5339624261347,18.625398520940657,11.981267475349277,26.964947876162256
137.39251431824522,18.911614327550588,12.264163691128235,26.392516262942397
137.85032366049825,18.868037519172965,12.543099348042833,25.88239270898732
137.40640944923788,20.37606802015363,12.836216108900876,25.245178353676675
137.04743259430748,20.310123989715088,12.963691702847038,24.78658829863909
137.00017755013573,20.233363735410855,13.058201791190502,24.354154248120366
137.24767597482764,20.44080928024687,13.144431399361588,23.939263158448334
137.5148747428909,20.924529527340653,13.186629709290013,23.548418510315685
137.5389281547141,21.060456404490026,13.138522885643589,23.276564756016942
137.3258135231767,21.45283133358501,12.99802762209888,23.058539424446497
137.62857143486355,22.1658469367933,12.953631961480319,22.754748543540114
137.42383814676268,21.979034557987337,12.80721807309319,22.572492836563164
137.79342674036351,22.054996058487852,12.618745270818753,22.420569835562134
137.3362122105745,21.888012817793104,12.442651378534183,22.20927484102035
136.60925487001785,21.98080495520955,12.279112176105597,22.02369056618745
137.25080190513947,22.582672299590783,12.063284427500843,21.887222199063473
137.34600160559478,22.11999456115567,11.872885026590232,21.75668254551455
137.43810048824062,22.196069672220503,11.688687261298499,21.604532323384884
137.02673424949012,22.77629266919377,11.476627551586258,21.478878516651612
137.3460170656783,22.075837630126827,11.349985397312972,21.3440181604763
137.66389506599864,22.149420590507866,11.222004246304937,21.196852239714218
137.48698852856683,22.71299682252355,11.07239530758244,21.0765438028551
137.55329915066747,22.748847180939293,10.939774063381138,21.004843086023612
137.62785686886883,22.794435377636812,10.790658626978399,20.913666692628574
137.69157823495274,22.84917257440967,10.663215894810602,20.80419229908286
137.27859037278873,22.6173413042684,10.513051898387655,20.77978497898988
137.33054751326185,22.174111788538674,10.409137617441361,20.695992906933824
137.37540953499882,22.20571839145131,10.319413573967436,20.632779701108554
137.17141728938313,22.262424527532495,10.247762928022082,20.519367428946182
137.7065549584151,22.290776365904,10.130969277139496,20.462663752203174
137.74243453392003,22.559811123901696,10.059210126129628,20.398488134954366
137.7746948735931,22.829353920653332,9.994689446783537,20.33111832115243
137.8087961953427,23.311637559442527,9.926486803284304,20.305783095243093
138.08113680984454,23.090147628708145,9.849870714052903,20.28069781693962
138.11429677295874,23.10520018457583,9.78355078782449,20.250592705204255
138.3579082800251,23.382730767203817,9.761109638513117,20.160313404769624
138.374561445205,23.42904751464299,9.727803308153325,20.067679909891286
138.39899631116896,23.45766340013558,9.678933576225386,20.010448138906103
138.41889535522452,23.483214146411342,9.639135488114302,19.959346646354575
137.76404218059307,23.025501387408234,9.574742919784336,19.9587062192989
137.79027561075816,22.33872374539033,9.522276059454184,19.96154549485518
137.81913807268742,22.573390606661164,9.46455113559563,19.94824644350678
137.8485503329313,22.795399679130433,9.405726615107886,19.959065338008045
137.8581998233142,23.049740522107268,9.386427634342036,19.90435382847928
137.8901299376096,22.361054403638256,9.322567405751276,19.923209976001875
137.90749047222636,22.593819903336605,9.287846336517736,19.909678824134453
137.9259365001264,22.823370494848643,9.25095428071766,19.901775390521713
137.71789755753383,22.61339314994676,9.216592896514937,19.871290810937627
138.1862930009143,22.37832716208557,9.178595737737762,19.89202592266812
138.180814840465,23.29493005599818,9.189552058636357,19.8549571000401
137.97527906404554,23.065440564493933,9.151936011843725,19.86524848341702
137.7612903848868,22.643227458015275,9.131733521203012,19.813314998457916
138.21386955130845,22.434450174986324,9.120721666296877,19.78379632554722
138.20286967445182,23.358983246693988,9.142721420010135,19.72054009724286
137.98722473863106,22.929357984145383,9.128092693479378,19.68795342599552
137.99091025302593,22.72551778851159,9.120721664689665,19.650443703788593
137.77410544186364,22.526874780521943,9.1098144312964,19.603212864050068
138.21658136194407,23.194910863981058,9.112143989171287,19.598062794185406
138.02538415945338,22.742281015901796,9.050931820316352,19.616109342671308
138.05445702837284,22.69274014706374,8.99278608247741,19.715191080347417
138.09024311579512,22.213168734002892,8.921213907632888,19.787893361616597
138.13503504617248,22.159746551220298,8.831630046878168,19.894737727181784
138.41270790927905,22.08364089565881,8.71927972209309,20.046949038304756
138.4497413788362,22.522750081112658,8.645212782978783,20.055170123966583
138.71334637282004,22.49029827170707,8.560035660954432,20.12007374277776
138.73667816422008,22.48706343747361,8.513372078154338,20.126543411244683
138.95793865184112,22.72223400295247,8.511585198784916,20.096936376159633
138.7689310062486,22.706693082201255,8.449324873017165,20.128018217662056
139.24013212780417,22.897267258240934,8.386166792691672,20.1864919469755
139.27676130618497,22.86253937175499,8.312908435930096,20.255947719947383
139.08907935413225,22.84726048162306,8.249227208095409,20.286505500211245
138.89593874454036,22.82628497515777,8.19715549150397,20.328456513141834
139.81017323139187,22.80199080269614,8.120804136073295,20.37704485806509
139.83538778560754,22.79848368458231,8.07037502764197,20.384059094292756
139.8503017040501,22.811688491134618,8.04054719075681,20.357649481188137
139.8489089439192,22.84819742280573,8.043332711018582,20.28463161784591
139.84354950300673,22.609650483954987,8.054051592843535,20.327067122764877
139.84171344830585,22.650431421219913,8.057723702245298,20.245505248235016
139.85123345872105,22.400038399862005,8.038683681414884,20.31193780662936
139.86274187296343,22.14595283443287,8.015666852930181,20.385141656289377
140.10739918782673,22.118977864856575,7.96195875839385,20.439091595441965
139.91081152167297,22.292339297639632,7.919714063251767,20.527788757325446
140.14580473608825,22.276008381356128,7.885662537744143,20.560450589892454
140.1493079027713,22.44873929276691,7.87865620437802,20.65078130293629
140.14551684419803,22.855769800116214,7.886238321524628,20.710640720068167
140.13755499616414,22.173782217433523,7.902162017592392,20.760756588351818
140.14563482304635,22.353650502462905,7.8860023638279815,20.839976184366147
140.13169063180828,22.77955367932403,7.913890746304114,20.867769251061628
140.33507046142776,22.56259311262886,7.947829271106174,20.86099220041095
140.32833379324745,22.76838694577064,7.9613026074668065,20.890614880928105
140.74679550128855,22.56002855115534,8.00813142097212,20.865455555364946
141.18339002072213,22.964640373412088,8.019653800337325,20.940943329083808
141.37701995004974,23.1925227042843,8.076037188568817,20.928821914226077
141.7941835629182,22.537163375572803,8.13067012978513,20.90610032121926
141.5566462732073,22.967669941148987,8.160612184040685,20.93535224039939
141.2995874120459,23.411194726490184,8.228642421194868,20.940477640054176
141.49393877092797,22.527034702874502,8.287316840562587,20.919289138758135
141.23192763707243,23.00163538028979,8.363218236359165,20.866329527756573
141.21545436423528,23.040562179944875,8.396164782033477,20.78847592844641
141.21012932555885,23.065485580938486,8.4068148593863,20.738629126459184
140.99835444739784,23.077271484198327,8.382709247370705,20.7150573199395
140.7959076372611,22.848737205965552,8.340715191207705,20.725238199968594
140.58609275835275,22.632839564725707,8.31405851598321,20.710747049407058
140.37084241347083,22.418265744081467,8.298955727435438,20.694291212383906
140.36661318173725,22.2046529489915,8.307414190902618,20.676418754142645
140.35192851426348,22.22038236495903,8.336783525850144,20.644959922207594
140.34098579667778,22.234823420767007,8.358668961021502,20.616077810591637
140.33192218048023,22.24241476556825,8.376796193416617,20.60089512098915
140.31882076393163,22.238560394847152,8.402999026513863,20.608603862431345
140.30550596527175,22.26018420408328,8.429628623833603,20.565356243959087
140.07233527327952,22.295506402549307,8.450400696389167,20.49471184702703
140.52784280321993,22.077022639619862,8.42922899187696,20.486757695201618
140.51708896760277,22.99632798502308,8.450736663111293,20.4258726269539
140.3022528298057,22.795261293135326,8.43647209983906,20.38406917186302
140.3101594256083,22.982869060873917,8.420658908233861,20.45193567835139
140.30806066941395,22.992492631670043,8.42485642062255,20.432688536759137
140.30042461293868,23.011167153370337,8.440128533573123,20.39533949335855
140.28419217573702,23.039296792298295,8.472593407976404,20.339080215502637
140.27693401601883,22.397159577226144,8.487109727412841,20.29413045664291
140.25934304137675,22.870186783567437,8.522291676696947,20.233445011197723
140.24867657401654,23.336431641572492,8.543624611417412,20.185821112989025
140.250363631599,22.698328639827558,8.540250496252476,20.135655878792615
140.25677828518286,23.15195655326174,8.527421189084741,20.111081534975753
140.27350086785057,22.722040234185712,8.493976023749301,20.089395034570174
140.2873082883316,23.175062129475158,8.466361182787281,20.06306221799693
140.30210513479886,22.75129380270941,8.436767489852732,20.03262405477519
140.3174747685509,23.194210592316715,8.406028222348644,20.022840601118066
140.35165408009888,22.513615138416913,8.337669599252685,20.072011516739003
140.38328782805272,22.719336950303408,8.274402103345054,20.09740508019542
140.41113093614715,23.145222069685246,8.218715887156199,20.117795446255347
140.44873156719962,22.47530862583702,8.143514625051244,20.15146859402602
140.48913922004454,22.2303962394762,8.062699319361386,20.20676208148471
140.53188069113867,22.85327401944094,7.977216377173136,20.26266443192445
140.57999725737545,22.612598816953742,7.8809832446995625,20.31085205892805
140.41393686183685,22.377176184253297,7.78097098422034,20.349564272772533
140.68396120393956,22.133296029175185,7.671818050823392,20.406428832120273
140.70898987355093,23.414929733758708,7.621760711600663,20.42165904868427
140.72323973988964,22.562493837874356,7.593260978923255,20.410262474714013
140.52606794285998,22.355583860375102,7.559213308689797,20.395691165419727
140.98150260769899,22.379227322077938,7.503483905582077,20.348404242014055
140.9675222429567,22.619261440915324,7.5314446350666575,20.294226331502173
140.97286814097814,22.62026973223856,7.52075283902378,20.2922097488557
140.96590448390424,22.838441062312604,7.53468015317159,20.281265760759297
141.14902785999243,23.29649844339206,7.593926495066742,20.21613718674348
141.28794648418284,22.747172043738104,7.7417172247704595,20.037906051797673
141.01228767567392,23.262231727879616,7.867306197552768,19.85924397198575
141.57996283688414,23.36590847254314,8.0081919061458,19.6518904826587
141.50072489532545,23.4805804756463,8.166667789263181,19.422546476452382
141.62754006515428,23.81266970224645,8.337489824460675,19.18282039810729
141.95912008451185,24.797008097065977,8.52234964865896,18.910183334295102
144.34406320535882,24.926792420804645,8.83223818261631,18.650614686817764
145.45119244464192,25.05606740108002,9.167741102498413,18.39206472626701
143.38594984689075,25.20102885101713,9.455122756675651,18.10214182639279
143.8798434447918,26.207605729150686,9.750493797444278,17.799865718886565
140.99197183034482,26.36034238971296,9.957916895564523,17.494392397762013
141.08395531469785,26.305063335430198,10.201304663254957,17.177595769931088
144.16168095294807,26.655822431333554,10.447565959828506,16.902858416329313
143.83004274168175,26.55657118353008,10.684004248622365,16.67452277819746
140.54345009596878,27.743324543399112,10.84639717729007,16.437946846045477
140.6659436519992,28.090725299301496,11.027959185781551,16.169694454793042
140.3713781219577,27.806040642740303,11.191558994289524,15.888001264765345
140.31046490694425,28.56257550310092,11.313385424316433,15.646893280208024
140.47837546379196,28.467471738192895,11.399910334302042,15.414754786343076
139.80706394900884,28.37874581362435,11.481794545568777,15.171960362713666
139.55367245362015,28.700702803810884,11.570681786132353,14.945942132554395
139.7289042953201,28.791452234588697,11.636119272212143,14.764443270998765
139.08002824300033,28.873469986984166,11.691290681077602,14.600407766207828
139.063491150985,28.71859546623922,11.72436486510825,14.497577792083483
139.47204195486097,28.96450661178367,11.73034161540902,14.417294680020948
138.85616976277532,28.788050538319396,11.730870186255302,14.359801555841146
138.85106032556382,29.858446745894504,11.741089060678263,14.266669852694253
138.6419644725941,29.696601398774693,11.751012943587577,14.182092723903741
138.03789152915573,29.544783314674632,11.737772414541546,14.078600086796273
138.2626666655304,29.38938365374613,11.693547210379721,13.984074340065773
138.09567050131164,29.63915696207334,11.624379506895535,13.887687755333014
137.11892435606228,28.89539333755611,11.575046469413563,13.772954741982891
137.12233874799728,29.17914331671998,11.568217685543596,13.603461457692065
137.330382360058,30.03554379500388,11.547417331831507,13.471807982761952
136.18028352131606,29.685912256561647,11.49007415300243,13.385224107542095
136.6091198044511,29.515379067042865,11.413738812332772,13.335621873779427
135.8733712228661,29.36116834983628,11.330517090498134,13.255363586941437
134.955009818648,29.57529358042493,11.236702363769895,13.213220632797023
135.00148767624435,29.798361077915022,11.143746648577167,13.151038430435426
134.25945940600133,30.02392978106059,11.101792847813389,13.08140360945675
134.63464403016795,30.058897442691254,11.110936192398698,13.011468286195425
133.49396444440717,30.065379188250894,11.119344400662891,12.998504795076144
132.51447669021942,30.047978828055783,11.184519294574779,13.033305515466365
131.39649064713757,29.61571046214641,11.138440484553913,13.137158615223601
131.633164823983,29.576905538866484,11.046295713270563,13.214768461783446
130.5366788025571,29.387146631004306,10.95376345624105,13.213368894194247
129.25855756818328,29.363489439234893,10.85415943375243,13.260683277733072
129.49590365897242,29.30596722973747,10.75799503760513,13.375727696727923
129.5201102641556,29.255958835900806,10.709581827238845,13.475744484401249
129.17032790222942,29.374621923990333,10.6501765721865,13.617903297674534
128.64750260891213,29.25763147458091,10.553746297188805,13.851884196493376
127.54772467025455,29.12198275100515,10.457151277511754,14.123181643644898
126.4624284955136,28.983441983473938,10.316317494982435,14.400263178707318
125.96576211194035,29.02133875334564,10.148273071333877,14.711595369228947
125.45287901966597,28.69956159500964,10.006873446321837,14.966094416047355
125.3320967808097,28.182068634669754,9.857896727248315,15.219997943154993
124.03804819320229,28.034526542517767,9.702906303747689,15.515082127458964
124.29735233521488,27.89039326262968,9.577986318608149,15.803348687235147
122.97727308024105,27.939614144334872,9.446960794209375,16.10079035730282
122.84925397787912,27.606020611889114,9.30490972928616,16.369888152547265
121.92505660344936,27.26093635647275,9.154975115082625,16.660390790767387
121.19893152794573,26.722481354949025,9.001621298591292,16.934498810065534
120.48909492966425,26.787210849991418,8.81004795143846,17.20785145590969
120.38008075301477,26.844424583690873,8.624546926214748,17.496953367033456
120.06709829640337,26.526086736486207,8.441408523500478,17.729077403474264
118.53167693041415,26.013631101531754,8.274205252525414,17.94447717264479
118.61634931191462,26.113172164320076,8.104860489524462,18.15036566393053
118.30454486328377,25.815025282532677,7.918491149695867,18.34167030896017
116.96934801731052,26.12447674567489,7.757552149058133,18.53171958055694
117.0191588490928,26.047930681322843,7.657930485493586,18.684811709261034
116.83550330010819,25.991859949132035,7.620431685799051,18.79695317364265
115.64035096058355,25.753892742322165,7.576201201243376,18.867131726661565
115.43110250180857,25.731573776680282,7.588721204607111,18.911769657945335
114.17612687361674,25.53241987114366,7.657625619361895,18.9032363287471
113.73816768741244,26.54895091922004,7.717653479337378,18.90990051367709
113.53194261526293,25.298847977012827,7.720995114904587,18.955455345700617
112.30740698613435,25.679578394549974,7.711128484008173,19.013640473677505
111.71188186150734,25.42724118006513,7.670726645978193,19.10783087355252
111.3397430416544,25.57914140994445,7.592767719955434,19.215148696658183
109.72970402770845,24.255818359697347,7.522695996477713,19.394182483625166
109.775501038474,24.381005818760343,7.431101974946621,19.5563910009256
109.8282116692212,24.711208257657947,7.3256807134522175,19.72251551115091
109.46041305190877,24.435190423676833,7.233787568315099,19.860805989232155
108.03896157202276,25.032281750280113,7.178247023691082,19.90881340933818
107.60621009260126,25.252556191298908,7.2162601633687,19.88200943688328
107.54131996702358,25.293546975970735,7.34604041452404,19.800027867539622
107.26064181529074,25.776390416976422,7.492177272384595,19.664779876738557
105.75161027953241,25.196324297904194,7.598855624385239,19.577175806519
105.09708097968688,25.425158605235566,7.658207052392099,19.536076249084335
104.86065302310313,25.653463540164847,7.7140216277080995,19.496507717077286
103.2204203742131,25.390544733525473,7.654721934696561,19.604874706507086
103.24500242985539,25.121628560346053,7.605557823411996,19.724741509704014
102.01592414381805,24.898312737941335,7.550893758542879,19.752569715022823
101.84208569905323,24.632501459391825,7.480348482630772,19.865970106680084
100.39600395754424,24.427844678929034,7.442463208076885,19.856705273666822
100.40270440768832,25.07283686186495,7.429062307788712,19.82001533346242
100.41674062783898,24.864685531648117,7.40098986748741,19.819318795602307
100.17901823865105,24.89118766428107,7.459950370738526,19.7663145303364
99.1202393323887,25.113170938272177,7.493576260165465,19.739134366973744
99.06582341909183,25.143665950820235,7.602408086759217,19.678144341877626
98.81757849022887,25.39035962931725,7.680818478251766,19.60283645111698
98.36839547541415,25.631388032376694,7.742378754873527,19.53918252150192
98.32438154144533,25.877040552483084,7.830406622811167,19.4664666411932
98.07237920329737,25.041961822994253,7.915296939172268,19.460166660431614
96.14290445204014,25.070579014061252,7.9894362465297295,19.402932278297612
95.49853055452269,25.086291740887056,8.015098782766934,19.371506824646
95.10698205787085,24.836833899965356,7.9561327244640125,19.44939098068612
93.44516044627548,24.3702878951051,7.910933171161937,19.54027229628342
93.23935712174185,24.118168742633152,7.900931446036089,19.622902227034203
93.01462250963563,23.92934846545059,7.927782929468647,19.577925040619427
92.7676047351815,23.568360355384137,7.99936911990153,19.455002543801566
91.9100447115209,23.154477206047225,8.026673150082836,19.438860833905455
91.90909776243403,23.793320062192063,8.028567048256571,19.42779418073669
91.49267224815877,24.017513349060234,8.017256729442158,19.40148828068282
90.44732963768756,23.83123017556899,8.000435117580007,19.352553261104386
90.23326462534583,23.672565388476244,8.008066580596047,19.24938427362247
90.03706549608215,23.657451966674245,7.9813162793313355,19.279611117226466
89.42485907380386,23.836688917609052,7.948400852842034,19.340246639038806
89.4469523958977,22.949533422836968,7.90421420865438,19.436965973015752
88.86212564162544,23.533709909655716,7.813856227266441,19.528624489310708
88.72790940118455,23.2638272749152,7.662576384408165,19.6486774350517
87.32403778355655,23.40157138277946,7.5391816422660405,19.791923216094347
87.59587640122672,23.740620725338502,7.414079827534922,19.950975372194662
87.61840446434628,23.480848160417565,7.369023701295785,20.051918860413775
87.62108821468146,23.042349171827823,7.36365620062544,20.090453124121492
86.12873684735423,23.070044880308373,7.410561837029343,20.035061707160395
86.09827299271004,23.118569269085537,7.471489546317733,19.938012929606067
85.85683450785587,23.997923512099412,7.534917126131706,19.857102003155784
84.59889386172858,24.009465804328805,7.534208141476253,19.834017418697
85.19975773025344,24.02230640953693,7.5897462973485466,19.808336208280753
85.34404152715356,25.11971849836722,7.72089604229213,19.712098724339423
83.82906292827937,24.93691363827536,7.80605050015299,19.657022338824923
84.0052640932611,24.962494248440816,7.875064763818252,19.605861118494012
83.94517905673531,25.00818607513591,7.995234836869832,19.51447746510382
83.50681600482324,24.817421425275505,8.026488494324767,19.473270541640034
82.0060827589707,24.410819707827933,8.069066932971955,19.441077389947207
81.54957587336126,24.01717119632442,8.136100216116416,19.382393924879796
81.68913856082473,24.690542197740342,8.2803074994889,19.305649896946267
81.23437225305422,24.511588724559374,8.340289873950443,19.238781722768454
79.93664947852128,24.354570328353486,8.386529659927518,19.127950887998757
78.64943580050146,24.83721501473653,8.416474210167674,19.01082245049915
78.83259616591421,24.696805634474376,8.47306672034652,18.86872797001913
77.33187145500851,24.75055939375062,8.521565787925596,18.76122045146664
77.5080867136039,24.564380114298615,8.590277610305325,18.71243667080013
77.25020460094035,25.64795948870706,8.684404677351921,18.65346371338582
76.19381329592122,25.423567576413838,8.685061169756501,18.679822314445534
76.18995516995724,25.415686689126858,8.692777421684433,18.695584089019494
74.761328242555,25.178395953302587,8.587750354692437,18.746982571839958
73.56440651568535,24.936530680835162,8.449029428770142,18.808619053497875
73.82568495975059,24.70910072229467,8.347030549214287,18.842920962004218
72.84098045036684,24.670538995720115,8.22011937337294,18.92004441515333
72.67621431779361,24.465503383582842,8.131505671546584,18.911969672455058
71.44208976394779,24.47375987845936,8.100953059903489,18.895456682702022
72.0736211076701,24.650615300520336,8.084958633636155,18.957435258972506
71.45298755562472,24.84640528731317,8.07732191957103,18.982156558105466
71.46038495250768,25.444643929068192,8.062527125805099,19.03524814254615
71.02981570244535,25.451892338991453,8.089611429129492,19.02075132269963
70.59137767896864,25.48029175486252,8.13189388596471,18.963952490957492
69.30317496685824,25.50454625374276,8.204954769399414,18.91544349319702
69.47808571526095,25.53125536509847,8.27294556550704,18.862025270485596
68.22508391049683,25.52669326307156,8.26952323400513,18.871149474539415
68.45510598215847,25.317763156887757,8.22778842161511,18.870700355973757
67.25489222331609,25.294036650137365,8.122807085856152,18.918153369474535
67.30778401429464,25.067211010595816,8.01702350389906,18.95540193755722
67.33956067971337,25.064397009825463,7.953470173061602,18.96102993909793
67.36998573437461,25.030289117287044,7.892620063739125,19.029245724174764
66.7862512917058,25.43253543826715,7.818292954825212,19.052617078382248
65.36977776991725,25.62751774197568,7.760594889782794,19.075601772196546
65.3847181681404,25.847328613524148,7.730714093336508,19.048234577454227
64.97095307941774,25.849879993484688,7.735584864649908,19.043131817533144
64.95786916359667,25.862583314384096,7.761752696292043,19.017725175734327
64.94498239374032,25.87477417470971,7.787526236004729,18.9933434550831
64.51012865262402,25.914696843155653,7.834133414991725,18.91349811819121
63.87181204222955,25.939858136050322,7.877081540640626,18.863175532401876
63.62847058039245,25.980344117664124,7.9524994198804295,18.782203569174268
62.59169716925001,26.00253001303801,7.968881299943521,18.737831778426496
62.5816107980329,26.025467609536527,7.989054042377752,18.691956585429466
62.56714800606959,26.27381107587449,8.017979626304363,18.60604691611816
61.56073857770395,26.509073489283466,7.98055918817324,18.545569948272682
61.76684609949987,26.73567558710944,7.976858807687499,18.50088041572684
61.75143386666983,26.960779527739483,8.007683273347602,18.45847675379105
60.51409639276843,26.384991871382045,8.03594637200204,18.38684614193175
60.51396915444454,26.8107371463474,8.03620084864982,18.34975195462076
60.51876844974272,27.63458812962191,8.026602258053465,18.32871609081053
60.52023086417756,27.665457709567264,8.023677429183772,18.266976930919824
60.30519449375492,27.721959830312514,8.048500600736693,18.153972689429324
59.0743306576288,27.79062825372818,8.08591850669369,18.016635842597996
59.05879776694544,27.635826368373515,8.11698428806041,17.923519028082406
59.04813924639517,27.68070085283728,8.138301329160939,17.83377005915488
59.02796398529614,27.744392617046145,8.178651851359001,17.706386530737152
58.81331565380157,27.801633944002976,8.208102515316886,17.591903876823487
58.39060212555974,28.076259201199303,8.256133786280039,17.441351255191087
57.38908989883845,28.340473483578073,8.272423945411857,17.3102695492957
57.557145618147615,29.39582793710735,8.332035898472448,17.17817760063181
57.56449553012354,29.455780648415733,8.31733607452061,17.05827217801504
57.55637611179387,29.70581580395947,8.33357491117995,16.95103473479319
57.535435784697476,29.181764310978977,8.37545556537273,16.82448606756155
57.13987282872626,29.637489220981543,8.385724949381556,16.69389277549003
55.94553822755589,30.082476083769258,8.44220555751217,16.581315247984637
55.9202462757974,30.129058312368233,8.492789461029144,16.488150790786683
55.90482328245677,30.17871202066367,8.52363544771042,16.388843374195808
55.68921015625426,30.242087809084143,8.568252760258806,16.262091797354863
55.47698390018855,30.294234692649,8.607189246729984,16.157798030225152
55.261012464121755,30.342281472500723,8.65447991140089,16.0617044705217
54.83798547552677,30.40153379183079,8.732435434208773,15.943199831861572
54.995891640555186,30.45665953014648,8.800259852712832,15.832948355230185
54.96938382832199,30.510024750983952,8.853275477179226,15.726217913555244
54.95159493704805,30.55807721303959,8.888853259727103,15.630112989443969
54.941367563373944,30.59786754005581,8.909308007075303,15.550532335411535
54.739313651888736,30.62953663389044,8.932565199834123,15.487194147742269
53.56857834498291,30.277190625204817,8.992188221440829,15.431270301045199
53.747844880887115,30.303210317534184,9.01414409645366,15.37923091638647
53.56313311865563,30.876973232595944,9.0034783854366,15.37197279270309
53.384129130392466,30.67866330246266,8.981684808938423,15.38879109994517
53.78573054417171,30.457028275569314,8.937846794580423,15.452378747131618
53.621187153675585,30.42684714986634,8.887051306769397,15.512740998537568
53.463949046306475,30.38607798515046,8.8216126978469,15.594279327969325
54.080511769684264,30.533507613279546,8.728516101836306,15.679429688626147
53.93597686160064,30.49767475730567,8.637902083902626,15.751095400573897
53.78187868685008,30.47254061442203,8.56690201989006,15.80136368634118
53.81431463006848,30.450713776497633,8.502030133453255,15.84501736218997
53.84582591855848,30.43749079717161,8.439007556473257,15.871463320842018
53.861267298091256,30.440228413885475,8.408124797407714,15.865988087414287
53.87172941784621,30.651705745922406,8.387200557897797,15.819991777871433
53.88312133161524,30.849238790216607,8.364416730359736,15.800850351505822
53.8912229390471,31.05768683390171,8.348213515496024,15.759207580835911
53.90667155356889,31.265883043993384,8.31731628645244,15.717179589027953
53.920297857075624,30.5366634632541,8.290063679438974,15.68274632284908
54.11497636405152,31.284133712019752,8.272952355692782,15.676788586140205
54.314475495521755,31.090800330829218,8.24581904911871,15.691590392154875
54.51117740696694,31.076064001645104,8.224032062381461,15.721063050523108
54.343043118254144,31.07278257865984,8.18862539864567,15.727625896493636
54.7190443123048,31.085053636112754,8.178950059331155,15.703083781587804
54.15613271805805,31.087085038088645,8.192860355500256,15.699020977636025
54.31113037092698,31.096698172985924,8.253681997242355,15.679794707841468
54.490786928003764,31.102364855322207,8.265947537532062,15.6684613431689
53.74858525890743,31.084597849742032,8.26386016482616,15.703995354329253
53.92665215374081,31.098776049060547,8.279834618533505,15.675638955692225
54.10214730124929,31.11591616437199,8.300810384006835,15.641358725069338
54.2721019800295,31.145519969859894,8.332723333059675,15.582151114093525
54.44840868294772,31.16875855317333,8.351609051636276,15.535673947466655
53.88747938722926,31.374166047854693,8.36005005484312,15.495998154180624
54.05648405051186,31.587164405688746,8.392740970233586,15.440701680468194
54.21078178744513,32.00195698175268,8.454590847102818,15.352007229811866
54.16828534141495,31.865741599840337,8.539583739163177,15.254243414890333
54.33436762737926,33.03783856944078,8.57761925681788,15.13125001318937
53.57966707520368,32.55052358838879,8.610897270276524,14.99878765712396
53.74441469312536,33.174763804574376,8.649039651705008,14.853220076568304
53.9118347428716,33.249415300989966,8.68032893418175,14.703917083737128
53.88258581422724,34.07136612660094,8.738826791470466,14.517799340588537
53.85272490894671,33.97323425513298,8.798548602031515,14.351392992557816
53.834449929153806,34.04875110163303,8.835098561617334,14.200359299557725
53.800066132708885,34.31503563225285,8.903866154507176,14.02735452932582
53.777547772364436,34.580243933011715,8.948902875196069,13.855072224537965
54.132303778838335,34.65006971754976,8.952013666645723,13.715420655461873
54.13845165318622,34.72730064166948,8.93971791794995,13.56095880722243
54.13762057019403,34.79740993917115,8.94138008393433,13.420740212219092
54.124270401014925,34.86731715936958,8.968080422292552,13.280925771822238
54.64642985104122,35.28322507837536,8.967834659343186,13.145158691879498
54.65393200774722,35.52391919052064,8.95283034593117,13.00975009044069
54.67449828930948,35.064902753631564,8.911697782806652,12.896699895283538
54.69739057474523,35.46308624770769,8.865913211935158,12.782959212924085
55.06372093826519,35.50493048991913,8.810941383339948,12.699270728501212
55.59592497256971,35.54699865380525,8.75656359723804,12.615134400728977
55.451277620892434,35.592651523563575,8.711346178188773,12.523828661212326
55.6433720682399,35.80360098227254,8.659547820378641,12.434320280679183
55.84142094013109,35.49914525211662,8.593637524660645,12.382856844862266
55.21802173522131,35.858977034288756,8.527136249532148,12.319843122992019
55.57790635793651,35.405411145524816,8.459923887824889,12.248139574935184
55.61336707923043,35.42460310132431,8.389002445237049,12.209755663336196
55.64757387418354,35.271749279467066,8.320588855330822,12.193123083111757
55.669057021611366,36.095389256149,8.277622560475173,12.15063955680714
55.69247027215784,35.95484880863231,8.23079605938223,12.1121105767887
55.54744034532555,35.655856847079875,8.202599916291435,12.07358250638281
55.71496386456462,35.822173706600815,8.184763188760485,12.058159098288135
55.88954863150985,35.815639508481425,8.152276990568705,12.071227494526905
55.91054837987874,35.64379477089019,8.110277493830926,12.098575012220037
55.940138378308255,35.45873050246536,8.051097496971886,12.152646742814571
55.95743684117171,34.97946758585349,8.016500571244974,12.16351389355066
55.979534674795836,34.50150829282096,7.972304903996726,12.173009031315146
55.84550158499454,34.969164043243026,7.925489013317453,12.182343741316606
55.71811216069156,34.32769971194237,7.866024958200823,12.208300789027586
55.43585963488048,34.47096768345657,7.803248602699383,12.235405549560998
55.31603516233432,34.59818054214455,7.729898905960562,12.293978474016164
55.04574841146898,34.56154217620439,7.645177791551631,12.367255205896479
55.24859726259203,34.364159900273734,7.551800750839384,12.449699096223945
54.353114012479644,34.15709638420384,7.47088968066248,12.55184653329679
54.39149970861258,33.632334410392765,7.394118288396613,12.664966905818261
54.42822906220433,33.738113744266876,7.320659581213104,12.765923778526224
54.46341075540827,32.75019894079812,7.250296194805227,12.8651555415503
54.49887969519716,32.703030543949495,7.179358315227441,12.959492335247546
54.52783709462957,32.66153191659911,7.121443516362638,13.042489589948314
54.557054972053,32.61147773816002,7.063007761515769,13.142597946826498
54.58149389737218,32.56598347691396,7.014129910877416,13.233586469318617
54.76436886207014,32.520342428000724,6.962813149438548,13.324868567145087
55.097779528516945,32.63831771157395,6.925776351621248,13.403810267536796
55.27872532669141,32.909553491177235,6.879297559057037,13.492164315899648
55.770312729141466,33.34927551718705,6.843841681686683,13.56043919140977
55.62532472408385,33.0152889853688,6.817524121005406,13.595825113453255
55.319990754617564,33.78875908335667,6.795479086009348,13.63066735229911
55.650332210300135,33.626618625523335,6.767765389452512,13.638463660561634
55.02730070074155,33.47998538434103,6.749350998448985,13.61561079039608
55.185241993659304,33.66416965947885,6.748935729473452,13.562709556980394
55.34115261612559,33.84572843919098,6.7518023405614995,13.514279853576761
55.34434117892456,34.027921736981305,6.745425214963563,13.46392341841431
55.338985374250846,34.3758455301981,6.75613682431099,13.394444697326302
55.493698409800956,33.94211057407044,6.759064767520373,13.324852566652828
55.47607869802313,34.76693492860755,6.794304191076026,13.23213891026407
55.46248276935208,34.65039118463333,6.821496048418123,13.154588996283138
55.44469361084485,34.53300152629999,6.857074365432577,13.079399053566421
55.12353693815579,34.716086194215805,6.880431668432024,13.02270773892413
54.800350865599235,34.899043952707785,6.908710036428284,12.965839110498584
55.25002157270372,35.23663743104425,6.9354578294493034,12.908044958645643
54.93088850212383,34.49279509700771,6.9571140896088615,12.854204924218163
55.53480914423427,34.676192418520486,6.980806820146672,12.795293784882272
55.216641075960595,34.8585957349955,7.002300375159966,12.737908442699291
54.89733313157831,35.03401051646364,7.027030282622573,12.694021870413987
55.19603008550072,35.19916525360615,7.043071890294211,12.670430153887207
54.733312604976796,34.29379582576113,7.048577541499282,12.641310389891672
54.892541546948706,34.30391948815439,7.036427090431852,12.621063065105153
55.0568345235764,34.30453702801515,7.01364331977314,12.619827985383635
54.30476657651953,34.157870622551926,6.990797591603624,12.607764471853432
54.46912135166523,35.08004126584002,6.9669176951947795,12.592401108572513
54.6242705607107,35.09083098393609,6.960815934430266,12.570821672380383
54.780862324947826,35.105033584538155,6.95140716293348,12.54241647117625
54.7854284671348,35.120598774904835,6.942274878559525,12.511286090442889
54.94066416386334,35.13383000979621,6.93438514452551,12.484823620660142
55.09253033931901,35.00315320840228,6.932710100924356,12.444119916137803
54.96464808363281,33.940988168860024,6.887045899237865,12.458449003810049
54.986906757587505,33.93346002111912,6.84252855132847,12.473505299291865
55.00940659267681,34.06196990790963,6.797528881149853,12.516811363894629
55.02956001362815,34.05720223034703,6.757222039247184,12.526346719019823
55.04715384038376,34.04772875783144,6.722034385735969,12.545293664051004
55.06107597387222,33.74483818143186,6.694190118759034,12.5524267785884
55.0695876790129,33.435666736132546,6.677166708477678,12.572864980110372
55.22800117509858,33.86125132541349,6.659300709923155,12.618578782398995
55.52642432268202,33.39657356481062,6.661106115719518,12.64995675215988
55.9623452612828,33.82477534138154,6.688715852925663,12.693004813425757
55.805895138535334,33.4802712272043,6.700693870020856,12.780168584980746
56.698399207224945,33.44330889406338,6.73012346138233,12.854093251262587
56.676437794795106,33.41368134614846,6.774046286242009,12.913348347092427
56.65125691439143,33.38845998872727,6.824408047049358,12.963791061934796
56.77795931177352,33.21269550431428,6.878225145775653,13.008098137270299
57.069230443545464,33.026315168621466,6.913272199970495,13.072064149786563
57.500250249401134,33.15777079178067,6.9822348990483825,13.119487007064567
58.08836019496274,33.284578284281565,7.054861599793957,13.17808367002997
57.89823178748944,33.09185562371525,7.120803027901578,13.24921360432364
57.8644798970298,32.90486195416526,7.188306808820853,13.30671247078817
58.6267692491899,32.55250768342328,7.256165962364807,13.374445869126488
58.90395567508653,32.692425622342036,7.343078803163232,13.415252837584813
58.67151172359078,32.69038810147053,7.485240164456349,13.419327879327817
59.10486870703705,32.524317877678804,7.59414976184335,13.426260472151423
59.38591358964046,31.669227894748353,7.686381593295432,13.500636446365082
59.33926016187911,31.47193935741413,7.7796884488181375,13.565389214092944
59.305756252281014,31.595048309176164,7.846696268014327,13.651534300711717
59.65461109474971,32.053439808015966,7.81853023868624,13.739066786446058
59.8160875916318,31.32252866322716,7.831165446160012,13.85853627107187
60.153135019315364,31.284224537143785,7.832204676586241,13.935144523238623
61.31456691331537,31.241687153256088,7.88034914235048,14.020219291014012
61.96919797748299,31.009430963622826,7.934242697254689,14.143942749470668
62.313163877484584,30.24851290753844,7.9333716085323776,14.29165743907768
62.31752911599438,30.344038494755985,7.924641131512783,14.446300176069869
63.02949838689786,30.247368100584918,7.891996275548463,14.639640964412004
63.560185400018966,29.46663391866563,7.8809545597151205,14.80066624770542
63.75211721915971,29.54478284289417,7.849378840097294,14.996656317912006
64.99575430699004,29.60946900907428,7.844463667349022,15.221906700253557
66.425790279016,29.147639053674492,7.847104006345979,15.429888540290909
66.44724795320025,29.39281202136596,7.804188657977483,15.661399539231489
66.64987339538442,28.15537509703296,7.762509161707854,15.95484505930531
66.86899357223476,28.195747422063903,7.691399467365424,16.241231068601667
68.01418949470357,28.063332222271242,7.621393830438972,16.506061468186985
69.16029564636986,27.198572439971176,7.565327040792237,16.744817356996556
69.36739472183805,27.281680099004333,7.526301007415283,16.95377415648966
69.40150360337434,27.17043545194047,7.458083244342708,17.17626345061738
70.1813980287736,27.07603534237627,7.416411561121247,17.365063669745787
70.96393563930599,26.40716137819188,7.3774154222628106,17.558252286459815
71.76069496331044,26.316954315497448,7.318360269548964,17.738666411848683
73.33736340168521,26.026282183539585,7.2463622475681575,17.93484331891833
73.38737488694159,25.723638631401123,7.146339277055408,18.153421365834088
73.44850806167705,24.848672104406152,7.024072927584484,18.351098604979136
74.85743186985736,24.574817430727464,6.927186927945179,18.51009914994775
74.89896808799675,25.323358716927356,6.844114491666403,18.569991472575317
74.94002533176976,25.291982128728822,6.762000004120385,18.632744648972384
76.48506796448792,25.062337553377386,6.776058868977334,18.70401578338859
77.42471177052188,25.27849850109103,6.843215886124046,18.660982813804225
77.36574117784691,25.488626233587574,6.961157071474,18.63061438659913
77.74004704773343,25.476594886100333,6.9957008581638025,18.654677081573617
77.694916313051,25.7105451635557,7.085962327528665,18.579319650145276
78.04158185623261,24.550404761020495,7.178803630651972,18.541083286756116
79.57543304073532,25.58573307609305,7.264720950953559,18.44143896242788
79.9864993099454,25.37915981089594,7.231208771777566,18.460275313200007
81.56322783175716,24.726632782226172,7.229604285092724,18.58338466168754
82.19008456253977,23.638868570757104,7.163044524575533,18.780323582878975
82.44440484849997,23.94258647615422,7.051750385058818,18.967580636892134
83.67968176470609,24.655077376093125,6.969344209677886,19.134697275035197
84.51581067364815,24.60714477882311,6.8927890587918315,19.230562469575226
84.52995758655663,24.53268532537174,6.86449523297485,19.379481376477962
84.9351392599422,24.72497238370432,6.855171485067331,19.395427059244607
86.32807181126326,24.90546696042454,6.873352258128952,19.435015888047555
86.09378715849242,23.686943240413534,6.940450021038243,19.46323407227518
86.04917476832775,24.28530971707086,7.029674801367563,19.475768767255474
87.01108159495168,22.875090014027307,7.1302717929198245,19.462033270622456
87.81804764047585,23.26866519384451,7.142350398610326,19.487888259357483
88.4306852996983,22.667302145770268,7.1383442370897185,19.469345198581685
89.87122197298746,22.412930758320037,7.104539726918077,19.57133528256691
89.87363629766573,22.361482575044487,7.099711077561558,19.674231649118006
90.08436601896261,22.12679924416034,7.087230729119447,19.734619216734618
91.08598044901571,22.160292014567553,7.132075227313596,19.667633675920182
92.0972044061176,22.200811633850922,7.15697636584308,19.586594437353448
92.51652823947677,22.258843365325138,7.135854330216504,19.470530974405015
92.51592501004373,22.70037815243638,7.137060789082587,19.40091081702701
93.91633841565458,22.52548673302744,7.176500081321365,19.344941355350535
95.28078869757339,22.395514685546065,7.287243434600537,19.199222033582316
96.43161520182103,23.290671715074094,7.419015769929439,19.03119153707572
96.21436210179637,23.32919275887093,7.447996504369893,18.954149449482042
97.62433550654309,23.36495387026499,7.462621257285724,18.882627226693923
97.43179115695439,23.34972653778145,7.443536038917671,18.913081891661008
97.45405998736533,23.33329129739965,7.398998378095785,18.945952372424607
97.50083180535408,23.09650471539303,7.305454742118279,19.015580103941062
98.96767250023541,22.231935411984168,7.194653058680614,19.131644592858795
99.03730807977698,22.160480559893003,7.055381899597485,19.274554297041128
99.10251812402609,21.88995603963904,6.92496181109924,19.413128444627326
100.37023159357283,21.607095901393304,6.802102407374594,19.576754131890652
100.40939959896566,22.16579879750323,6.723766396588923,19.665938416815816
101.83878919414164,21.941964424200187,6.679269954552881,19.711566770805348
103.04387759789113,21.50144901804987,6.680362406246618,19.788841163375086
103.42734941212066,22.093152994984337,6.719410975305281,19.814421505782775
103.9893651196014,21.296469658619078,6.807594421496053,19.791501696976994
103.95292440014693,21.30213617255646,6.880475860405004,19.780168669102235
104.34301119091332,21.32833054942426,6.913333434714539,19.72777991536663
105.72024094118748,21.147848384739405,7.003438925876899,19.6823778173491
105.69906281611667,21.972867209707356,7.045795176018531,19.66175331463659
105.7204418359835,21.556350069797293,7.003037136284875,19.67913549963358
106.16114777719837,21.35866313144,6.936224855001195,19.667209575775146
107.62373238437681,20.929545269184054,6.85248930843484,19.713607109489754
107.66844603225903,20.894409864989353,6.763062012670401,19.783877917879153
107.91790729215417,20.871213180276577,6.668572264685383,19.8302712873047
109.3681708281878,20.812870894348464,6.591631842919149,19.946955859160926
109.4005312265318,20.762609290358697,6.526911046231171,20.04747906714046
109.62470037679742,20.739051015957216,6.482433708273289,20.094595615943426
111.00775323528951,20.911471077988338,6.542319497983774,20.153468564266134
110.95918683445296,21.33598944611896,6.639452299656887,20.115723853493183
112.13660278735956,21.16876215042469,6.725959116478112,20.043288657775978
112.08292162849587,21.197643866386276,6.833321434205508,19.985525225852804
113.06586686388212,21.19761432116405,6.910326549398185,19.985584316297256
113.05655878385309,20.994335656549076,6.928942709456223,19.982160536839896
113.67399106116812,21.408358145741243,6.924890568370026,19.974657167484786
113.69449093473358,21.00460630193962,6.883890821239119,19.961980080844405
114.13584447015047,21.188917392438558,6.819512904679623,20.00252247698368
115.59161568652355,20.315456519518158,6.7679553388056926,20.11516715604034
