0.8148069
0.4855463
0.0759008
0.0751708
0.0743641
0.075085
0.0757496
0.0831556
0.0859525
0.0855636
0.0855918
0.0911807
0.0848589
0.0815696
0.0804977
0.0806737
0.0735742
0.0733793
0.0733101
0.074315
0.074208
0.0742276
0.0800536
0.0831336
0.0829414
0.0883354
0.0961981
0.089831
0.0898312
0.0889032
0.0831396
0.0876403
0.1053605
0.0853319
0.0820275
0.0800232
0.076206
0.0744529
0.0969182
0.0764867
0.0729454
0.0744579
0.0751063
0.0727492
0.0734176
0.0741607
0.0736026
0.0731573
0.0730416
0.073962
0.073621
0.0736552
0.0820927
0.0753086
0.0741489
0.0745978
0.0744218
0.0766137
0.0781933
0.0760588
0.0747739
0.0759373
0.0752728
0.074442
0.0739836
0.0765718
0.074299
0.0757454
0.0747608
0.0756914
0.0761165
0.0754065
0.0735894
0.072883
0.074086
0.0735203
0.0727459
0.0735068
0.072889
0.0751909
0.0747501
0.0734275
0.0738903
0.0729857
0.0748523
0.0734809
0.0727422
0.0733404
0.0740592
0.0737797
0.0730939
0.0723847
0.0732066
0.0726763
0.0724028
0.072215
0.0724939
0.073598
0.0725414
0.0717769
0.0735572
0.0752001
0.0735049
0.1088803
0.0754914
0.0742657
0.0750237
0.0751846
0.0725725
0.0748219
0.0730502
0.0726889
0.0722928
0.0726787
0.072987
0.0725837
0.0753147
0.0774614
0.0752435
0.0746714
0.0744747
0.0733278
0.0731556
0.0727848
0.0752299
0.0723487
0.0760973
0.0769035
0.0737402
0.0736905
0.074576
0.0745534
0.0777817
0.0791374
0.076981
0.0744241
0.073978
0.0751943
0.0752646
0.0742819
0.075349
0.0735625
0.0736424
0.0738548
0.0747347
0.0737058
0.0734007
0.0732238
0.0741251
0.0727699
0.0752767
0.0741366
0.0773948
0.0744244
0.0765543
0.0771257
0.0741872
0.072597
0.0728416
0.07312
0.0717608
0.0721349
0.0731588
0.072936
0.0748384
0.07316
0.0741241
0.0744685
0.0730275
0.0738032
0.0731884
0.0736035
0.0739642
0.0746551
0.0724029
0.0734508
0.0725261
0.0726587
0.0732187
0.072805
0.0744375
0.0749343
0.075398
0.0755424
0.0756115
0.0771976
0.0760257
0.0759164
0.0756247
0.0752325
0.0746734
0.075966
0.0744721
0.0735223
0.0760532
0.075255
0.0760627
0.0747875
0.0752987
0.0745458
0.074656
0.0792386
0.0770482
0.0748739
0.0761394
0.0783381
0.0740337
0.0734425
0.0761007
0.0781639
0.0739574
0.0745242
0.0733079
0.0751295
0.0846171
0.0744333
0.075134
0.073571
0.0736594
0.0749383
0.0752543
0.0735823
0.0732875
0.0740807
0.0738366
0.0731873
0.0745096
0.0732914
0.0735367
0.0750998
0.0728904
0.072934
0.0750667
0.075666
0.0742955
0.0730404
0.0722656
0.0728444
0.0725901
0.0748834
0.0736978
0.0726981
0.0727348
0.0729674
0.073568
0.0747057
0.0736336
0.0739002
0.0738217
0.0744623
0.0772428
0.0720017
0.0745516
0.0750457
0.0758131
0.0763273
0.0762298
0.0755411
0.0758068
0.0761013
0.0768587
0.0768828
0.0756501
0.0802815
0.0736757
0.0731202
0.0722033
0.0725065
0.0723125
0.0727521
0.0721648
0.0732181
0.0722433
0.072523
0.0726111
0.0727329
0.0821346
0.0765014
0.0743791
0.0740322
0.0733112
0.072966
0.0731427
0.074428
0.0733679
0.0739911
0.0716566
0.0738772
0.0738464
0.0734933
0.0725109
0.0727345
0.0724908
0.0721644
0.071991
0.0753985
0.0721125
0.0724958
0.0738599
0.0736044
0.073166
0.0723331
0.0720535
0.0733532
0.0726006
0.0721311
0.0724828
0.0721214
0.0720036
0.0714503
0.0721913
0.0723775
0.0717495
0.0716526
0.0720151
0.0744383
0.0722803
0.0742012
0.0730583
0.0729957
0.0735106
0.0737499
0.072685
0.0721794
0.0722117
0.0725566
0.0740865
0.0734317
0.0723358
0.0794095
0.0788386
0.0763979
0.0772321
0.075974
0.0753858
0.0754121
0.0752761
0.0761514
0.0758186
0.0739732
0.0773048
0.0736233
0.0731926
0.0734974
0.0724845
0.0727521
0.0730069
0.0723423
0.0727862
0.0738205
0.0721519
0.0725576
0.0715395
0.0718861
0.0726166
0.0725293
0.0720359
0.0732239
0.0730197
0.0721594
0.0733445
0.0726208
0.0736004
0.0732086
0.0737394
0.073186
0.0716625
0.073158
0.0757028
0.0728166
0.0726229
0.0729126
0.0723894
0.073266
0.0723044
0.0727963
0.0746346
0.0740182
0.0748787
0.0725527
0.0729138
0.07432
0.0733219
0.074289
0.0727323
0.0722733
0.0722408
0.0724141
0.0729973
0.0750685
0.0720581
0.0732596
0.0757141
0.0756005
0.0738672
0.0738544
0.0748291
0.0736598
0.0733466
0.073726
0.0834172
0.0742088
0.0761374
0.0737968
0.0734874
0.0771042
0.0738492
0.0737434
0.0730473
0.0730327
0.0748926
0.0731433
0.0738272
0.0732191
0.0734624
0.0736109
0.0733913
0.0739636
0.072639
0.0734005
0.0739083
0.0755403
0.0751206
0.0757314
0.0755255
0.0746063
0.0750176
0.0746039
0.0758145
0.0799424
0.0739318
0.0732834
0.0732318
0.0740396
0.0752122
0.0736731
0.0729187
0.0742882
0.0752982
0.0737703
0.0740466
0.0746298
0.0722862
0.0745788
0.0739847
0.0728898
0.0754438
0.0734918
0.074369
0.0741167
0.0741285
0.0747892
0.0748163
0.0730499
0.0726497
0.0731302
0.0753374
0.0738843
0.0722462
0.0736756
0.0716646
0.0726359
0.0727817
0.0723499
0.0726598
0.0726255
0.0733076
0.0716379
0.0719825
0.0719212
0.0720912
0.0730247
0.0723127
0.0726357
0.0718887
0.0719908
0.0721637
0.0718689
0.0722492
0.0756424
0.074122
0.0734088
0.0741999
0.0732406
0.0716662
0.0727756
0.0734587
0.0722849
0.0740609
0.0726807
0.0755548
0.0763054
0.0743796
0.07529
0.0733598
0.0729371
0.0745967
0.074196
0.0741543
0.0744072
0.0758204
0.0722421
0.0736808
0.073822
0.0723154
0.0738305
0.0762495
0.0748894
0.074492
0.0738918
0.0735515
0.0726788
0.0739067
0.0753785
0.0759848
0.0729275
0.0738906
0.0762133
0.0738516
0.0737845
0.0777377
0.0729429
0.0729071
0.0739396
0.0737382
0.0741836
0.0738302
0.0730862
0.0718097
0.0741769
0.0718816
0.0738883
0.0730372
0.0722584
0.0729009
0.0726767
0.0721033
0.0721228
0.071427
0.0722823
0.0721218
0.0719147
0.072546
0.0729626
0.0716653
0.0718485
0.0725932
0.0721946
0.072012
0.0725634
0.0721095
0.0724685
0.0713923
0.0722587
0.0724173
0.0727154
0.0723821
0.0729162
0.0722893
0.0732332
0.0742609
0.0748523
0.0751082
0.0719046
0.0721688
0.0726914
0.0724282
0.0725638
0.0729919
0.0726677
0.0737417
0.0748234
0.0723686
0.0723335
0.072742
0.0732206
0.0754608
0.0730198
0.0748512
0.0750878
0.0771909
0.0749682
0.0749654
0.0754765
0.0737927
0.073025
0.0730158
0.0737731
0.0732338
0.0732229
0.0736071
0.0728639
0.0739399
0.0736081
0.0736511
0.0732191
0.0728912
0.072148
0.0729655
0.0733658
0.075058
0.0771328
0.0743865
0.0728821
0.0752852
0.0744952
0.0733432
0.0740248
0.0734108
0.0729215
0.0737108
0.0761777
0.0745485
0.0735833
0.0727833
0.0727162
0.0737062
0.0722593
0.0738831
0.0730644
0.0724577
0.0743345
0.0744271
0.0730654
0.0739764
