0.0470897
0.0747014
0.0793577
0.0752364
0.0756412
0.074611
0.0749243
0.0729789
0.0742514
0.0746518
0.0765989
0.0739745
0.0712125
0.0725443
0.0718695
0.071384
0.0724974
0.0720912
0.0722452
0.0714567
0.0724456
0.0722375
0.07274
0.0723
0.0718147
0.0750284
0.0736016
0.0734024
0.0723953
0.0743094
0.0729088
0.0728439
0.074995
0.0745547
0.0725291
0.0714639
0.0723796
0.0841224
0.0722719
0.0722266
0.0733915
0.0742673
0.0744703
0.0724153
0.0755155
0.0736011
0.0739183
0.0733645
0.0757178
0.0745775
0.0724733
0.0725139
0.0716789
0.0786323
0.0753098
0.0748235
0.073377
0.0744119
0.0740339
0.0726783
0.0723832
0.0723231
0.0726739
0.0728838
0.0734586
0.0763212
0.0743084
0.076745
0.0764442
0.0745894
0.0741649
0.0754767
0.0734256
0.074633
0.0748354
0.0735455
0.0739821
0.0725707
0.0715419
0.0735083
0.0721279
0.0723147
0.0715863
0.0729129
0.0767956
0.0753966
0.0766313
0.0752039
0.0720481
0.0722185
0.0724561
0.0725132
0.0760743
0.0754946
0.0773893
0.0754957
0.0754121
0.0757417
0.0731807
0.0726326
0.0766695
0.0755319
0.0742075
0.0718931
0.0733859
0.0725018
0.0731074
0.0728127
0.072358
0.0725564
0.0721295
0.072333
0.072334
0.0715436
0.0726164
0.0724211
0.0724437
0.0714505
0.0722865
0.0724726
0.072121
0.0725427
0.0723874
0.0740909
0.0724101
0.0724774
0.0729957
0.0720091
0.0724023
0.0712996
0.0722612
0.0723108
0.0725767
0.0725349
0.071356
0.0723312
0.0722157
0.0720239
0.0716955
0.0739302
0.0717126
0.0715602
0.072061
0.0719493
0.0724153
0.072488
0.0767497
0.0719257
0.0721203
0.0719777
0.074899
0.0724225
0.0726837
0.0744
0.0716687
0.0724195
0.0728293
0.0732167
0.0724912
0.0719746
0.0725459
0.0714608
0.0737276
0.0723177
0.0734359
0.0724227
0.0727077
0.0724057
0.072983
0.0738179
0.0717564
0.0723075
0.0732508
0.0716648
0.072083
0.0729562
0.0720872
0.0728043
0.0747397
0.0719894
0.0718472
0.0714429
0.0731118
0.0732599
0.0724501
0.0730042
