0.0466019
0.0746142
0.074671
0.0741241
0.0735358
0.0739879
0.0734647
0.0747312
0.0742431
0.0735983
0.0740843
0.0733293
0.0741303
0.0737342
0.0739105
0.0731987
0.0733233
0.0742694
0.0742914
0.0741974
0.0741188
0.0732984
0.0745658
0.0740574
0.0735381
0.0742745
0.0735498
0.0737596
0.0742286
0.074445
0.0740935
0.0742369
0.0734801
0.0741395
0.0732841
0.0743518
0.0733671
0.0734931
0.074459
0.074626
0.0738444
0.0741219
0.073739
0.0743915
0.0736284
0.0743228
0.0732806
0.0737839
0.0732921
0.0746428
0.0739886
0.0740566
0.0756317
0.0740472
0.0740395
0.0746202
0.0747428
0.0737384
0.0741602
0.0740338
0.0735448
0.0736528
0.0742694
0.0744855
0.0750661
0.0741826
0.0743083
0.0742512
0.0739935
0.0756214
0.073397
0.0741203
0.0739916
0.0733758
0.0742674
0.0733893
0.0741558
0.0733475
0.0736615
0.0742705
0.0736654
0.0749104
0.0739224
0.0740953
0.0741934
0.074127
0.0726497
0.0748557
0.0737392
0.0744164
0.0738178
0.0742644
0.0741127
0.0733021
0.0738852
0.0736446
0.074414
0.0736224
0.0737771
0.0736365
0.0738289
0.0730405
0.0738473
0.074128
0.0748866
0.0740512
0.0726988
0.0742316
0.073154
0.0731649
0.0740319
0.0739397
0.0744995
0.0732064
0.0741175
0.0740489
0.0738614
0.0738787
0.0741615
0.0739921
0.0745707
0.0739803
0.0741238
0.0747499
0.0736678
0.0736687
0.0739185
0.0741931
0.072857
0.073548
0.0738343
0.0743605
0.073796
0.0734765
0.0746192
0.0742393
0.0741521
0.0736971
0.0742202
0.0732562
0.0736579
0.0739717
0.0749181
0.0732926
0.0735717
0.0729267
0.0736858
0.0732963
0.0738259
0.0738141
0.0735227
0.0744232
0.0737308
0.0735691
0.0730806
0.0736935
0.0729107
0.0734349
0.0736096
0.0733659
0.0733541
0.0727447
0.0737573
0.0736089
0.0731275
0.0734279
0.0738555
0.0736256
0.0740243
0.073465
0.0728942
0.0738894
0.0733655
0.0741507
0.0740292
0.0750644
0.0733532
0.0739209
0.0736505
0.0743137
0.0738893
0.0756928
0.0738039
0.1119635
0.0736293
0.0734294
0.0742835
0.0735251
0.0734957
0.0742144
0.0739564
0.0740611
0.0735755
0.0730785
0.0748533
0.0744299
0.0741919
0.0825373
0.0733787
0.0735071
0.0730238
0.0731698
0.0736941
0.0744833
0.0736592
0.0738465
0.0735468
0.0733758
0.0741013
0.0751974
0.0739003
0.0741535
0.0741753
0.0730515
0.0744767
0.0741243
0.073683
0.0731963
0.0729548
0.0744265
0.0741919
0.0740462
0.0741521
0.0736217
0.0737792
0.0742604
0.0741703
0.0741481
0.0740284
0.0734898
0.0745541
0.0741274
0.0739363
0.0744099
0.0728777
0.0742241
0.0745336
0.0741765
0.073941
0.0727984
0.0734415
0.0740486
0.073355
0.0733992
0.0734893
0.073655
0.0749913
0.0739119
0.0739102
0.0765475
0.0749853
0.0755864
0.0745515
0.0742538
0.0750478
0.0760759
0.0761925
0.077017
0.0732537
0.0729674
0.0737907
0.0736777
0.0738805
0.0741393
0.0735817
0.0738065
0.0734444
0.0744152
0.0734457
0.0745396
0.0764945
0.0758933
0.0735797
0.0740072
0.0735426
0.0735673
0.0738171
0.0737711
0.0738579
0.0739051
0.0749122
0.0748625
0.0736126
0.07367
0.0744375
0.0734683
0.0735249
0.0731732
0.073706
0.0736766
0.0739201
0.0732225
0.07442
0.0739001
0.073922
0.0737914
0.0736951
0.0741534
0.0733805
0.073582
0.0744265
0.0735015
0.073367
0.0743564
0.0737455
0.0728995
0.0743578
0.0741372
0.0732645
0.0731789
0.0744433
0.0748328
0.0744664
0.0738643
0.0731513
0.0737343
0.0733509
0.0739051
0.0736852
0.0738479
0.0737853
0.0737587
0.0738845
0.0739431
0.0739106
0.0733684
0.073877
0.0732036
0.0739715
0.0735726
0.0746335
0.0740342
0.0736933
0.0740908
0.0737668
0.0742329
0.0744145
0.0738794
0.0740177
0.073852
0.0737729
0.0739603
0.0738229
0.0737453
0.0743557
0.0740906
0.0744609
0.0745816
0.0749424
0.0739447
0.0742308
0.0744725
0.0731527
0.0736372
0.0732322
0.0736816
0.0739764
0.0735055
0.0736774
0.0737095
0.0745308
0.0736739
0.073457
0.0736967
0.0735426
0.0738735
0.074035
0.073519
0.0731723
0.0729822
0.0728479
0.0737501
0.0733913
0.0746682
0.0735345
0.0735348
0.0734922
0.0732512
0.0731123
0.0747838
0.0740521
0.073811
0.0741016
0.0730928
0.0743788
0.0752106
0.0741666
0.0742977
0.0740489
0.0740693
0.0743919
0.0740303
0.0738726
0.0739834
0.0737176
0.0743728
0.0744324
0.0738533
0.0737773
0.0735376
0.0740278
0.0741884
0.0740454
0.0738364
0.0738616
0.0742064
0.0734926
0.0736911
0.0738423
0.0733515
0.0740179
0.0735479
0.0736501
0.0734271
0.0742569
0.0736494
0.0740013
0.0742534
0.0739118
0.073665
0.0735676
0.0735314
0.0735834
0.0740692
0.0739472
0.0744156
0.0732888
0.0743318
0.0733579
0.0728934
0.0738471
0.0733751
0.073582
0.0739364
0.0741743
0.0730613
0.0736978
0.0737254
0.0744416
0.0737798
0.0747849
0.0739251
0.0740423
0.0737594
0.073766
0.073795
0.0742658
0.0738834
0.0733124
0.0738516
0.0740712
0.0734096
0.0739262
0.0730114
0.0735489
0.0733846
0.0741735
0.0746401
0.0736177
0.0740488
0.07406
0.0737205
0.0731707
0.0741032
0.0733093
0.0738512
0.0764757
0.07342
0.0737329
0.0736365
0.0737226
