0.0456685
0.072836
0.0740361
0.0733171
0.0731167
0.0737713
0.072809
0.0732264
0.0729512
0.0734941
0.0724824
0.0732766
0.0734696
0.0734318
0.0735831
0.0735555
0.0734754
0.0737954
0.073923
0.0731628
0.073747
0.0732605
0.0732622
0.072521
0.0729451
0.0732603
0.0734887
0.0734125
0.073329
0.0733931
0.0727865
0.0734106
0.0734409
0.0730996
0.0733071
0.0734533
0.0737885
0.0733523
0.072841
0.0736432
0.0739176
0.0732901
0.0741184
0.07259
0.0736689
0.0738511
0.0732114
0.0738451
0.0733839
0.0731377
0.0733901
0.0733255
0.0734245
0.0733946
0.0737229
0.0743907
0.0738369
0.0733334
0.0733716
0.0730988
0.0733477
0.0734334
0.0732281
0.0731966
0.0753717
0.0727297
0.0726301
0.0732311
0.07256
0.0740398
0.0731235
0.0733279
0.0729037
0.0732758
0.0733934
0.0743234
0.0740717
0.0739694
0.0734295
0.0733969
0.0736799
0.0740027
0.073949
0.073552
0.0733498
0.0742603
0.0739128
0.0732903
0.0737307
0.0732693
0.0741077
0.0754862
0.0736893
0.0734906
0.0737257
0.0730602
0.0728176
0.0726019
0.0737011
0.0730089
0.0734131
0.0733158
0.0733564
0.0728959
0.0738027
0.0732626
0.0730263
0.0731703
0.0734077
0.0739356
0.0730675
0.0731606
0.0728599
0.0725341
0.0738156
0.0728009
0.0728771
0.0732352
0.0733154
0.0740651
0.0742662
0.0736597
0.0744397
0.0737168
0.0736266
0.0740975
0.073801
0.0733657
0.0730778
0.0733075
0.073837
0.0734216
0.0737622
0.0736385
0.0731249
0.0745026
0.0732912
0.0733569
0.0734151
0.0735366
0.0738933
0.07383
0.0735245
0.0737038
0.0738479
0.0739052
0.0732441
0.0739374
0.0734791
0.0732347
0.0737724
0.0739579
0.0738708
0.0737093
0.0733112
0.0735687
0.0742396
0.0733107
0.0736145
0.0739273
0.0737267
0.0738748
0.0739613
0.0735966
0.076971
0.0769187
0.0758133
0.0728414
0.0740939
0.0738236
0.0736303
0.0728095
0.0739826
0.0736117
0.0735103
0.0733245
0.0740611
0.0742018
0.0730989
0.0736983
0.0737701
0.0737213
0.0743793
0.0732824
0.0735916
0.0735775
0.073378
0.0736247
0.0734237
0.0748809
0.0730168
0.0736103
0.0738569
0.0734578
0.0741299
0.0736924
0.0735734
0.0732475
0.0735831
0.0730462
0.0730642
0.0737386
0.0739091
0.0726828
0.0733342
0.0735904
0.0734078
0.0736683
0.0735513
0.0733557
0.073413
0.0736477
0.0739743
0.073408
0.0739711
0.0737812
0.0734112
0.0743639
0.0728105
0.0734686
0.0732535
0.0728252
0.0735871
0.0733801
0.0733848
0.0736188
0.0733849
0.0729672
0.0739286
0.0731803
0.0739624
0.0735995
0.0730997
0.0730205
0.073122
0.0732927
0.0731997
0.0732115
0.0733083
0.0736179
0.0731892
0.0732258
0.073826
0.0731032
0.0735575
0.0733383
0.0733102
0.0737985
0.0734362
0.0753005
0.0730633
0.0730626
0.0743689
0.0731325
0.0730981
0.0726104
0.0731292
0.073072
0.0734849
0.0736311
0.0730003
0.0733043
0.0731513
0.074472
0.0740619
0.0734917
0.0734644
0.0739215
0.0735323
0.0730232
0.073646
0.0732954
0.073344
0.0732747
0.0728512
0.0731963
0.0742708
0.0728614
0.0733425
0.0725139
0.0732096
0.073477
0.0740568
0.072968
0.0733591
0.0731125
0.0734297
0.074594
0.0731169
0.0731007
0.0723796
0.0727155
0.0732305
0.0732693
0.0735666
0.0742961
0.0734734
0.074282
0.0735732
0.073544
0.0743208
0.0730534
0.0733636
0.0735135
0.0734676
0.0736733
0.073956
0.0744794
0.0732615
0.0737512
0.073494
0.0736547
0.0739221
0.0731578
0.0730498
0.0737775
0.0733999
0.0733736
0.0733717
0.0738142
0.0726623
0.0734725
0.0734801
0.0736917
0.0730062
0.0748731
0.0729127
0.0728861
0.0731751
0.0730176
0.0728174
0.07344
0.0734435
0.0731633
0.0723026
0.0732673
0.0739125
0.0734121
0.0733529
0.073231
0.0738192
0.0739095
0.074045
0.0737883
0.0741008
0.0727998
0.0734051
0.0741727
0.0731419
0.0729384
0.0731474
0.0730279
0.0731197
0.0732384
0.0738329
0.0730234
0.0723383
0.0741134
0.0732162
0.0729972
0.073094
0.0730846
0.0734336
0.0737924
0.0738489
0.0727864
0.0732313
0.072995
0.0744944
0.0735043
0.0733542
0.0736768
0.0729477
0.0732163
0.0735228
0.0741256
0.0732795
0.0743088
0.0734927
0.0736795
0.073303
0.0734056
0.0726864
0.0726839
0.0729276
0.0728469
0.0735211
0.073593
0.0723151
0.0732364
0.0736977
0.0738449
0.0742095
0.0732175
0.0728684
0.072691
0.073313
0.0735862
0.0728775
0.073011
0.0725776
0.0730232
0.0736818
0.0744867
0.0737668
0.0735018
0.0738126
0.0734116
0.0734415
0.0753904
0.0735172
0.0737147
0.0727718
0.0734769
0.0734791
0.0734405
0.0726672
0.0741426
0.0733404
0.0726816
0.072739
0.0740946
0.0735471
0.0738877
0.0739304
0.0731496
0.0732707
0.0735328
0.0729137
0.0735446
0.073283
0.0727409
0.073268
0.0726746
0.0723265
0.0729811
0.0733312
0.073069
0.0729759
0.072614
0.0738373
0.0731811
0.0726852
0.0731423
0.07277
0.0736225
0.0730567
0.0729163
0.0733338
0.0728116
0.0732978
0.0738026
0.0734681
0.0730672
0.0730835
0.0738181
0.0737482
0.0734686
0.0737483
0.0733829
0.0727852
0.0725644
0.073469
0.0727992
0.0738699
0.0736104
0.0755327
0.0729389
0.0734012
0.073321
0.0726021
0.0732347
0.0733737
0.0733295
0.0740259
0.0733448
0.0728981
0.0738031
0.0730623
0.0736853
0.0736317
0.0734117
0.0728355
0.0731058
0.0733603
0.0741815
0.0732693
0.0735907
0.073622
0.073553
0.0746365
0.072732
0.0732487
0.0740843
0.0737812
0.0760832
0.0774088
0.074054
0.0738003
0.0739587
0.0740004
0.0735461
0.0740687
0.0738182
0.0735605
0.0735943
0.073645
0.0738472
0.0736996
0.0737534
0.0736822
0.0733964
0.0740796
0.0734698
0.0734687
0.073584
0.0731232
0.0741264
0.0734113
0.0735625
0.0730982
0.0733991
0.0739532
0.0735379
0.0738166
0.0736329
0.0730939
0.0736225
0.0734906
0.0744232
0.0732491
0.0736562
0.0731309
0.0743736
0.0748248
0.0734033
0.0734283
0.073117
0.0737596
0.0736489
0.0742633
0.0735567
0.074014
0.0741958
0.0743178
0.0741389
0.0738286
0.0743218
0.0738499
0.0744815
0.0734907
0.0726316
0.0737638
0.0735174
0.0736672
0.0737144
0.0742898
0.0735871
0.073646
0.0739282
0.0735078
0.0735449
0.0737538
0.0734662
0.0736591
0.0739368
0.0735391
0.0737107
0.073243
0.0736125
0.0732572
0.0741747
0.0730383
0.0739337
0.0739232
0.0731067
0.0729234
0.0736349
0.0739907
0.0740086
0.0728896
0.0733384
0.072911
0.0733293
0.0736188
0.0729958
0.0730218
0.0736082
0.0732905
0.0732448
0.0737035
0.0735072
0.0737702
0.0780138
0.0739692
0.0732827
0.0734743
0.0734095
0.0741995
0.0740502
0.0730991
