0.0441177
0.073231
0.1058794
0.147942
0.0753466
0.0741417
0.0741704
0.0746956
0.0724435
0.0746547
0.0729499
0.0732636
0.072524
0.0726765
0.0726094
0.0731487
0.0732384
0.0723586
0.0726832
0.0722426
0.0729581
0.0727667
0.0734421
0.0740207
0.0719109
0.0729585
0.0724395
0.0727887
0.0725024
0.0735288
0.0726419
0.0724905
0.073202
0.0725519
0.0721648
0.0721109
0.0732802
0.0727066
0.0725532
0.072577
0.0738273
0.0729083
0.0722932
0.0727757
0.0717788
0.0731046
0.0739494
0.0743253
0.0722018
0.0718116
0.0723773
0.0726605
0.0725362
0.0725887
0.0721952
0.0736707
0.0741873
0.0723178
0.072332
0.0731972
0.0727502
0.0723409
0.0724611
0.0723965
0.0720478
0.0726172
0.0726901
0.0726261
0.0728757
0.0727222
0.0735443
0.0721656
0.0723551
0.0723573
0.0732129
0.0724187
0.0724244
0.0718067
0.0738027
0.0720064
0.0724113
0.0723687
0.0723007
0.0726632
0.0724446
0.0728743
0.0720719
0.0723812
0.0718913
0.0732496
0.0727005
0.0729436
0.0732343
0.0726885
0.0727888
0.0726433
0.0723765
0.0733454
0.0734406
0.0734423
0.0740003
0.0737667
0.0736289
0.0723319
0.0727853
0.0723559
0.0717954
0.0725704
0.0727424
0.073063
0.0727409
0.0737871
0.0735188
0.0723306
0.0727781
0.0726437
0.0732671
0.0734933
0.073175
0.0741144
0.073331
0.072759
0.0729475
0.0724123
0.0728527
0.0726046
0.073163
0.074051
0.0732124
0.0728184
0.0727901
