0.0478121
0.0756886
0.0767912
0.0751744
0.0755173
0.0764106
0.075413
0.075544
0.0756177
0.0755037
0.0770499
0.0756914
0.0758125
0.0752626
0.0754405
0.0760315
0.0771735
0.077457
0.0769559
0.0749668
0.0759372
0.0755604
0.0755483
0.076047
0.0773449
0.0755603
0.0751264
0.0754442
0.0754279
0.0752761
0.0773314
0.0746414
0.0772672
0.0752045
0.0755527
0.074308
0.0755559
0.0743706
0.0749309
0.0751001
0.0750199
0.0744342
0.0742248
0.0754387
0.0751069
0.0745752
0.0747494
0.0747031
0.0752733
0.0747111
0.0756718
0.0752278
0.0774039
0.0779176
0.0765071
0.0749632
0.074219
0.077842
0.0769052
0.0777879
0.0747956
0.0746229
0.0748901
0.0746106
0.0748618
0.0743084
0.0781564
0.0785289
0.0762287
0.0738466
0.0743851
0.0746951
0.0742519
0.0747743
0.0743315
0.0753757
0.0746444
0.0749423
0.0746381
0.0751543
0.0743249
0.0747739
0.0746408
0.074283
0.0750639
0.0751589
0.0743228
0.0742657
0.0750798
0.0742733
0.0773927
0.0745553
0.0743005
0.0747083
0.0744238
0.0755394
0.0735945
0.0741349
0.0749005
0.0745611
0.0740468
0.0742846
0.0743507
0.0742134
0.074554
0.0762774
0.07446
0.0753516
0.0744248
0.0748734
0.0749035
0.0742293
0.0741505
0.0742868
0.0748514
0.0741751
0.074568
0.0744124
0.0742756
0.0749333
0.0747461
0.0753098
0.074501
0.0751597
0.0740707
0.0740893
0.0738665
0.0741722
0.0745073
0.0746674
0.0748304
0.0739749
0.074479
0.0743437
0.0745059
0.0744557
0.0750737
0.0745745
0.0739966
0.0745206
0.0744474
0.074086
0.0749338
0.0742434
0.0746793
0.0737277
0.0737556
0.0745963
0.0736997
0.0743245
0.0752489
0.077251
0.0757823
0.0751222
0.07429
0.0745162
0.0744242
0.0750286
0.0745498
0.0766982
0.0747997
0.0743384
0.0737687
0.0756486
0.074258
0.0745855
0.0745333
0.075103
0.0740928
0.0739741
0.0735997
0.0737575
0.0744433
0.074401
0.0748768
0.0745861
0.0746178
0.0741743
0.0740587
0.0731331
0.0740611
0.0746868
0.0747219
0.075311
0.0738513
0.0746059
0.0738881
0.0742415
0.0757271
0.0741226
0.0740261
0.0745256
0.0746902
0.0744845
0.074463
0.0743526
0.073946
0.0746534
0.0746581
0.0751256
0.0731445
0.0743868
0.0739772
0.0732988
0.0743118
0.0730993
0.0735361
0.0728827
0.0743206
0.0739283
0.0747309
0.0736746
0.0734271
0.0739186
0.0740609
0.0749095
0.0736752
0.0740391
0.0736823
0.0738531
0.0735365
0.0730559
0.0743801
0.073454
0.0735844
0.0743277
0.073206
0.0738276
0.0740799
0.0729467
0.0732023
0.0738609
0.0727366
0.072962
0.0733729
0.0735379
0.0741231
0.0732753
0.0735688
0.0735382
0.0739473
0.0734416
0.0741583
0.0738322
0.0728371
0.0726371
0.073735
0.0732615
0.0731343
0.0734256
0.0736733
0.0741292
0.0726099
0.0738439
0.0723248
0.0738145
0.0733968
0.0738063
0.0728554
0.0734217
0.0736147
0.0731594
0.0730894
0.0731631
0.0733022
0.073371
0.0729735
0.0749241
0.0739425
0.0743196
0.0738278
0.0735772
0.0733623
0.0735842
0.0734049
0.0737401
0.0735657
0.0735721
0.0732219
0.0742577
0.0726878
0.0731617
0.0729665
0.0737064
0.0737406
0.0736985
0.0730269
0.0736839
0.0733891
0.0730743
0.0734249
0.0732124
0.0738736
0.0744692
0.0729459
0.0727663
0.0733599
0.0746614
0.0735336
0.0735385
0.0727749
0.0724876
0.0734582
0.0729672
0.0735568
0.0737778
0.07363
0.0740306
0.0725594
0.0727455
0.0733912
0.0739962
0.0743816
0.0736053
0.073594
0.0730945
0.073724
0.0743676
0.0750566
0.0735748
0.073631
0.0747317
0.0739205
0.0728137
0.0733754
0.0749897
