0.0494114
0.0722225
0.0717027
0.0719589
0.0729557
0.0727376
0.0724384
0.0726614
0.0729508
0.0727019
0.0718893
0.0716124
0.0727363
0.0728447
0.0719344
0.0726695
0.072846
0.0729876
0.0725284
0.0730185
0.072217
0.0719374
0.0723131
0.0721219
0.0724278
0.0732606
0.0735655
0.0733711
0.0726334
0.0725784
0.0726724
0.0730708
0.0741692
0.0732741
0.0733139
0.0728615
0.0731778
0.0739031
0.0734966
0.0736266
0.0743262
0.0741656
0.0735448
0.0736854
0.0736249
0.0735988
0.0737596
0.0739465
0.0736621
0.0728858
0.0729733
0.073801
0.0733779
0.0738674
0.0727448
0.0739086
0.0738992
0.0735354
0.0737845
0.0742514
0.0736455
0.073869
0.0740327
0.0737835
0.0736525
0.073406
0.0725997
0.0734091
0.0736865
0.07359
0.0735445
0.0751021
0.0741452
0.0738694
0.0736229
0.0737721
0.0735332
0.0736752
0.0734052
0.0742432
0.0742754
0.0737481
0.074142
0.0737886
0.0738847
0.0726592
0.0729012
0.0733346
0.0732807
0.0736822
0.073318
0.0757242
0.0767829
0.0754899
0.0731348
0.0743949
0.0729612
0.0733305
0.073705
0.0731174
0.0734884
0.0740564
0.0741569
0.0740864
0.0744869
0.074046
0.0742145
0.0736796
0.0741458
0.0728255
0.0734766
0.0740155
0.0738634
0.0729134
0.0727997
0.0737729
0.0740018
0.0732549
0.0728214
0.0737205
0.0740788
0.0733824
0.0741277
0.0735724
0.0746039
0.0735359
0.0737577
0.0739858
0.0727798
0.0743842
0.0735159
0.0734692
0.073452
0.0732592
0.0736254
0.0740532
0.0736901
0.073815
0.0732856
0.0742942
0.0732513
0.0733061
0.073488
0.0733428
0.0740364
0.0738365
0.0738264
0.0739019
0.0744171
0.0750735
0.0743323
0.0758469
0.0741666
0.0751743
0.0735798
0.0729555
0.0733613
0.0735817
0.0737799
0.0743588
0.074249
0.0744853
0.0741391
0.0744409
0.0736844
0.0771325
0.0752161
0.0742441
0.0737543
0.0766716
0.0743204
0.0738066
0.0735454
0.073394
0.0732367
0.0730078
0.0733022
0.07391
0.0735643
0.0751089
0.0749517
0.0753805
0.0755101
0.0750289
0.0744074
0.074315
0.074952
0.0735547
0.0741031
0.0739115
0.0736132
0.0746173
0.0727204
0.0734914
0.0736944
0.0734206
0.0736815
0.0732176
0.0735463
0.0739464
0.0736485
0.072615
0.0733787
0.0740083
0.0737894
0.0747297
0.0734245
0.073671
0.0731681
0.0734939
0.0734299
0.0739199
0.0747106
0.072895
0.073213
0.0736381
0.0731892
0.0732418
0.075126
0.0742331
0.0742764
0.0740136
0.0730552
0.073573
0.0739521
0.0756043
0.0767394
0.1208648
0.0753482
0.076385
0.0753077
0.0761714
0.0759046
0.0766711
0.0800037
0.0782605
0.0749018
0.0739946
0.0739797
0.0780921
0.073171
0.073664
0.0733495
0.0724298
0.0720688
0.0720068
0.072591
0.0726362
0.0726672
0.0723918
0.0719424
0.0721178
0.0723091
0.0715142
0.0725696
0.0724734
0.0743771
0.0732185
0.0724675
0.0727139
0.073581
0.0732054
0.0742525
0.0724544
0.0744608
0.0731526
0.073585
0.0728083
0.0718114
0.0747572
0.0726067
0.0725702
0.0735517
0.0740925
0.0736122
0.0727114
0.0737202
0.0743261
0.0742432
0.0726685
0.0724144
0.0741292
0.0741605
0.0740507
0.0748556
0.0740202
0.074288
0.0740364
0.0738742
0.0724225
0.0735889
0.0735723
0.0738708
0.0740257
0.0743246
0.0734068
0.0771301
0.0753657
0.0740102
0.0740178
0.0736804
0.0818734
0.0756549
0.0735174
0.0744937
0.0754078
0.0726535
0.0729259
0.0738294
0.0736562
0.0751948
0.0731183
0.0797562
0.0806499
0.0741107
0.0733747
0.0734071
0.0751412
0.0733263
0.0746574
0.0740805
0.073844
0.073305
0.0755571
0.0721695
0.0725603
0.0727177
0.0726434
0.0761844
0.0774647
0.0745949
0.0715604
0.0732589
0.0727803
0.0736742
0.0746569
0.0728018
0.072411
0.0768987
0.0756958
0.0729551
0.0743577
0.0726357
0.0729454
0.0731982
0.0718618
0.0724535
0.07224
0.0729097
0.0735016
0.0721361
0.074296
0.0721825
0.0719289
0.071551
0.0724251
0.072925
0.0733234
0.0730709
0.0725296
0.0722968
0.0724218
0.0723269
0.0721446
0.0731555
0.0721871
0.0723549
0.0716041
0.0725704
0.0723082
0.0725908
0.0732547
0.0726236
0.0729863
0.0724018
0.0724765
0.0745152
0.0738663
0.0733746
0.0723722
0.0730293
0.0732942
0.0725224
0.0726717
0.0717048
0.0725666
0.0732772
0.0726345
0.0733495
0.0731516
0.0726446
0.0738734
0.0720293
0.0737678
0.0731717
0.072381
0.0734691
0.0725586
0.0726859
0.073269
0.0729339
0.0732322
0.073454
0.0721916
0.0722377
0.0724947
0.0732435
0.0718293
0.0727934
0.0719467
0.072695
0.0722194
0.0717268
0.0728475
0.0727203
0.0734628
0.0727088
0.0719732
0.0720267
0.0720568
0.0725111
0.0723126
0.0715683
0.0911481
0.073101
0.0718309
0.0728663
0.0722071
0.0726337
0.0748362
0.0729168
0.0719288
0.0728492
0.0739274
0.072268
0.0718372
0.1077097
0.0740224
0.0737123
0.0727688
0.0721693
0.0718826
0.0728705
0.0722511
0.0761864
0.0738784
0.0729951
0.0726011
0.0719905
0.0726327
0.0725111
0.072548
0.0722108
0.0779295
0.0737352
0.0752379
0.0748623
0.0730469
0.0728737
0.07266
0.0736042
0.0721596
0.0735031
0.0721286
0.0719496
0.0737734
0.07349
0.0723335
0.0721964
0.0734421
0.0728347
0.0719939
0.0731215
0.0716304
0.0731054
0.0723216
0.0726778
0.0728494
0.0731063
0.0734569
0.0729165
0.072616
0.0718548
0.0714544
0.0732078
0.0727836
0.0720341
0.0719697
0.0717842
0.0727492
0.0732209
0.0718806
0.0718701
0.0727344
0.0723651
0.072188
0.0724832
0.0718436
0.0725557
0.0743548
0.0728466
0.07231
0.0728443
0.0733634
0.0728135
0.0726691
0.0732101
0.0744407
0.0733417
0.0726272
0.0724556
0.0739939
0.0726753
0.0726477
0.0728596
0.0725804
0.0714519
0.0720304
0.0725993
0.072555
0.0718413
0.0735416
0.072877
0.0721447
0.0720567
0.0724284
0.0735746
0.0724089
0.0722102
0.0721039
0.0723784
0.0734295
0.072811
0.0735078
0.0722405
0.0722122
0.0728621
0.0729199
0.0733619
0.0720149
0.0731617
0.0740758
0.0720712
0.0733281
0.0744414
0.0726975
0.0726056
0.0722918
0.072472
0.0725498
0.0726206
0.0726516
0.0730062
0.0724931
0.0715077
0.0723956
0.0732133
0.0724552
0.0725484
0.0725496
0.0724911
0.0727159
0.073159
0.0719559
0.0723924
0.0743012
0.0729226
0.075245
0.0717201
0.0720633
0.0726263
0.0725099
0.0725353
0.0726626
0.0729014
0.0726206
0.0723258
0.0727666
0.072422
0.0731894
0.0728184
0.0727904
0.0721437
0.0722305
0.0722596
0.0725327
0.0718266
0.0727413
0.0726819
0.0721678
0.0730487
0.0726456
0.0724912
0.0720845
0.0730433
0.0723743
0.0722031
0.0727052
0.0733068
0.0736657
0.0735657
0.0723773
0.0728354
0.0726362
0.0725032
0.0730296
0.0732433
0.0729796
0.0729081
0.0730715
0.0739912
0.0725406
0.0729779
0.072753
0.0723826
0.0728618
0.0734917
0.073193
0.0727395
0.0727359
0.0729344
0.0720547
0.0728298
0.0741553
0.0723741
0.0732371
0.0728121
0.0720964
0.0727137
0.0729333
0.0717758
0.0722714
0.0727445
0.0722392
0.073165
0.0724191
0.0721175
0.0726118
0.0722862
0.071659
0.0749582
0.0728649
0.0728619
0.0757931
0.0756394
0.0762196
0.0741602
0.0723851
0.0727698
0.0723714
0.0732244
0.0744953
0.0756156
0.0743591
0.0761733
0.0744865
0.0757748
0.0765669
0.0750902
0.0726572
0.072425
0.072434
0.0714731
0.0719984
0.0723449
0.0724178
0.0725568
0.0744436
0.0716522
0.0734514
0.0718305
0.0725102
0.072875
0.0728214
0.0731153
0.0732352
0.0766048
0.0722149
0.071516
0.0729939
0.0721262
0.0724475
0.0716252
0.0725683
0.0781122
0.085281
0.0733536
0.0726016
0.0728586
0.0729605
0.0753025
0.0739122
0.0722633
0.0733747
0.0728024
0.0727549
0.072348
0.0721935
0.0724894
0.0742291
0.0719632
0.0721927
0.072473
0.0728744
0.073403
0.0730433
0.0722352
0.0724098
0.0715934
0.0730942
0.0715465
0.0734307
0.072928
0.0763462
0.0726175
0.0718451
0.0722941
0.073021
0.0726824
0.0719981
0.0767361
0.0729989
0.072754
0.0723549
0.0729606
0.0727113
0.0724335
0.0725075
0.072406
0.0729591
0.0725701
0.0728935
0.0725131
0.0726997
0.0725142
0.072424
0.0722817
0.0721971
0.0775469
0.0752449
0.0754155
0.0760166
0.0750721
0.0752132
0.0752496
0.0734319
0.0737364
0.0745682
0.0741071
0.0741822
0.0738285
0.0727745
0.0730847
0.0739384
0.0726135
0.0747651
0.0729451
0.074502
0.0744217
0.0738102
0.0747582
0.0734297
0.0748517
0.073791
0.0728432
0.0745455
0.0727842
0.0736972
0.0731974
0.0730844
0.0740573
0.0725946
0.0726798
0.0725718
0.0728962
0.0740348
0.0747041
0.0736391
0.0750221
0.074261
0.0731521
0.0742644
0.0721446
0.073086
0.0727669
0.0742812
0.0751582
0.0727218
0.0728048
0.0740678
0.0718044
0.0718867
0.0727231
0.0724076
0.0729099
0.0728893
0.0742397
0.0736029
0.071787
0.0733871
0.0721241
0.0733719
0.0744736
0.0746567
0.073577
0.0730329
0.0737794
0.0739001
0.0742476
0.0749013
0.0745545
0.073288
0.0735471
0.0742356
0.0740458
0.073761
0.0749332
0.075134
0.0728842
0.073351
0.0733672
0.0751851
0.0742622
0.0762044
0.0746374
0.0747119
0.0741054
0.0739031
0.0740821
0.0776893
0.0734715
0.0742864
0.0761201
0.076268
0.0762557
0.0759997
0.0747026
0.0764396
0.0763793
0.0772078
0.0769621
0.0782423
0.0762569
0.0748486
0.0743245
0.0739543
0.0737412
0.0779785
0.0759073
0.0745807
0.0782693
0.0749297
0.0736988
0.0744183
0.0754203
0.0752295
0.0746483
0.0744
0.0746864
0.0745041
0.0748972
0.0739769
0.0756079
0.0732404
0.0723698
0.0743364
0.073691
0.0742379
0.0732869
0.0731051
0.07363
0.0736281
0.0734945
0.0744002
0.0744583
0.0739505
0.0717516
0.0732986
0.072909
0.0716553
0.0731018
0.0722584
0.0730288
0.0722924
0.0714748
0.0724057
0.0724456
0.073537
0.0728302
0.0722228
0.0735179
0.0749997
0.0769209
0.0734988
0.0744533
0.0735687
0.0731717
0.0738647
0.0730627
0.074324
0.0758951
0.0760682
0.0752101
0.0752584
0.0755471
0.0718373
0.0727836
0.0740644
0.0742392
0.072878
0.0731608
0.0743448
0.0728149
0.0742231
0.0752987
0.0765093
0.073794
0.0741305
0.07397
0.0718323
0.0727615
0.0752257
0.0753292
0.0753475
0.0764636
0.0746116
0.07207
0.07232
0.0720488
0.0754482
0.0742674
0.0745234
0.0728059
0.0738176
0.0732154
0.0729798
0.075272
0.0724498
0.0740003
0.072479
0.0751437
0.0724674
0.0723175
0.07456
0.0740153
0.0774684
0.0751692
0.0729694
0.0724502
0.073002
0.0722842
0.0730179
0.0721802
0.0724285
0.0743235
0.0743559
0.0729859
0.072494
0.0731158
0.0730058
0.0727045
0.0735111
0.0734339
0.0738094
0.0732729
0.0724282
0.072287
0.0722534
0.0746135
0.0724443
0.0735021
0.0733967
0.0741314
0.072331
0.0731701
0.071646
