0.0461306
0.0739412
0.0732974
0.0744826
0.0728231
0.0735373
0.0741622
0.0729416
0.0752027
0.0747195
0.0730634
0.0725175
0.0743176
0.0741784
0.0727723
0.0725337
0.0729901
0.0732964
0.0747785
0.0726298
0.0738049
0.0737216
0.0739286
0.0722362
0.0724386
0.0729131
0.0729727
0.0724667
0.0728605
0.0726579
0.0729842
0.0723012
0.0727565
0.0727009
0.075756
0.0743976
0.074494
0.0743063
0.0732196
0.0728882
0.0730506
0.0729639
0.0720006
0.0729007
0.0760734
0.0753455
0.073875
0.0745604
0.0728719
0.0738931
0.074876
0.0738662
0.0730851
0.0739228
0.078934
0.0735879
0.0727913
0.0729845
0.0733131
0.0740198
0.0757942
0.0790355
0.0740897
0.0757379
0.0755264
0.0742683
0.0742398
0.0736878
0.0760267
0.0741186
0.0735833
0.0737437
0.0730235
0.0728055
0.0731171
0.0758729
0.0742966
0.074589
0.0761781
0.0761767
0.0757135
0.0754331
0.0751058
0.0750825
0.0736233
0.0738442
0.0755585
0.0752399
0.0811776
0.0778617
0.0767032
0.0755655
0.0748918
0.0745447
0.0738387
0.0736735
0.0739727
0.0727954
0.0731431
0.0726718
0.0838724
