0.0469776
0.0755778
0.075499
0.0756138
0.0764676
0.0753015
0.0756249
0.0773445
0.0754006
0.0752067
0.075584
0.0755852
0.0756354
0.075501
0.0759448
0.0762246
0.0753586
0.0753648
0.0755737
0.0760263
0.0760599
0.0755431
0.0759138
0.0735943
0.0729487
0.0729481
0.0727655
0.0728691
0.0722267
0.0717836
0.0737235
0.0727525
0.072868
0.0734813
0.07392
0.0731301
0.0732362
0.075057
0.0732174
0.0751241
0.0728011
0.0733731
0.0738946
0.0772515
0.0738538
0.0733045
0.0737578
0.0728784
0.0728044
0.0722864
0.0729598
0.0738028
0.0738335
0.0740199
0.0728474
0.0735252
0.0729986
0.0733008
0.0723041
0.0728073
0.0726045
0.0727148
0.0731335
0.0728487
0.0727147
0.0725111
0.0718922
0.0752839
0.0757253
0.0770033
0.0755285
0.0755792
0.0727599
0.0726584
0.073176
0.0723848
0.0729596
0.0732151
0.0726702
0.0719625
0.0737122
0.0729008
0.0774531
0.0749415
0.0735234
0.0740826
0.0737072
0.0741578
0.0758513
0.0730485
0.0741665
0.0730757
0.072809
0.0729294
0.0728692
0.0745361
0.0756772
0.0767535
0.0829791
0.0774827
0.0756103
0.0737404
0.0778453
0.0748976
0.0731422
0.0740816
0.0745239
0.0735297
0.0759505
0.0750034
0.0738895
0.0767072
0.0744971
0.0735149
0.0738412
0.0747787
0.0737169
0.0731471
0.0732236
0.0763107
0.0750105
0.0740355
0.0736484
0.0735848
0.0736177
0.0738752
0.0738164
0.0734766
0.0741449
0.0740738
0.0736419
