0.0522118
0.0813327
0.080372
0.0806833
0.0795992
0.080329
0.0805623
0.0856888
0.0809846
0.0796145
0.0794498
0.0793145
0.0778729
0.0792155
0.0789185
0.0796077
0.0782975
0.0785738
0.0797282
0.0772268
0.0785752
0.0788543
0.0774297
0.0792001
0.0789774
0.0777381
0.079855
0.0773582
0.0786832
0.0777127
0.0779347
0.0772588
0.0771291
0.0787156
0.0782879
0.0805093
0.0771639
0.0781068
0.0764187
0.07655
0.0792122
0.0769052
0.0772283
0.0764217
0.076079
0.0762596
0.0762301
0.0761496
0.0772201
0.0762686
0.0762915
0.0756935
0.0756654
0.0763354
0.0758792
0.0758717
0.0760643
0.0762102
0.0763239
0.0761423
0.0764352
0.0753471
0.0755639
0.0778939
0.0760243
0.0758427
0.0760268
0.0786986
0.0759085
0.0753136
0.0762318
0.1105686
0.0760274
0.0758928
0.0748704
0.0727559
0.0729653
0.0728957
0.0721568
0.0727571
0.0730082
0.072592
0.0725385
0.0733658
0.0720409
0.0726933
0.0722934
0.0731603
0.0720643
0.0798831
0.075556
0.0726883
0.0728546
0.0761614
0.0757101
0.0751165
0.0742203
0.0734017
0.072512
0.0729086
0.0720235
0.0721469
0.0731951
0.0750306
0.0759165
0.0730222
0.0724425
0.0724087
0.0719335
0.072592
0.0757411
0.0731185
0.0739478
0.0728909
0.0730594
0.0720826
0.0729054
0.077282
0.0740668
0.0724939
0.107891
0.0733425
0.0728318
0.0721548
0.0747684
0.0734205
0.072301
0.0727431
0.072582
0.0726613
0.0723617
0.0760129
0.0729931
0.0721526
0.0727191
0.0722925
0.0721463
0.0730803
0.0733674
0.0727703
0.0730877
0.0726637
0.0731364
0.0719587
0.072184
0.0721702
0.0738562
0.0720424
0.0721252
0.0721232
0.0717826
0.0721808
0.0733417
0.0723549
0.0723304
0.0722165
0.0730232
0.0717348
0.0721701
0.0722558
0.0723129
0.0732
0.0722201
0.0721939
0.0729039
0.0721565
0.0717303
0.0725214
0.0722163
0.072056
0.0722194
0.0725869
0.0722582
0.0723567
0.0718339
0.0731612
0.0732052
0.0720381
0.0720801
0.0729119
0.0721972
0.0727689
0.0728302
0.0720586
0.0724906
0.0721251
0.0713353
0.0718045
0.0738329
0.0719164
0.0718033
0.0720567
0.0729219
0.0718661
0.0723781
0.0718046
0.0723419
0.0721272
0.0715276
0.0721513
0.073999
0.0722062
0.0724206
0.0722734
0.0725065
0.0741473
0.0725161
0.0721634
0.0715151
0.0718199
0.0728753
0.0726931
0.0717341
0.0725801
0.0722337
0.0718465
0.0723861
0.0722935
0.0723206
0.0721623
0.0725338
0.0724137
0.0716542
0.0717506
0.0727711
0.0722934
0.0727447
0.0722814
0.0734147
0.0716339
0.0724328
0.0726131
0.0729193
0.0733452
0.0722598
0.0726782
0.0720364
0.0718446
0.0730517
0.0719352
0.0736933
0.0723475
0.0718169
0.0715897
0.0723819
0.0729942
0.0721791
0.0729141
0.0728349
0.0729334
0.0726839
0.0724052
0.0733843
0.0745188
0.0721192
0.0734114
0.0738848
0.0724851
0.0720165
0.0729102
0.0730377
0.0723887
0.0724554
0.0724607
0.073343
0.0724759
0.0721429
0.0725966
0.0731832
0.0715388
0.0723079
0.075569
0.0731527
0.0725568
0.0721964
0.0719525
0.0731017
0.0724373
0.0728327
0.072337
0.0747316
0.0719943
0.0720448
0.0726707
0.0742939
0.0728122
0.0718452
0.0727031
0.076885
0.0749282
0.0734175
0.0727632
0.0737407
0.0727853
0.0724409
0.0722779
0.0724799
0.0730273
0.0730071
0.0727814
0.0726111
0.0723101
0.0726813
0.0767679
0.0737125
0.0733516
0.0735314
0.0720696
0.0719365
0.0731996
0.0723609
0.0724363
0.0722826
0.0728296
0.0749752
0.0721712
0.0736958
0.0742857
0.0738087
0.0743163
0.0742639
0.0725204
0.073395
0.0730738
0.0723804
0.0721595
0.0724971
0.0746414
0.0724687
0.0714329
0.073523
