0.0489509
0.0731972
0.0728405
0.073465
0.0735754
0.0721079
0.0748488
0.0729714
0.07319
0.0728362
0.0743471
0.072956
0.0751101
0.0732439
0.0729088
0.0725942
0.0725337
0.0725861
0.072406
0.0731137
0.0734353
0.0732249
0.0730276
0.0735562
0.0733798
0.0732419
0.0734732
0.0733616
0.0727696
0.0725435
0.0730933
0.0751145
0.0741629
0.0734263
0.0738173
0.0739464
0.0732216
0.0736771
0.0736411
0.073252
0.0745636
0.0736394
0.0743427
0.0736101
0.073036
0.0733771
0.0728289
0.0736793
0.0728609
0.0728633
0.0730085
0.0718381
0.0725783
0.0729633
0.0727984
0.0732769
0.07232
0.0723449
0.0730882
0.0727983
0.0733964
0.07464
0.0728303
0.0733067
0.0735114
0.0725497
0.0724827
0.0724867
0.0732942
0.0725842
0.0731088
0.0736798
0.0731326
0.0729344
0.0733111
0.0731662
0.0744628
0.0730757
0.0735397
0.0733188
0.0725374
0.0749571
0.0727782
0.0728935
0.0737886
0.0730723
0.0732044
0.0730641
0.0727354
0.0728795
0.072001
0.0727659
0.072805
0.0728503
0.0732707
0.0733395
0.0755269
0.0740979
0.0738795
0.0755349
0.0776296
0.0770423
0.0734368
0.0741375
0.0721759
0.0732195
0.0726784
0.0759584
0.0748765
0.073977
0.0759762
0.073725
0.0753358
0.0771409
0.0736725
0.0744749
0.0747148
0.0733374
0.0740727
0.0720015
0.0751556
0.0864634
0.0755402
0.0733541
0.0725798
0.073241
0.0722059
0.0725886
0.0873769
0.0774025
0.0744205
0.0759303
0.0751545
0.0747836
0.0754237
0.0745272
0.0748748
0.0732513
0.0731166
0.0753735
0.0749162
0.0750207
0.0758467
0.0747243
0.0788216
0.0745654
0.0726087
0.0731701
0.0731224
0.0765833
0.076911
0.0755921
0.073213
0.0721885
0.0753204
0.0758727
0.0795785
0.0755753
0.0756019
0.0760243
0.0769728
0.0759077
0.0725567
0.0765894
0.073491
0.0733537
0.0731268
0.0720004
0.0741866
0.0740081
0.0737102
0.0731843
0.0729012
0.0734142
0.0728778
0.0727493
0.0741692
0.0756951
0.0753626
0.073211
0.0751073
0.0732729
0.0753826
0.0763101
0.0752498
0.0756218
0.0750768
0.0727294
0.0764765
0.0818658
0.0765846
0.0760708
0.0745608
0.0739529
0.0750458
0.074474
0.0753438
0.0749411
0.0747569
0.0748908
0.0746373
0.0740203
0.0753552
0.0747587
0.078633
0.0745207
0.0740393
0.073299
0.0735397
0.0730417
0.0724898
0.0722471
0.0723009
0.0803157
0.0801766
0.0756073
0.0764407
0.0760144
0.0768999
0.0758891
0.0762627
0.0746191
0.0741095
0.0740619
0.0732058
0.0745086
0.0732665
0.0757206
0.07959
0.0759114
0.0741188
0.0754749
0.0738288
0.0742992
0.0738588
0.073093
0.0735994
0.0751069
0.0744327
0.0742841
0.074733
0.0735294
0.0736632
0.0750842
0.0750721
0.0747285
0.0778359
0.0776397
0.0767103
0.0768206
0.0768006
0.0759626
0.0754551
0.0747369
0.0752598
0.0744436
0.0730779
0.0746963
0.0726041
0.0727018
0.0721273
0.0761769
0.0758343
0.0760445
0.0731396
0.0727753
0.0718507
0.0731051
0.0733283
0.0739163
0.0729749
0.0736892
0.0737158
0.0820349
0.0767526
0.0764857
0.0737069
0.0738527
0.073812
0.0739413
0.0740826
0.0727821
0.0723949
0.0733375
0.072677
0.077469
0.0753107
0.0758215
0.0762192
0.074981
0.0736127
0.0722709
0.0727169
0.0733856
0.0720442
0.0718632
0.0732855
0.0720971
0.0733991
0.0788816
0.0737958
0.0749419
0.0760775
0.0897216
0.0803711
0.0733075
0.0746215
0.072774
0.0734679
0.0733075
0.0773869
0.0729223
0.0726147
0.0738098
0.0717288
0.0740551
0.0723231
0.072186
0.0731644
0.0722886
0.0730961
0.074177
0.0732908
0.0743684
0.073227
0.0716709
0.0728793
0.071777
0.0734689
0.0723003
0.0735617
0.0736202
0.0722079
0.0730674
0.0728893
0.0743736
0.0742229
0.0732795
0.074248
0.074821
0.074163
0.0729349
0.0729637
0.0744228
0.0732833
0.07417
0.073241
0.0766306
0.0739741
0.074453
0.0728604
0.0738275
0.0737358
0.0735986
0.0723834
0.0721296
0.0728374
0.0732484
0.0727427
0.0725948
0.0720203
0.0729038
0.0728207
0.0730064
0.0728218
0.0726908
0.0730375
0.0726163
0.0718304
0.0721657
0.072222
0.0721611
0.0725511
0.0727503
0.072649
0.0757234
0.0726826
0.0732933
0.0750041
0.0727058
0.0726811
0.0723247
0.0719888
0.0728198
0.0729136
0.0750484
0.076007
0.0735218
0.0734523
0.0739236
0.07356
0.0726263
0.0727542
0.0722645
0.0719687
0.0729297
0.0720943
0.0729419
0.0753597
0.0748583
0.0737026
0.0723711
0.0724696
0.0713523
0.0728393
0.0734887
0.0747071
0.0771791
0.0748466
0.074367
0.0744905
0.0736035
0.0722278
0.0720159
0.0724726
0.0773189
0.074842
0.0726758
0.0736798
0.0724008
0.0727822
0.0736897
0.0725556
0.071997
0.0723732
0.0724366
0.072657
0.0722332
0.0726824
0.0723183
0.0730983
0.0733113
0.0725813
0.0718047
0.0722302
0.0720347
0.0733709
0.0732316
0.0719662
0.0714536
0.0727782
0.0725137
0.0727056
0.0731328
0.0726744
0.0724349
0.0728219
0.0720761
0.0727299
0.0725735
0.0722288
0.0722619
0.0738395
0.0724642
0.073594
0.0741457
0.0726918
0.0731042
0.0726059
0.0743349
0.0737063
0.073555
0.0735509
0.0741889
0.0737122
0.073181
0.0733841
0.0728508
0.0739624
0.0734573
0.0757937
0.0731655
0.0746372
0.0760837
0.0747184
0.0743541
0.075996
0.0749639
0.0735088
0.0735073
0.0733477
0.0741065
0.073702
0.0738476
0.0728581
0.0735932
0.0740901
0.0742794
0.0736875
0.0744755
0.0733702
0.0751024
0.0725418
0.0723266
0.0740982
0.0739407
0.0740944
0.0735717
0.0802155
0.0743963
0.07346
0.0730433
0.0732959
0.0739085
0.073652
0.0739718
0.0737575
0.073218
0.0738703
0.074162
0.0727872
0.0741807
0.0737817
0.0736607
0.0730501
0.0740835
0.074051
0.0736124
0.0731242
0.0721741
0.0733067
0.073907
0.0739549
0.0735924
0.0725821
0.0726657
0.0723991
0.0727254
0.0718285
0.0723229
0.0728667
0.0718112
0.0717956
0.0730091
0.0721055
0.072258
0.0721989
0.0715012
0.0728353
0.0724959
0.0741966
0.07356
0.0744488
0.0739929
0.0738948
0.073428
0.0728718
0.0735172
0.0735629
0.0727043
0.0725375
0.0725828
0.0723926
0.0715996
0.0718172
0.0724647
0.0724525
0.0730287
0.0729732
0.072521
0.0719296
0.0732881
0.0717102
0.0739578
0.0720692
0.0729672
0.0731891
0.0737871
0.0742592
0.0727735
0.072018
0.072277
0.072466
0.0731583
0.0723718
0.0731265
0.0740018
0.071735
0.0734131
0.0726046
0.0730285
0.073344
0.0728391
0.0729924
0.0726157
0.0722285
0.0729957
0.0724057
0.0724307
0.0724009
0.0728042
0.0731537
0.0724302
0.0730095
0.0728285
0.0727694
0.0730311
0.0716683
0.0725652
0.0725507
0.0720127
0.0734026
0.0729546
0.0725082
0.0730237
0.0726989
0.072366
0.0729466
0.0728643
0.0726869
0.0717244
0.073359
0.0731829
0.0728402
0.0730039
0.0722697
0.073547
0.0724995
0.0723695
0.0735877
0.0733587
0.0729677
0.0737903
0.0734909
0.0742471
0.0732552
0.0744018
0.0740099
0.0737213
0.0752561
0.0741402
0.0739708
0.0736763
0.0732026
0.0738055
0.0764507
0.0741637
0.0747481
0.0734414
0.0741445
0.0741795
0.0730946
0.074964
0.0732225
0.0731691
0.0734987
0.0739448
0.0741025
0.0742827
0.0741082
0.0744726
0.0734926
0.0743502
0.0742144
0.0725394
0.074562
0.0721589
0.0731129
0.0726181
0.0718877
0.0728702
0.0728172
0.0741352
0.0739259
0.0760312
0.0746434
0.0735754
0.0736606
0.0749521
0.0735865
0.0744202
0.0738709
0.0739396
0.0742318
0.0743546
0.0747149
0.074657
0.0740008
0.0739279
0.0738043
0.0740353
0.0744342
0.0760037
0.0732033
0.0745205
0.0733379
0.0745597
0.0737594
0.0742617
0.0741932
0.0746161
0.1075904
0.0747499
0.0737749
0.0738348
0.0737627
0.0739575
0.0742642
0.0738807
0.0743216
0.0754391
0.0740558
0.0738294
0.0744859
0.0735229
0.074522
0.0737283
0.0754991
0.0742567
0.0732561
0.0722792
0.0732919
0.0727127
0.0728803
0.0729141
0.0725179
0.0733732
0.0744957
0.0725933
0.0725636
0.0724473
0.0732645
0.0727386
0.0727768
0.0730347
0.0731114
0.0743105
0.0727388
0.0728307
0.0734362
0.0724328
0.0734798
0.0740847
0.071936
0.0740101
0.0727067
0.0732468
0.0728409
0.0726593
0.0732383
0.0729311
0.0727909
0.0741563
0.0758951
0.0739592
0.0732318
0.0736686
0.0731332
0.0742599
0.0749073
0.0742926
0.074112
0.0742182
0.0751364
0.0751637
0.0757683
0.0769055
0.0732863
0.0740021
0.0746111
0.0738042
0.0731223
0.0740102
0.0735296
0.0745173
0.074866
0.0738777
0.0740181
0.0740875
0.0755797
0.0741773
0.0739117
0.0769582
0.0739571
0.0741698
0.0751526
0.0749308
0.0761385
0.0737104
0.0740671
0.0768812
0.0770192
0.0801039
0.0754442
0.0850391
0.0780547
0.0777001
0.0743412
0.0762903
0.0780856
0.0767159
0.0759813
0.0744637
0.0872449
0.0778496
0.0759295
0.0742044
0.0751975
0.0744019
0.0762526
0.0773241
0.0748538
0.0749317
0.074412
0.0739857
0.0743254
0.0735978
0.0738557
0.0737734
0.073333
0.0777418
0.0741656
0.0744636
0.0746928
0.0738936
0.0783663
0.0778615
0.0771532
0.077612
0.0769
0.0730029
0.0752981
0.0781821
0.0739563
0.0744105
0.0741011
0.0743482
0.0756187
0.0736902
0.0747808
0.0738221
0.0768756
0.0744706
0.0740789
0.0740626
0.0742892
0.0778289
0.0737086
0.0745485
0.0737832
0.0741132
0.0737042
0.0739608
0.0752814
0.0773053
0.0775319
0.0770027
0.0778497
0.0768463
0.0763706
0.0734905
0.0733217
0.074225
0.0740191
0.0733181
0.0738954
0.0741
0.0741354
0.0738889
0.0741736
0.0740041
0.0741364
0.0742984
0.0736779
0.0747086
0.0729964
0.0729027
0.0736052
0.0738732
0.0734679
0.0738628
0.0742248
0.0787212
0.0745256
0.0740368
0.0735297
0.0752684
0.0767414
0.0756146
0.0748135
0.0739644
0.0743813
0.0751448
0.0729358
0.0732552
0.0742776
0.0737849
0.0737827
0.0759457
0.0751969
0.0752065
0.0756079
0.0746667
0.0736153
0.0730157
0.0742667
0.0741426
0.0732519
0.0739432
0.0744668
0.0737513
0.0746258
0.0732715
0.0754821
0.0739966
0.0736589
0.0735859
0.0737269
0.074284
0.074098
0.0737323
0.0756184
0.0743512
0.0729039
0.074022
0.0741902
0.0746387
0.0746334
0.0748945
0.0751906
0.0741544
0.0734986
0.0749403
0.0737867
0.0724772
0.0731641
0.072222
0.0730137
0.0722696
0.0724011
