0.045254
0.0730969
0.0729142
0.0740493
0.0746174
0.07255
0.0742154
0.0745509
0.0746008
0.0724575
0.0720125
0.07326
0.0740271
0.0734048
0.0732895
0.0728477
0.0725785
0.0727456
0.0725922
0.0728602
0.0726114
0.0738075
0.073825
0.0725595
0.073132
0.0745841
0.0774523
0.0754951
0.0748689
0.0754365
0.0759004
0.0729751
0.0732156
0.0737701
0.0748571
0.07439
0.0737529
0.0720652
0.0723319
0.0732741
0.0723038
0.0746779
0.0742814
0.0729629
0.072535
0.072157
0.0725107
0.0728529
0.072183
0.0719599
0.0719409
0.0723229
0.0726231
0.0714164
0.0720615
0.0724121
0.0735896
0.0744033
0.0739381
0.0726049
0.0725526
0.0725279
0.0726416
0.0723616
0.0721187
0.0726109
0.0722801
0.0725234
0.07238
0.0727699
0.0725439
0.071565
0.0714758
0.0715713
0.0718269
0.0725955
0.0717994
0.0720979
0.0729291
0.0729846
0.0718605
0.0714339
0.071952
0.0714176
0.0731776
0.0722826
0.0719087
0.0722877
0.0731441
0.0726678
0.0745978
0.0735005
0.0723622
0.0736144
0.0738629
0.0728916
0.0718076
0.0722666
0.0736138
0.0723144
0.0722135
0.0713799
0.0722049
0.0722096
0.0717794
0.0715184
0.0723217
0.0737717
0.072171
0.072341
0.0715765
0.0716021
0.0723354
0.0721367
0.0729682
0.0717959
0.0723484
0.0714557
0.0732808
0.0742917
0.0749605
0.0752145
0.0749695
0.0746069
0.0725744
0.072088
0.071704
0.0726929
0.072933
0.0730182
0.0718688
0.0726574
0.0722498
0.073219
0.0745649
0.0721187
0.0722951
0.0723692
0.0726252
0.0723956
0.0728983
0.0718403
0.0725094
0.072028
0.0728551
0.0751238
0.0751682
0.0762187
0.0726537
