0.0465424
0.0732115
0.0722877
0.072735
0.072392
0.0735838
0.0743821
0.0751112
0.0747865
0.0733875
0.072449
0.0730291
0.0736721
0.0753294
0.0729584
0.0731242
0.0729016
0.0720702
0.0726701
0.0729619
0.075378
0.074012
0.0727559
0.0731937
0.0734183
0.0723648
0.0727418
0.0730669
0.0752391
0.0733126
0.0744961
0.0748119
0.0736876
0.0739081
0.0740042
0.0744185
0.0741435
0.0741164
0.0746318
0.0741451
0.0734451
0.0739317
0.0736511
0.0746529
0.0742558
0.0745743
0.0740588
0.0742813
0.0737666
0.0739836
0.0750305
0.07393
0.074718
0.0744744
0.0751062
0.0738827
0.0736198
0.0738132
0.0743792
0.0745971
0.0737914
0.0747549
0.0746955
0.0734064
0.0735868
0.0741542
0.0743339
0.0742672
0.074642
0.0749772
0.0745691
0.0737034
0.0740495
0.0750894
0.0748467
0.0743867
0.0739166
0.0742695
0.0739287
0.0743126
0.0745164
0.0743141
0.0738758
0.0742881
0.0748471
0.0744047
0.073994
0.074455
0.0743292
0.0753544
0.0746429
0.0739777
0.0739429
0.0731153
0.0755069
0.0740811
0.0747746
0.0746794
0.0749198
0.0752456
0.0748578
0.0746584
0.0744932
0.0742983
0.0742154
0.0742421
0.0749023
0.0744105
0.0731429
0.0745429
0.0746841
0.0739574
0.0742252
0.0745009
0.0741281
0.0744762
0.0737655
0.0742366
0.0750324
0.0744952
0.074958
0.0748846
0.0740917
0.0738237
0.0739013
0.0750063
0.0744181
0.074609
0.0742842
0.0748436
0.0749891
0.0746841
0.0742353
0.0746517
0.0745666
0.0751469
0.0747608
0.0742364
0.0746302
0.0748218
0.0751742
0.0745541
0.0746177
0.0748811
0.0759279
0.074189
0.0744788
0.0744143
0.0750051
0.0744012
0.0747857
0.0739001
0.0740263
0.0747341
0.0746206
0.0752612
0.0745751
0.0747004
0.0746586
0.0745116
0.0740189
0.0749865
0.0738665
0.0742421
0.0745954
0.0745651
0.0736656
0.0743387
0.0730052
0.0735591
0.0728826
0.0729957
0.073154
0.0730695
0.0727638
0.073051
0.0732623
0.0724657
0.0727521
0.0730686
0.0729392
0.0726777
0.0726812
0.073026
0.0725736
0.0723472
0.0729716
0.0724371
0.0726067
0.0730339
0.0732988
0.073011
0.0722418
0.0731572
0.072511
0.0733465
0.0729582
0.0724009
0.0727383
0.0729644
0.072768
0.073161
0.0730486
0.0728871
0.072831
0.0731896
0.0728777
0.0730645
0.0732201
0.0723907
0.0730431
0.0725096
0.0725634
0.0734672
0.0726989
0.0730176
0.0733909
0.0729594
0.0730433
0.0718637
0.0719809
0.0719777
0.0715973
0.0723383
0.0723429
0.0727858
0.0725936
0.0725159
0.0727295
0.0729535
0.072891
0.0729703
0.0722416
0.0724867
0.0737082
0.0733193
0.0730862
0.0725549
0.0725931
0.0731555
0.0732264
0.0727311
0.0729233
0.0733001
0.07253
0.072955
0.0730744
0.0731836
0.073096
0.0726258
0.0733771
0.0729805
0.0726431
0.0728907
0.0734958
0.0743218
0.0745979
0.0748324
0.0758376
0.0740014
0.0740649
0.0739498
0.0734336
0.0736997
0.0755425
0.0764926
0.0754296
0.0748328
0.0752499
0.0751827
0.0760057
0.0754342
0.076674
0.0756426
0.0770644
0.0749433
0.0754546
0.0747984
0.0750314
0.0749437
0.074471
0.081003
0.0761085
0.0743932
0.0762123
0.074661
0.074298
0.0745182
0.0747301
0.0751866
0.0747981
0.0744636
0.0751648
0.0751999
0.0745406
0.0748945
0.0741773
0.0737378
0.0753485
0.0763583
0.0765738
0.0748632
0.074738
0.0750936
0.0817322
0.0750048
0.0754717
0.07412
0.075491
0.0736137
0.0743707
0.0737732
0.079741
0.0759479
0.0756677
0.0744232
0.0743306
0.0746771
0.0766427
0.0748454
0.0763794
0.0764474
0.0765238
0.0755121
0.0767053
0.0776152
0.088937
0.0779257
0.0774828
0.0778652
0.077738
0.0772249
0.0743451
0.0749377
0.0749148
0.0767456
0.0742112
0.0743363
0.0745523
0.0763559
0.0745994
0.0742446
0.0752225
0.0737101
0.0737187
0.0763408
0.0783614
0.076584
0.0761892
0.0772187
0.0776095
0.0775635
0.0768886
0.0771457
0.0768554
0.0758838
0.0747057
0.0759077
0.0739112
0.0738778
0.0743339
0.0738161
0.0745361
0.0734459
0.0758734
0.0778894
0.0762645
0.0721863
0.0722343
0.0723953
0.0740501
0.0800057
0.0759257
0.0747105
0.0738259
0.0734435
0.0745458
0.0735207
0.0744338
0.0778617
0.0742507
0.0729489
0.0739206
0.0741653
0.0745406
0.0742511
0.0736932
0.0745812
0.0725718
0.073167
0.0728733
0.0734754
0.0727152
0.0731723
0.0740757
0.0737347
0.074055
0.0747033
0.074047
0.0742917
0.077527
0.073831
0.0729244
0.0725322
0.076539
0.0763858
0.0725638
0.072077
0.0729222
0.0734787
0.0736638
0.0735219
0.0747988
0.0732079
0.0733394
0.0738989
0.0738368
0.073229
0.0737584
0.0741261
0.0750061
0.0744114
0.0736613
0.0740535
0.0737689
0.0741982
0.0733154
0.0745118
0.0745403
0.0747885
0.0735715
0.0747005
0.0738063
0.0745532
0.0740949
0.0743817
0.0746283
0.0742502
0.0743868
0.0741237
0.0743004
0.0739791
0.0741655
0.0769724
0.0775232
0.0756287
0.0740646
0.0742801
0.0741864
0.0736011
0.0740285
0.0746163
0.073315
0.0735827
0.0749536
0.0735608
0.0736931
0.0738784
0.0753786
0.0745226
0.072358
0.0722553
0.0728421
0.0724636
0.0730192
0.0727734
0.0731325
0.0728017
0.0726952
0.0723639
0.0726618
0.0728086
0.0722126
0.0727798
0.0729048
0.0743511
0.0726842
0.0725002
0.0729242
0.0728889
0.0730919
0.0730242
0.0760834
0.0771752
0.0742488
0.0722672
0.0724847
0.0722114
0.0729499
0.0730881
0.0726333
0.0722886
0.0728283
0.0722883
0.0726247
0.072412
0.0736151
0.0723428
0.0723062
0.0718071
0.0728822
0.072449
0.0718689
0.0722624
0.0722431
0.072746
0.0724712
0.0729575
0.0725989
0.072298
0.0723957
0.0728961
0.0722312
0.0730978
0.0730166
0.1045697
0.0723262
0.0727603
0.071994
0.0726429
0.0726157
0.0771676
0.075548
0.0729432
0.0733956
0.0740698
0.0733195
0.0728426
0.0738547
0.0746473
0.0735866
0.0727476
0.0730237
0.0743278
0.0734512
0.0730628
0.0737524
0.073708
0.0725242
0.0733331
0.0726347
0.07296
0.0726351
0.0730655
0.0736722
0.0718821
0.0733515
0.0722154
0.0732184
0.0724624
0.0743463
0.0735346
0.0738774
0.0732851
0.0731525
0.0737164
0.0735513
0.0736232
0.0745024
0.0769512
0.0758104
0.0762458
0.0735617
0.0737843
0.0729312
0.0736288
0.0741834
0.0731787
0.0724816
0.0729996
0.0739337
0.0729208
0.0733372
0.0731276
0.074404
0.0732106
0.0726522
0.0730375
0.0731852
0.0729718
0.0739317
0.0735628
0.0737527
0.0735182
0.0727971
0.073158
0.0736949
0.0737214
0.0739967
0.0726179
0.0731025
0.0731207
0.0731355
0.0732069
0.0726428
0.074654
0.073487
0.074041
0.0763355
0.0745125
0.0727057
0.0733495
0.0737409
0.074263
0.0735277
0.0728372
0.0740632
0.074537
0.0730007
0.0735092
0.0735763
0.0738582
0.0727761
0.0737601
0.0732433
0.0725459
0.0717185
0.0718797
0.0732177
0.0729097
0.0729813
0.0741909
0.0729964
0.0730787
0.0729712
0.0736934
0.0734129
0.0728566
0.0743339
0.0728656
0.0732704
0.0722514
0.0742711
0.0735884
0.0734709
0.0735146
0.0766828
0.0758091
0.0734906
0.0732784
0.0742249
0.0726823
0.0733247
0.0731968
0.0743294
0.0725914
0.0730168
0.0730907
0.0740036
0.0735528
0.0737472
0.0736791
0.074455
0.0728454
0.0732083
0.0734086
0.0735413
0.0734627
0.0731562
0.0732085
0.0718189
0.0728368
0.0730703
0.0735823
0.0737078
0.072949
0.0740232
0.0730074
0.0731385
0.0728122
0.0733219
0.0730183
0.0732247
0.0735498
0.0757642
0.0746275
0.0735601
0.0733087
0.0739577
0.0729812
0.0733171
0.0737485
0.0726408
0.0728603
0.0729329
0.0742895
0.0737823
0.0733473
0.0731993
0.0738085
0.0730092
0.0718279
0.0733687
0.0730993
0.0733483
0.0736771
0.0736742
0.0742004
0.072552
0.0730514
0.073816
0.0735274
0.0737359
0.0731087
0.0736322
0.0734012
0.0728648
0.0734524
0.0729091
0.0728354
0.0730383
0.0729081
0.0760176
0.0759155
0.0723816
0.0736613
0.0727611
0.0737044
0.0733694
0.0727406
0.0730742
0.0731637
0.0730392
0.0730545
0.0727727
0.0738146
0.0728808
0.0730518
0.0726234
0.0734721
0.073238
