0.0460042
0.0739232
0.0751923
0.0742614
0.0749256
0.0747365
0.0743397
0.0742035
0.073859
0.0751799
0.0735579
0.0740511
0.0743204
0.0747544
0.0739653
0.0751309
0.0746748
0.074614
0.0738702
0.0754058
0.0754178
0.0746896
0.0750726
0.0738551
0.0747761
0.077422
0.0776238
0.0767796
0.0738711
0.0749148
0.0751914
0.0742675
0.0744706
0.0742145
0.0746336
0.0746648
0.0738888
0.0737726
0.0744723
0.0741756
0.0747656
0.0748834
0.0736052
0.0739416
0.0743222
0.0744477
0.0742604
0.0745428
0.0744333
0.0741725
0.074411
0.0744441
0.0748041
0.0750846
0.0745357
0.074697
0.0749553
0.0745353
0.0743256
0.0745457
0.0740203
0.0737772
0.0745762
0.0745931
0.0741025
0.0737924
0.0739817
0.07475
0.0745342
0.0733658
0.0736359
0.0744681
0.0749839
0.0748468
0.0746241
0.0773113
0.0770763
0.077775
0.073808
0.0745273
0.0737977
0.0747279
0.0742138
0.0742511
0.0736919
0.0732276
0.0742567
0.0740281
0.0739876
0.0745051
0.0731347
0.0740439
0.0748122
0.074236
0.0744442
0.0735263
0.0739247
0.0746734
0.0744362
0.0736564
0.0735915
0.0742658
0.0739314
0.0745841
0.0734986
0.0743239
0.0743616
0.0747342
0.0742623
0.0737698
0.0746685
0.0739536
0.0751607
0.0739253
0.0734189
0.0747213
0.0744683
0.07492
0.0736253
0.0733384
0.0746128
0.0741912
0.0742133
0.0745425
0.0759156
0.0770657
0.0764037
0.0766451
0.0734945
0.0743769
0.0740549
0.0739608
0.0740626
0.0734578
0.0732342
0.074627
0.0741971
0.0743662
0.074533
0.073727
0.0745876
0.0743634
0.0729826
0.0741106
0.0746832
0.0746066
0.0742861
0.0741962
0.0737184
0.0739365
0.0746647
0.0741297
0.0742451
0.0735375
0.0738627
0.0740162
0.0736417
0.0744087
0.073788
0.0746648
0.0740662
0.0738708
0.0746484
0.0732814
0.0742748
0.074048
0.0747258
0.0739431
0.0733514
0.0739976
0.0742297
0.0742599
0.0739829
0.0731125
0.0752736
0.0769717
0.0769303
0.0766241
0.0725715
0.0735456
0.0735416
0.0734173
0.0729862
0.0730058
0.0734844
0.0730584
0.0736084
0.072905
0.0734043
0.073277
0.0733757
0.0735737
0.0728319
0.0730229
0.0737706
0.0733891
0.0731547
0.0726341
0.0724868
0.0732489
0.0731686
0.0732369
0.0731355
0.0732421
0.0732683
0.0736427
0.0728347
0.0726634
0.0733118
0.0730777
0.0739134
0.0725782
0.0730162
0.0725492
0.0738037
0.0736139
0.0727751
0.0725033
0.0726745
0.0736201
0.0735861
0.0730298
0.0729049
0.0729994
0.0729582
0.0761575
0.0771272
0.0766539
0.0757374
0.073504
0.0729959
0.0737062
0.0734382
0.0737702
0.0734282
0.0735507
0.0736951
0.0729587
0.0737459
0.0734955
0.0735147
0.0733518
0.0738597
0.0737267
0.0728608
0.0741657
0.0738179
0.0733628
0.0736003
0.0740507
0.0733595
0.0732798
0.0735013
0.0730621
0.0730897
0.0732795
0.0734696
0.0736618
0.0733557
0.0731102
0.072838
0.0733445
0.0725832
0.073798
0.072713
0.0725335
0.073121
0.0735384
0.0730691
0.0728953
0.0735232
0.0737229
0.0734937
0.0734613
0.0733447
0.0730092
0.0793088
0.0765727
0.0766474
0.0739162
0.0735317
0.0731074
0.0732064
0.0731089
0.0734314
0.0731524
0.0734101
0.0727535
0.0736246
0.0732124
0.0732467
0.0736443
0.0731755
0.0730481
0.0730843
0.0733838
0.0729188
0.0735317
0.0736843
0.0731648
0.0726788
0.0732362
0.0727825
0.0725615
0.0730136
0.0732681
0.0732704
0.073395
0.0732051
0.0728779
0.0735202
0.0730763
0.0728426
0.072759
0.0733762
0.0730007
0.0734324
0.0733236
0.0734668
0.0733644
0.0724471
0.0734375
0.073295
0.0732822
0.0729033
0.0727518
0.0734765
0.0766644
0.0769374
0.0766348
0.0733224
0.0730876
0.0734902
0.073097
0.0737827
0.0733421
0.0730494
0.0732513
0.073216
0.0729476
0.0734115
0.0736517
0.0731392
0.0730591
0.0738049
0.0731831
0.073444
0.0733982
0.0731585
0.0735117
0.0732197
0.0730709
0.0727107
0.0735035
0.0731997
0.0733993
0.0733585
0.0738252
0.073067
0.0732349
0.0733201
0.0732399
0.0738887
0.0733429
0.0727697
0.0726697
0.0730357
0.0733053
0.0731297
0.0730252
0.0735472
0.0729492
0.0735638
0.0728409
0.0733597
0.0727568
0.0728581
0.076142
0.0759968
0.0758111
0.0760794
0.073332
0.073419
0.0737985
0.0731648
0.0728018
0.0736747
0.0735447
0.0725882
0.0733498
0.0729127
0.0731932
0.0731424
0.0732287
0.0730683
0.0733731
0.0733276
0.073431
0.0733787
0.0726563
0.0734815
0.0730262
0.0735617
0.0732429
0.0729037
0.0732421
0.072985
0.0733769
0.0731898
0.0730251
0.0726265
0.0727591
0.0726303
0.0735049
0.0733179
0.0732031
0.0732156
0.0734851
0.0734559
0.0728072
0.0731104
0.0730051
0.0731967
0.0732794
0.0725312
0.0729114
0.0734914
0.072608
0.0788856
0.0765324
0.076588
0.0763429
0.0741565
0.0736183
0.0727594
0.0746374
0.0747791
0.0736129
0.0737427
0.0745303
0.0743847
0.0741041
0.0735728
0.0747817
0.0732143
0.0742245
0.0745649
0.0744252
0.0739968
0.0735092
0.0743459
0.0745013
0.0732727
0.074219
0.0736095
0.0740579
0.0738579
0.0736531
0.0733384
0.0726306
0.0725202
0.0746746
0.0734753
0.0737761
0.0731032
0.0733812
0.0761146
0.0734755
0.0738044
0.0737278
0.0739119
0.0743968
0.0745433
0.0738743
0.0733706
0.0728741
0.0739819
0.074028
0.0752328
0.0758213
0.0763352
0.0753449
0.072389
0.0740808
0.0736635
0.073596
0.0737989
0.0736727
0.0733906
0.0738573
0.0736909
0.0736637
0.0736052
0.0731393
0.0740473
0.0736838
0.072785
0.0734511
0.0731245
0.0729708
0.0739113
0.0732
0.0735264
0.0722405
0.0736975
0.0729484
0.0736203
0.0732539
0.0727168
0.0729854
0.0730491
0.0741062
0.0732158
0.073501
0.0723109
0.0738228
0.0739188
0.0733537
0.0733015
0.0731131
0.0726034
0.0740202
0.0736675
0.0732203
0.0731937
0.0733524
0.0736211
0.0736077
0.0733668
0.0759408
0.0766353
0.0765316
0.0735627
0.0727918
0.0731426
0.0730881
0.0734068
0.0734757
0.0737353
0.0728028
0.0735685
0.0742259
0.0733821
0.0731734
0.0729538
0.074169
0.0740671
0.0734238
0.0736356
0.0738382
0.0730801
0.0737332
0.0739372
0.0733276
0.0732871
0.0725954
0.0743104
0.0732012
0.0726518
0.0736542
0.0726268
0.0735124
0.0737693
0.0733389
0.0732171
0.0733254
0.0736682
0.0728771
0.0735713
0.073585
0.0728835
0.0730854
0.0732871
0.0731784
0.0731925
0.073088
0.0727603
0.0740626
0.0732836
0.076698
0.0753547
0.0752113
0.0747614
0.0728991
0.0737525
0.0739215
0.0728255
0.0737771
0.0723026
0.0737679
0.0736378
0.0734942
0.0733058
0.0732965
0.0738788
0.0735026
0.0727941
0.0728642
0.0733995
0.0739714
0.0735411
0.0732481
0.0727694
0.0727522
0.0736506
0.0741646
0.0731565
0.0727699
0.0737034
0.0737218
0.0736476
0.0728789
0.0726741
0.0727616
0.07343
0.0736744
0.0732474
0.0736722
0.0725936
0.0732148
0.0733825
0.0737762
0.0740998
0.0725732
0.0730716
0.0733823
0.0738213
0.0730501
0.0734115
0.0733035
0.0764407
0.0764816
0.0753767
0.0724347
0.0726464
0.0743397
0.0735348
0.0731731
0.0733832
0.0734784
0.0731192
0.0736071
0.0740437
0.0731176
0.0728578
0.0731439
0.072826
0.0736516
0.0730897
0.0726155
0.0736643
0.0737633
0.0734328
0.0735416
0.072442
0.0730487
0.074077
0.0736155
0.073379
0.0737827
0.0736946
0.0730748
0.0734444
0.0735976
0.0736591
0.0732651
0.0733283
0.0737074
0.0736777
0.0735975
0.0732688
0.073457
0.0726928
0.0732445
0.0731385
0.0735005
0.0729842
0.0738545
0.0739304
0.0733175
0.0758339
0.0756591
0.0763277
0.075417
0.0734947
0.0735595
0.1080301
0.0730684
0.073389
0.0731661
0.0740937
0.0727141
0.0733194
0.0728234
0.0729605
0.0737649
0.0735139
0.0734259
0.073797
0.0731189
0.072903
0.072801
0.0732262
0.0738217
0.0734451
0.0730721
0.0732497
0.0732665
0.0735473
0.0734129
0.073628
0.0734605
0.0734502
0.0736609
0.0734906
0.0730412
0.0730812
0.0736685
0.0741114
0.0735533
0.0731899
0.0735971
0.0730772
0.0733254
0.0734695
