0.0496941
0.0773357
0.0773222
0.0769669
0.0795851
0.0788927
0.0772416
0.076746
0.0767693
0.076254
0.076764
0.0765852
0.0773512
0.0762516
0.0771234
0.0762386
0.0757523
0.0762484
0.0768541
0.0765363
0.076744
0.0763838
0.0765409
0.0758018
0.0762907
0.0765899
0.0770816
0.0761603
0.0768385
0.0767794
0.0764524
0.0751353
0.076619
0.0762727
0.0760255
0.075887
0.0759305
0.0766376
0.0787551
0.0794457
0.0786136
0.0768404
0.0768759
0.0757535
0.0764007
0.0762002
0.0763292
0.0762963
0.076171
0.0768592
0.0761322
0.0755654
0.076761
0.076348
0.0761939
0.0758697
0.076808
0.0765005
0.0758496
0.076553
0.0770234
0.0765059
0.076139
0.0763077
0.0751725
0.0766409
0.0749111
0.0768895
0.0765505
0.0764095
0.076595
0.0769093
0.0759774
0.0802446
0.0785301
0.0771188
0.0762791
0.0757327
0.0768331
0.0759379
0.0767049
0.0758535
0.0769057
0.0771923
0.0762196
0.0769636
0.0767869
0.076821
0.0765392
0.0761908
0.0770813
0.0767982
0.0773826
0.0767871
0.0769734
0.0769494
0.075821
0.0770616
0.076588
0.0765917
0.0755778
0.0766629
0.0763303
0.0767305
0.0763088
0.0765801
0.0762469
0.0769984
0.0789795
0.0796921
0.0754109
0.0760839
0.0755777
0.0753273
0.0750394
0.07533
0.0762084
0.0755693
0.0760198
0.0751179
0.0754891
0.0756555
0.0751993
0.0758388
0.0760464
0.0755095
0.0757148
0.0753439
0.0762409
0.0759439
0.0756933
0.0757336
0.0756981
0.0760383
0.0755955
0.075451
0.0759263
0.0760442
0.0758621
0.0759643
0.0765734
0.0759773
0.0761599
0.0789685
0.0787814
0.0756651
0.07643
0.0755974
0.0754698
0.0759959
0.075781
0.0764266
0.0761317
0.076205
0.075617
0.076581
0.0753345
0.0754012
0.0756198
0.0753167
0.0759347
0.0753894
0.075604
0.0771582
0.0762735
0.0763845
0.0761343
0.0762211
0.0761086
0.0757302
0.0760312
0.0755993
0.0757953
0.0755931
0.0764156
0.0762802
0.0755977
0.0768013
0.079043
0.0792789
0.0755335
0.0756409
0.0759909
0.0762841
0.0759009
0.075561
0.0768906
0.0762956
0.0757699
0.0764274
0.0758589
0.0764642
0.0757301
0.0761604
0.0760066
0.0754375
0.07566
0.0762026
0.0758057
0.0755369
0.0760611
0.0759037
0.0759973
0.076279
0.076405
0.0760953
0.0764572
0.0753544
0.0757685
0.076288
0.0758392
0.076007
0.0789275
0.079287
0.077852
0.0759339
0.0760795
0.0761992
0.0756088
0.0759995
0.076338
0.0763267
0.075834
0.0759148
0.0757493
0.0753017
0.076262
0.0763724
0.0755535
0.0753511
0.0761941
0.0756902
0.0760679
0.076141
0.0756427
0.0761286
0.0756816
0.0756934
0.0758402
0.0755348
0.075597
0.0751245
0.0760251
0.0759165
0.0759038
0.0755787
0.0756348
0.0811607
0.0784982
0.076439
0.0759303
0.0759674
0.0755103
0.0757705
0.0763707
0.0756609
0.07575
0.0761846
0.0763212
0.0754209
0.0758738
0.075988
0.0756054
0.075047
0.0753159
0.0760304
0.0758733
0.0758074
0.0755508
0.0750674
0.0761313
0.0759026
0.0759938
0.0758705
0.0763754
0.0757883
0.0756206
0.0761968
0.0757805
0.0757573
0.0756987
0.0755998
0.0798421
0.0802654
0.0765664
0.0768768
0.0767312
0.0767026
0.0770975
0.076428
0.0767097
0.0769641
0.0768121
0.0757455
0.0755586
0.0757692
0.076747
0.0767552
0.0762918
0.076522
0.0762622
0.0757508
0.075086
0.0760445
0.0764975
0.0756552
0.075695
0.0759785
0.0762678
0.0756962
0.0761038
0.0755668
0.0754914
0.0753115
0.0756684
0.0759711
0.0776563
0.0788962
0.078545
0.0759019
0.0756145
0.0759579
0.0758596
0.076237
0.0764181
0.0756119
0.0763659
0.0760839
0.0754887
0.0753048
0.0760442
0.0761757
0.0757661
0.0760554
0.0762508
0.0754071
0.0752844
0.0760754
0.0755091
0.0755579
0.0757271
0.0759074
0.075283
0.0755402
0.0753088
0.0758627
0.0756306
0.0755219
0.0757464
0.0759863
0.0740254
0.0772625
0.0779988
0.0783148
0.0747032
0.0752007
0.0758663
0.0756762
0.0756605
0.075599
0.0761476
0.0756391
0.0758802
0.0757142
0.0753238
0.0757276
0.0765616
0.0762593
0.075945
0.0747358
0.0765769
0.0763217
0.0756078
0.075417
0.0762848
0.0752637
0.0762887
0.0767058
0.0763769
0.0760706
0.0751494
0.0762814
0.0762938
0.0757233
0.0759465
0.0769205
0.0798922
0.0779586
0.0767165
0.076018
0.0761395
0.076551
0.0758381
0.0764226
0.0765856
0.0764188
0.0757014
0.0763375
0.0764604
0.0763092
0.0761216
0.0760133
0.0767985
0.0764521
0.0770859
0.0766455
0.0765678
0.0763127
0.0764203
0.0766424
0.076883
0.0757861
0.0757812
0.0760993
0.0771661
0.0764569
0.0763782
0.0761809
0.0765155
0.0759502
0.0774538
0.079267
0.0790337
0.0764758
0.0758668
0.0769214
0.0765584
0.0771237
0.0754174
0.076569
0.0766438
0.0755166
0.0760151
0.0766854
0.076575
0.0761563
0.0765375
0.0768296
0.0769969
0.0775691
0.07589
0.0766989
0.0762335
0.0770674
0.0763626
0.0763049
0.0770636
0.0763703
0.0770916
0.0760451
0.0771129
0.0763144
0.0770468
0.0774019
0.0767493
0.0796699
0.0797109
0.0770771
0.0775484
0.0758978
0.075947
0.0771843
0.0769261
0.0765917
0.0757878
0.0771313
0.0768098
0.0765606
0.076056
0.0762364
0.0769421
0.0756948
0.0767992
0.0768447
0.0765839
0.0765061
0.0763235
0.0768103
0.077424
0.0765818
0.0763832
0.0766661
0.0766638
0.0765923
0.0769339
0.0769246
0.0768945
0.0758008
0.0763442
0.0793569
0.0789633
0.0784216
0.0772997
0.0764372
0.0769541
0.0771883
0.0771136
0.0766585
0.0754056
0.0766634
0.0771285
