0.0476922
0.0743875
0.0732046
0.074452
0.0738768
0.0736945
0.0737866
0.0738
0.0734405
0.073798
0.0741712
0.0728947
0.073134
0.0737803
0.0738879
0.0728587
0.0741815
0.0740337
0.0738071
0.0734421
0.0730464
0.0741119
0.0730999
0.0739819
0.0735178
0.0758025
0.0750613
0.0766263
0.0735135
0.0739314
0.0734492
0.0741242
0.0735941
0.0735953
0.0726926
0.0736441
0.0742106
0.0734059
0.0737612
0.0726336
0.0732282
0.0732633
0.0737596
0.0730075
0.0730118
0.0726699
0.0737117
0.0727899
0.0735917
0.0738133
0.0738827
0.0730538
0.0733805
0.0737173
0.0735488
0.0734199
0.0736528
0.0732291
0.0732432
0.0741106
0.0742027
0.0728971
0.0734076
0.0731361
0.0761808
0.0752187
0.0738061
0.0734256
0.0734775
0.074208
0.0744037
0.0739606
0.0741295
0.0733203
0.0738284
0.0735396
0.0737107
0.0732169
0.073639
0.0744924
0.0740708
0.0739133
0.073254
0.0737616
0.0732778
0.0737992
0.0730124
0.073935
0.0734893
0.0738552
0.0736586
0.0738498
0.0735225
0.0735562
0.0737094
0.0738732
0.0731111
0.0736885
0.0732473
0.0736016
0.0737508
0.0733339
0.0728842
0.076317
0.075917
0.0728045
0.073026
0.0728721
0.0731282
0.0727309
0.0730996
0.0721026
0.0729105
0.0725242
0.0721664
0.0724398
0.0728971
0.0727005
0.0733026
0.0727705
0.0730388
0.0730437
0.072923
0.0729551
0.0728375
0.0724164
0.0722465
0.0723521
0.0722439
0.0731843
0.0742891
0.0729133
0.0724117
0.0724076
0.0727706
0.0728583
0.0728783
0.0724001
0.0725326
0.0722769
0.0723355
0.0722
0.0762359
0.0765376
0.0726618
0.0727948
0.0732353
0.0732469
0.0732809
0.073044
0.0727683
0.07326
0.0728469
0.072525
0.0726887
0.0728287
0.0729993
0.0725397
0.0727777
0.0726777
0.0723931
0.0730711
0.0726417
0.072246
0.0729031
0.0731273
0.0728061
0.0730584
0.0724172
0.0726248
0.0729107
0.0722872
0.0723043
0.072914
0.0724804
0.0723691
0.0722895
0.0729223
0.0730198
0.0724043
0.0729113
0.0757367
0.0764171
0.0728254
0.0727517
0.0731968
0.0728786
0.0727846
0.0730373
0.0730395
0.0729713
0.0731562
0.0727358
0.0728238
0.0731554
0.0728573
0.0729188
0.0728676
0.0726025
0.0727567
0.0729132
0.0729358
0.0730753
0.0724207
0.0730721
0.0734089
0.0725639
0.0730446
0.0732401
0.0729936
0.0728325
0.0730049
0.0727002
0.0723937
0.0725395
0.0727374
0.0728899
0.0725636
0.0724914
0.0723969
0.0762721
0.0764388
0.0731336
0.0726225
0.0727746
0.0728669
0.0730189
0.0727201
0.0726785
0.0722905
0.072834
0.0721569
0.0727164
0.0739153
0.0738275
0.0744989
0.072301
0.0728577
0.0725745
0.072558
0.0723892
0.072736
0.0725651
0.0727201
0.0727126
0.0741465
0.0733628
0.0739798
0.073868
0.0732737
0.0726779
0.0728082
0.0728621
0.0725986
0.0728499
0.0724708
0.0727089
0.0729933
0.0725227
0.0772958
0.0772383
0.0748544
0.0736346
0.0724362
0.0728269
0.0726925
0.0729786
0.0726567
0.0729305
0.073363
0.072672
0.0725751
0.0723861
0.0724135
0.0730693
0.0724052
0.0725511
0.0722334
0.0726317
