0.0463937
0.0726353
0.0725861
0.0727553
0.0724209
0.0727988
0.0721226
0.0725443
0.0725797
0.0730177
0.0723467
0.0723789
0.072738
0.0728071
0.0720937
0.0731187
0.0729427
0.073019
0.0728649
0.076778
0.076512
0.075205
0.0730366
0.0732403
0.0728593
0.0733327
0.0736591
0.0733647
0.0738413
0.0742173
0.073294
0.0726485
0.0732394
0.0730081
0.073781
0.0729885
0.073703
0.0732323
0.0739113
0.0739954
0.0738813
0.07345
0.0729419
0.0736328
0.074328
0.0740611
0.0736036
0.0730788
0.0739099
0.0734159
0.0737122
0.0726996
0.073771
0.0733655
0.073498
0.0737148
0.0736764
0.0761291
0.075359
0.0758009
0.0735995
0.0736666
0.0735328
0.0733611
0.0737747
0.073427
0.0738883
0.0736295
0.0737257
0.073756
0.0731379
0.0740125
0.0737193
0.1073983
0.0740436
0.0738762
0.0732144
0.0741609
0.0735949
0.0741128
0.0737665
0.0732041
0.0735345
0.0741769
0.0742347
0.0738246
0.0732715
0.0735665
0.0731038
0.0736147
0.0732633
0.0732804
0.0737861
0.0732883
0.0737088
0.0727472
0.0776574
0.0764119
0.0762232
0.0738334
0.0728847
0.0740083
0.0740584
0.0733739
0.0740443
0.0743445
0.0740589
0.073259
0.0737626
0.0735093
0.0736617
0.0727897
0.0730791
0.0740525
0.0731212
0.0737248
0.0726464
0.0738921
0.0732209
0.0742004
0.0734246
0.0735174
0.0723314
0.0735514
0.0739592
0.0741064
0.0736262
0.073286
0.0735872
0.0732401
0.0736354
0.0735497
0.0731675
0.0741988
0.0748958
0.0760875
0.0760584
0.0731713
0.0738913
0.074223
0.0737005
0.0736887
0.0734004
0.073369
0.0731111
0.0734577
0.0727802
0.0736887
0.0731981
0.0731591
0.0734226
0.0731951
0.0732602
0.0730638
0.0734223
0.073284
0.0739492
0.0741805
0.0729237
0.0736318
0.073172
0.0741034
0.0733165
0.074223
0.0724835
0.0744652
0.0741575
0.0733024
0.0732163
0.0730063
0.0736438
0.0733354
0.073379
0.0766614
0.0766811
0.0752516
0.0722333
0.0737974
0.0736496
0.0740324
0.0739086
0.0732563
0.0741567
0.0731901
0.0740466
0.0733232
0.0742971
0.0737655
0.0737
0.0742936
0.073062
0.0737266
0.072923
0.0736429
0.0731518
0.0735609
0.0736645
0.0734923
0.07384
0.0735812
0.0739239
0.0736678
0.0728857
0.0735521
0.0736996
0.0739451
0.0726826
0.0738527
0.072851
0.0738624
0.0738884
0.0755907
0.0764408
0.0762345
0.0728748
0.0735886
0.0734527
0.0739328
0.0734797
0.0737997
0.0729382
0.073029
0.0729209
0.0735187
0.0736278
0.0733018
0.073021
0.0739338
0.0737533
0.0734105
0.0736198
0.0731687
0.0738133
0.0738464
0.0737184
0.0737521
0.0732947
0.0733409
0.0737147
0.0732283
0.0737844
0.0727749
0.0740022
0.0736046
0.0737884
0.0724838
0.0729017
0.0732063
0.0735424
0.0734094
0.0764008
0.076726
0.0740536
0.0739701
0.073496
0.0737267
0.0739034
0.0739252
0.0735936
0.0735695
0.073625
0.0728411
0.0731514
0.0744429
0.0735475
0.0740353
0.0733075
0.0746142
0.0734776
0.0733251
0.0734784
0.0735511
0.0738547
0.0731166
0.0732702
0.0728377
0.0733759
0.0745198
0.0739016
0.0738518
0.0737712
0.0739856
0.0737805
0.0748383
0.0756836
0.074476
0.0755202
0.0754269
0.0788408
0.078185
0.0773954
0.0751457
0.0748236
0.0757105
0.0746205
0.0752927
0.0751539
0.0751795
0.0753452
0.0757438
0.0752824
0.0751303
0.0748568
0.0757906
0.0749265
0.0756978
0.0752318
0.0752554
0.0755629
0.0734581
0.0737027
0.0733432
0.0738384
0.0731725
0.0735553
0.0737339
0.0737276
0.0735557
0.0731473
0.0736993
0.0731967
0.074054
0.0739517
0.0731289
0.0742341
0.0733401
0.0764776
0.0767598
0.0764654
0.0730739
0.0733739
0.0738287
0.0735987
0.0734656
0.0730758
0.0734418
0.0738064
0.0733962
0.0740576
0.0731222
0.0730059
0.0737897
0.072937
0.0742833
0.0725834
0.0733583
0.0731432
0.0737756
0.0741192
0.0737118
0.0733279
0.0740124
0.0741811
0.0737497
0.0730159
0.0731554
0.0735149
0.0734264
0.0731952
0.0740843
0.0733445
0.0738363
0.0736197
0.0736343
0.074163
0.0760412
0.0753961
0.0733418
0.0729379
0.0727749
0.0727724
0.0722201
0.0724615
0.0724555
0.0726822
0.0722725
0.0729721
0.0725932
0.0729583
0.0726131
0.0724196
0.0727235
0.0728467
0.0728401
0.0727958
0.0725948
0.0730068
0.0720806
0.0721731
0.0726799
0.0730177
0.0727016
0.0729971
0.0724639
0.0726916
0.0727057
0.0721948
0.0726523
0.0726208
0.0720648
0.0724732
0.0726129
0.0726356
0.0749428
0.0756814
0.0760322
0.0724925
0.0729061
0.0725916
0.0729546
0.0725674
0.0729002
0.0728085
0.0731358
0.0723103
0.0725241
0.0728777
0.072967
0.0729261
0.0727753
0.072911
0.0730444
0.0725823
0.0726472
0.0729702
0.0726977
0.0723081
0.0720671
0.0722868
0.0720418
0.0725039
0.0729214
0.0728904
0.0724398
0.0725525
0.0726771
0.0724297
0.0724114
0.0722472
0.0725279
0.0728212
0.0729408
0.0749508
0.075811
0.0763634
0.0720404
0.0729129
0.072367
0.0727949
0.0728951
0.0729339
0.072715
0.0719601
0.072864
0.0725156
0.0726611
0.0724943
0.0726032
0.0729675
0.0732415
0.0727465
0.0729039
0.0723664
0.0723368
0.0719258
0.0721826
0.0730286
0.0726634
0.072622
0.0728119
0.0725071
0.0727083
0.0729643
0.0731126
0.0729284
0.0731445
0.0725305
0.0729532
0.0728689
0.0728636
0.0732341
0.0760163
0.075233
0.0745268
0.0722269
0.0723924
0.0729485
0.0727894
0.0723946
0.0730419
0.0730059
0.0728788
0.0728288
0.0728257
0.0727791
0.0722878
0.0728645
0.072675
0.0730535
0.0727719
0.0738028
0.0736409
0.072828
0.0724663
0.0726611
0.0724875
0.0725622
0.0721651
0.0723749
0.0728363
0.0724941
0.0727491
0.0725684
0.0727249
0.0723815
0.0724505
0.0723092
0.0730624
0.0724866
0.0740142
0.0763347
0.0765525
0.0727257
0.0725423
0.0730633
0.0728961
0.0727027
0.0725586
0.0727061
0.0727537
0.0724168
0.0722219
0.0727822
0.0727946
0.0729822
0.0729227
0.0725321
0.0730725
0.0726511
0.0726094
0.0726371
0.0727627
0.0727221
0.0731625
0.0731915
0.0727025
0.0728448
0.0726102
0.0724538
0.0723112
0.0735144
0.0722013
0.0726145
0.0722124
0.0727123
0.0728669
0.0728956
0.0724101
0.0770827
0.0758671
0.0758889
0.0729871
0.0745182
0.0733172
0.0740512
0.0743387
0.0736128
0.073591
0.0733226
0.0731606
0.0731827
0.0740453
0.0741192
0.073628
0.0734197
0.073461
0.0739956
0.07428
0.0738211
0.0744267
0.0731871
0.0738491
0.0730336
0.0742097
0.074095
0.0742034
0.0737893
0.0731396
0.0741129
0.0739669
0.0743846
0.0732843
0.0733811
0.0731392
0.0731151
0.074051
0.0759066
0.0764063
0.0759105
0.0721299
0.0731997
0.0734476
0.0738691
0.0737278
0.0733315
0.073341
0.0738103
0.0728716
0.0735643
0.0730529
0.0741429
0.0737536
0.0736266
0.0742923
0.0733772
0.0731291
0.0734115
0.072952
0.073586
0.073645
0.0738766
0.0735651
0.0724238
0.0730461
0.0734504
0.073518
0.0725539
0.0738537
0.0729752
0.0736899
0.0739363
0.0735563
0.0739855
0.0731791
0.0759416
0.0764894
0.0762596
0.0734556
0.0731859
0.0739459
0.0743918
0.0738007
0.0732983
0.0735849
0.0734296
0.0729573
0.0731539
0.072747
0.0735625
0.073745
0.0728462
0.0736388
0.0733077
0.0737764
0.0735919
0.0733805
0.0735869
0.0736277
0.073743
0.0732587
0.0734569
0.0733288
0.0733929
0.0738614
0.0732161
0.0738336
0.0733426
0.073964
0.0735621
0.0732422
0.0731742
0.0738954
0.0734405
0.0757906
0.076393
0.0727584
0.0738342
0.0728705
0.0737989
0.0729986
0.0737611
0.0733649
0.0736016
0.0731219
0.0738438
0.0728532
0.073353
0.0728912
0.0734787
0.0732919
0.0732553
0.0740008
0.073049
0.07355
0.0733663
0.0734148
0.0730011
0.0733923
0.0733921
0.0733076
0.0741161
0.0733759
0.0736571
0.073041
0.0735863
0.0740155
0.0742622
0.0737516
0.0729639
0.0743583
0.0731312
0.0764647
0.0761519
0.0736819
0.073273
0.0727726
0.0734268
0.0736823
0.0733347
0.0740965
0.0738296
0.0735481
0.0744599
0.0731321
0.073057
0.0725721
0.0736403
0.0722709
0.0733307
0.0734093
0.0734478
0.0733104
0.0735348
0.0735259
0.0729649
0.0736923
0.0734165
0.0744085
0.0728182
0.072789
0.0732195
0.0729404
0.0732133
0.0736798
0.0726204
0.0734379
0.0736544
0.0733038
0.0735455
0.0759833
0.0765911
0.0738729
0.0730155
0.0738825
0.0741197
0.0738031
0.0732551
0.0736851
0.0732708
0.0736126
0.0734361
0.0733465
0.0738104
0.0727604
0.0733205
0.0735475
0.0733765
0.0737342
0.0732032
0.0738657
0.0729543
0.0741465
0.0739238
0.0735881
0.0735795
0.0732385
0.073657
0.0738732
0.073201
0.0738657
0.0740997
0.0740388
0.0729271
0.0740846
0.0752534
0.0737409
0.0735825
0.0763314
0.0761233
0.074067
0.0735502
0.0736161
0.0735116
0.0739251
0.0734721
0.0739548
0.0733644
0.0729749
0.0741138
0.073101
0.0736933
0.0731695
0.0743101
0.0738119
0.073389
0.0742209
0.0728148
0.073736
0.0733932
0.0737559
0.0735156
0.0729117
0.073731
0.0734654
0.0739455
0.0727207
0.0741016
0.0738334
0.0737554
0.0737751
0.0730543
0.0746436
0.0734941
0.0737996
0.0730892
0.0763696
0.0762883
0.0769618
0.0734065
0.0734023
0.0741832
0.0733216
0.0732721
0.0733842
0.0732595
0.0730571
0.0732676
0.0736189
0.0733245
0.0727527
0.074173
0.0731048
0.0734634
0.0728939
0.0733272
0.0738285
0.0726408
0.0734456
0.0733134
0.0739021
0.073486
0.0735863
0.0740326
0.073702
0.0736866
0.0726242
0.0731015
0.073652
0.0738117
0.0733932
0.0732079
0.0737013
0.0732903
0.0737595
0.0757932
0.0754726
0.0732058
0.0736625
0.073827
0.0740293
0.0735853
0.0733621
0.0737566
0.0740098
0.0727191
0.073819
0.0737121
0.0737844
0.0739156
0.0741166
0.0738431
0.0732653
0.0732747
0.0726105
0.0732175
0.0737061
0.0740312
0.0736665
0.073303
0.0738975
0.073473
0.0735757
0.0738344
0.073813
0.074331
0.073409
0.0735077
0.0732764
0.0734836
0.0733812
0.0737701
0.0738313
0.0751488
0.0759306
0.072996
0.0722599
0.0724014
0.0724324
0.0729055
0.0727495
0.0726991
0.0730928
0.0728427
0.0726312
0.072403
0.0721736
0.0721585
0.072389
0.0720557
0.0724125
0.0724079
0.0726078
0.072596
0.0729448
0.0725517
0.0722534
0.072757
0.0720825
0.0726953
0.0730032
0.0725905
0.0728157
0.0725983
0.0717296
0.0721523
0.0722736
0.0722083
0.0729398
0.0728373
0.0726969
0.0725893
0.0752127
0.0752126
0.0728045
0.072397
0.0724925
0.0727988
0.0727814
0.072641
0.0719282
0.0725912
0.0728101
0.0724606
0.0728429
0.0724977
0.0723041
0.0727375
0.0728109
0.0727116
0.0729663
0.0724531
0.0726583
0.072363
0.072224
0.0729778
0.0724508
0.0729563
0.0726699
0.0723894
0.0721389
0.0723185
0.0718715
0.0727869
0.0716978
0.0725904
0.0726226
0.0722094
0.0725171
0.0723586
0.0740524
0.0749592
0.0758312
0.0721565
0.0721749
0.0717886
0.0724105
0.1061983
0.0729138
0.0720007
0.0725141
0.0720338
0.0719452
0.0722214
0.0723138
0.0724396
0.0726773
0.0721576
0.0727106
0.0729824
0.072933
0.0729966
0.0720286
0.0727077
0.0728353
0.0732876
0.0722279
0.0727146
0.0727474
0.0728805
0.0720123
0.0725879
0.0729311
0.0725587
0.0725214
0.072551
0.0727568
0.0729468
0.0720597
0.0752461
0.0764421
0.0720753
0.0721524
0.0718778
0.0729185
0.0727599
0.0721693
0.0720026
0.0724355
0.0725439
0.0720471
0.0724393
0.0725213
0.0723958
0.0724756
0.0727888
0.0725777
0.0725047
0.0727176
0.0727852
0.0724912
0.0727474
0.0728246
0.0725308
0.0729638
0.0723768
0.0722265
0.0725538
0.0725185
0.071913
0.0727331
0.0725195
0.0726254
0.0722053
0.072262
0.0727391
0.0721037
0.074503
0.0762919
0.0760125
0.0721616
0.0727796
0.0726054
0.072863
0.072555
0.0723579
0.0728938
0.0729186
0.0728036
0.0725883
0.0722707
0.0724507
0.0720867
0.0722854
0.0724116
0.0727315
0.072696
0.0720303
0.0719502
0.0729026
0.0728707
0.0725857
0.0723485
0.0726692
0.0723603
0.0723461
0.0729552
0.072967
0.072816
0.0726053
0.0731071
0.0726352
0.0726991
0.0722277
0.072672
0.0720415
0.0780227
0.0762733
0.0750754
0.0734367
0.0731315
0.0737217
0.0729094
0.0739428
0.0740308
0.0735867
0.0737351
0.0729286
0.0735523
0.0734006
0.0735541
0.0735968
