0.0481632
0.073453
0.0742868
0.0745798
0.0738838
0.0735146
0.0735227
0.0742374
0.0736929
0.07443
0.0728737
0.0726255
0.0738244
0.0736452
0.0736026
0.0724892
0.0734362
0.0731412
0.0736965
0.0732247
0.0755361
0.0757131
0.0736395
0.0730425
0.0726168
0.0730598
0.073803
0.0732159
0.0733881
0.0740666
0.073973
0.0738862
0.0727607
0.0733969
0.0736097
0.0738909
0.0740286
0.0728727
0.0740408
0.0731763
0.073311
0.0728743
0.0738491
0.0738367
0.0732894
0.0738062
0.0731182
0.0735517
0.0736184
0.0732913
0.0726758
0.0732219
0.0740353
0.0730883
0.0758907
0.0768807
0.0735736
0.0732733
0.0730038
0.0735617
0.0737388
0.0735167
0.0733775
0.0736055
0.0734711
0.0728571
0.0728355
0.0736954
0.0737721
0.0739906
0.0735772
0.0734292
0.0743547
0.0738183
0.0735974
0.0721647
0.0736367
0.073997
0.0739087
0.073246
0.0739043
0.0731015
0.0728459
0.0730608
0.0735204
0.0730674
0.0735926
0.0732071
0.0759812
0.0757216
0.0740817
0.0730273
0.0730691
0.073447
0.0735557
0.0730265
0.0738627
0.0736288
0.0729963
0.0730982
0.0739606
0.0737732
0.0728155
0.0731562
0.0736051
0.0734808
0.0732083
0.0727951
0.0727693
0.0731896
0.0736616
0.0731546
0.0731868
0.0735106
0.0737701
0.0723583
0.0740242
0.0741827
0.0728327
0.0731046
0.0732836
0.0735254
0.0750978
0.0764624
0.0767243
0.0739302
0.0726582
0.0732927
0.0735264
0.073111
0.0732006
0.0735067
0.0732865
0.0734373
0.0739909
0.0726873
0.0734514
0.0734938
0.073435
0.0737892
0.0727118
0.0734441
0.0739644
0.0733616
0.0731381
0.0736606
0.0738311
0.0736668
0.0730719
0.0734954
0.0730904
0.0738673
0.0726682
0.0731378
0.0738207
0.0733581
0.0727781
0.076942
0.0754924
0.0739311
0.0734055
0.073367
0.073741
0.0734707
0.0735529
0.0738027
0.0736498
0.0734334
0.0737037
0.0732502
0.0736226
0.073008
0.0727802
0.0740755
0.0738568
0.0731258
0.0729047
0.0739971
0.0742417
0.0730372
0.0733674
0.0729261
0.0735225
0.0731759
0.0731248
0.0735866
0.0737377
0.0734542
0.0731046
0.0734995
0.0740607
0.0759003
0.0758935
0.0738334
0.0736215
0.0736368
0.0737302
0.0737163
0.0734689
0.0734851
0.0737434
0.0739189
0.0738416
0.0730279
0.0732566
0.0731752
0.0731313
0.0738888
0.0735609
0.072796
0.0731797
0.0735617
0.0737044
0.0728455
0.0739554
0.0742265
0.073599
0.0732368
0.0734359
0.0739153
0.0736545
0.0733211
0.0734185
0.0738621
0.0734977
0.075509
0.0762095
0.0738945
0.0741919
0.0726451
0.0727167
0.0740829
0.073846
0.0734634
0.0735205
0.0734315
0.0733113
0.0729743
0.0728863
0.0733394
0.0736903
0.0732496
0.0731203
0.0742825
0.0729253
0.0741748
0.0735287
0.0729056
0.0732875
0.0733404
0.0739719
0.0730054
0.0735217
0.0736793
0.0729925
0.0733123
0.0732385
0.0729553
0.0737436
0.0762161
0.075655
0.0734379
0.0742168
0.0732295
0.0728139
0.0733947
0.0738899
0.0729559
0.073317
0.0737329
0.073312
0.0731171
0.0736234
0.0730252
0.0739554
0.0739638
0.0736599
0.0733182
0.0731223
0.0733182
0.0734778
0.0730247
0.0731244
0.0734303
0.0740417
0.0729927
0.0734798
0.0733129
0.0732295
0.0723361
0.07307
0.0732004
0.0733137
0.0772441
0.0759563
0.0746836
0.0724927
0.0724967
0.072598
0.0723433
0.0722805
0.0722001
0.0720865
0.0723593
0.0720132
0.0728945
0.0722332
0.0724947
0.0728667
0.0718241
0.0725163
0.0721557
0.0725289
0.0720113
0.0718573
0.0722457
0.0726248
0.0726337
0.0729852
0.0724745
0.0721607
0.0719574
0.0721297
0.0726183
0.0719199
0.0724525
0.0731289
0.0729006
0.0753079
0.0753742
0.0727691
0.0721211
0.0722571
0.0719652
0.0721611
0.0722372
0.0720161
0.0729914
0.0726234
0.0724497
0.0726658
0.0724699
0.0720847
0.0725496
0.0726187
0.0726037
0.0720128
0.0727246
0.0727114
0.0727524
0.0732772
0.0724685
0.072157
0.0720218
0.0728874
0.0729164
0.0724504
0.072694
0.0725501
0.0723707
0.0727518
0.0729932
0.0739288
0.0756542
0.0766939
0.0721515
0.0724792
0.0730415
0.0731436
0.0726745
0.0725746
0.0727102
0.0723171
0.0718893
0.0724928
0.0722702
0.0724832
0.0725246
0.0727772
0.0724218
0.0729535
0.0730396
0.0724151
0.0727674
0.0726491
0.0730415
0.073079
0.072523
0.0731161
0.0727381
0.072694
0.0728527
0.0727052
0.0727951
0.0722294
0.0723903
0.0727791
0.0755162
0.0759737
0.072688
0.0728481
0.0729501
0.0728374
0.0722705
0.0727767
0.0730434
0.0730651
0.0726152
0.0726599
0.0730456
0.0725723
0.0727693
0.0730771
0.0728465
0.0730793
0.0727027
0.0721731
0.0729809
0.0726391
0.073234
0.0722287
0.0725436
0.0726658
0.0727378
0.0729983
0.0730322
0.0731964
0.0724076
0.0726399
0.0727706
0.0724053
0.0757741
0.0762751
0.074603
0.0727431
0.0726522
0.0731496
0.0724269
0.073169
0.074003
0.0733222
0.0742397
0.0742037
0.0723059
0.0722875
0.0718501
0.0721553
0.0721254
0.07244
0.0726583
0.0725152
0.0724975
0.072434
0.0728598
0.0724857
0.0726373
0.0729368
0.0721636
0.0720721
0.0723391
0.0732219
0.0728356
0.072284
0.0725035
0.0724145
0.0761644
0.0766258
0.0724212
0.0735952
0.0737174
0.0734811
0.073136
0.0734193
0.0739637
0.0734049
0.0740037
0.0732974
0.0729929
0.0741761
0.0741342
0.0733861
0.0728717
0.073943
0.0740578
0.0735959
0.073392
0.072811
0.0733733
0.0735332
0.072945
0.0727555
0.0736155
0.0735595
0.0737267
0.0732902
0.0732029
0.0738085
0.073893
0.0730912
0.0756596
0.0792681
0.076532
0.0766393
0.0763514
0.0756898
0.0761223
0.0761234
0.0767795
0.0762978
0.0765096
0.0762998
0.0758006
0.0762657
0.076087
0.0758664
0.0769673
0.0750295
0.0764771
0.0760579
0.0772061
0.0756036
0.076044
0.0766364
0.0765707
0.0764012
0.0759408
0.0763282
0.0765968
0.0762667
0.0761669
