0.0475271
0.0761442
0.0798496
0.0789486
0.0770252
0.0761911
0.0759864
0.0767396
0.0762191
0.0757583
0.0761057
0.0760251
0.0762411
0.0758161
0.0759098
0.0759936
0.0765565
0.0765472
0.0751376
0.0759055
0.0757923
0.0763612
0.0760499
0.0768498
0.0758074
0.07323
0.0736925
0.0741168
0.0724595
0.0730418
0.0756366
0.0741198
0.0731825
0.0756245
0.0760232
0.0737583
0.0761957
0.0769988
0.0724914
0.0739001
0.0739184
0.0736194
0.0730007
0.0762502
0.0736356
0.0731158
0.0730175
0.076013
0.0732168
0.0737125
0.0719297
0.0742023
0.0737683
0.0735559
0.0730478
0.0733757
0.0760662
0.0755183
0.0766966
0.0757765
0.0763239
0.0759503
0.0763846
0.0764927
0.07565
0.076219
0.076424
0.0728973
0.0735153
0.073398
0.0761415
0.0774505
0.0764366
0.0751694
0.0751302
0.0762187
0.0769456
0.0732775
0.0757232
0.0732381
0.0743684
0.0748401
0.0730348
0.0733056
0.0729187
0.0740396
0.0722957
0.0734861
0.0738194
0.0738401
0.0728052
0.0727903
0.0737007
0.0738201
0.0730489
0.0738269
0.0738305
0.0739846
0.072647
0.0735396
0.0736097
0.0728727
0.0735069
0.0736328
0.0760902
0.0762281
0.0740537
0.0732542
0.0735033
0.0748258
0.0734892
0.0733568
0.0732084
0.0734927
0.0735331
0.0732243
0.073605
0.0741295
0.0729441
0.0761645
0.076768
0.0761387
0.0736853
0.0735658
0.0737433
0.0736007
0.0733025
0.0735228
0.0735914
0.0735023
0.0729592
0.0723593
0.0739735
0.0742517
0.0735568
0.0739824
0.0734397
0.0733435
0.07629
0.075912
0.0749568
0.0734487
0.0731269
0.0735096
0.0734538
0.0734367
0.0730062
0.0738649
0.0734068
0.0733655
0.0736164
0.073055
0.0738244
0.0734922
0.0742374
0.0738666
0.0734127
0.0735656
0.0728695
0.0724491
0.0731828
0.0735606
0.0729414
0.0736047
0.0736383
0.0738575
0.0736316
0.0732139
0.0734935
0.0736536
0.0728737
0.0733099
0.0736788
0.076578
0.0767679
0.0724996
0.0738084
0.0732323
0.0736841
0.0732272
0.0733411
0.0737405
0.0733113
0.0734429
0.0736798
0.0737166
0.0733707
0.0735085
0.0740738
0.0739197
0.0727025
0.0754453
0.0764779
0.0760728
0.076883
0.0757425
0.0753991
0.0765214
0.0768686
0.0766448
0.0765766
0.0755477
0.0757109
0.0767558
0.076671
0.0762944
0.0762327
0.0792413
0.0797854
0.0761485
0.0760109
0.0760425
0.0765832
0.0766745
0.076283
0.0768401
0.0731522
0.0730348
0.0737178
0.0756834
0.0735106
0.073995
0.0738473
0.0756998
0.0758883
0.0770738
0.076369
0.076472
0.0727706
0.0733381
0.0736267
0.0736159
0.073849
0.0729525
0.0734193
0.0738658
0.0730239
0.0734802
0.0729824
0.0736049
0.0736245
0.0752613
0.0761954
0.0729282
0.0728
0.072227
0.0729139
0.075395
0.1091487
0.0748694
0.0750518
0.0761845
0.0747429
0.0748019
0.0724917
0.0727708
0.072355
0.0727366
0.0727635
0.0733583
0.075087
0.0758713
0.075418
0.0756851
0.0752825
0.0748771
0.0754097
0.0755922
0.0747349
0.075784
0.0758604
0.0752687
0.0751229
0.0747181
0.0746077
0.0751708
0.0763285
0.0718611
0.0729531
0.0728185
0.0723273
0.0721296
0.0728852
0.0725468
0.0725338
0.072489
0.072211
0.0728315
0.0728049
0.0730671
0.0733417
0.0727788
0.072754
0.0730554
0.0724897
0.0727043
0.0721535
0.0727891
0.072349
0.0721029
0.0731662
0.0730758
0.0724516
0.0723002
0.0725592
0.0728233
0.0729919
0.0733034
0.0727066
0.0761084
0.0761292
0.072858
0.0725459
0.07302
0.0726039
0.0729788
0.0723527
0.0724071
0.0745247
0.0756806
0.0727776
0.0750926
0.0734085
0.0728319
0.0730508
0.0727742
0.0746976
0.0754663
0.07519
0.0755517
0.0756791
0.0756465
0.0752517
0.0749383
0.0750627
0.0754909
0.0755187
0.0749612
0.0759914
0.0725303
0.0720841
0.0727732
0.0727902
0.0777983
0.078064
0.0777958
0.0751215
0.0745109
0.0749335
0.075399
0.0753513
0.0751025
0.0757939
0.0722485
0.0754903
0.0754265
0.0747614
0.0753408
0.0750421
0.074983
0.075559
0.0755464
0.0748505
