0.0469368
0.0726376
0.0729837
0.072395
0.0727825
0.0724157
0.0734673
0.0728805
0.072158
0.0728705
0.0727131
0.0728183
0.0727104
0.0728377
0.0731858
0.0759958
0.0755733
0.0746919
0.0724429
0.0726274
0.0721967
0.0723996
0.0727129
0.0733121
0.0725778
0.072805
0.0727153
0.0720223
0.0726774
0.0725231
0.0724487
0.0723465
0.0727356
0.0727141
0.0722759
0.0731874
0.0727424
0.0726274
0.0720703
0.0727612
0.0721691
0.0725568
0.0734166
0.0727205
0.0721098
0.0725566
0.0724438
0.0724088
0.0726899
0.0729158
0.0727231
0.0750923
0.0763844
0.0752268
0.0726751
0.073616
0.0738421
0.073764
0.0736404
0.0737824
0.0733932
0.0729668
0.0739914
0.0733808
0.0732098
0.0735533
0.0732032
0.0729686
0.0732644
0.0740375
0.0730433
0.0724114
0.0732706
0.0735195
0.0736731
0.0736588
0.0738262
0.0735151
0.0723792
0.0736138
0.0738187
0.0730391
0.073622
0.0733879
0.0731403
0.0733885
0.0737814
0.0765113
0.0764744
0.0738294
0.0733342
0.0731144
0.0741225
0.0733202
0.0732318
0.0739545
0.0738021
0.0739619
0.0730329
0.0736342
0.0736696
0.0731312
0.0735274
0.0734405
0.0729595
0.0731154
0.0738939
0.0727086
0.0733899
0.073778
0.0732295
0.0729115
0.0738651
0.0736349
0.0728607
0.0737451
0.0733778
0.0733629
0.0734959
0.0733996
0.0728219
0.0735119
0.0750746
0.0762486
0.0757214
0.0737848
0.0730074
0.0730178
0.0734706
0.0736241
0.0732891
0.0736003
0.0737303
0.0736371
0.0736879
0.0734162
0.0733387
0.0740551
0.0735672
0.0729265
0.0740116
0.0739886
0.0736344
0.0733556
0.0742659
0.0730638
0.0740541
0.0735017
0.073891
0.0735329
0.073662
0.0742001
0.0729155
0.0738473
0.0744265
0.0732564
0.0731042
0.0737105
0.0777794
0.0758028
0.0807827
0.0755557
0.0751237
0.074377
0.0748608
0.0751053
0.0743151
0.0749866
0.0752309
0.074834
0.0747665
0.0754887
0.0758166
0.0739793
0.0749772
0.0747311
0.0750522
0.0755938
0.0753965
0.0762068
0.073699
0.0750226
0.0755858
0.0752842
0.0750259
0.073294
0.0735109
0.0725007
0.0734591
0.0735497
0.0733131
0.0731445
0.073609
0.0751528
0.0755613
0.0753812
0.0727672
0.0732847
0.0727786
0.0732864
0.0731369
0.0732201
0.0736376
0.0729524
0.0734927
0.0735351
0.0725767
0.0729649
0.0734373
0.0731119
0.0733092
0.0718642
0.0733035
0.0734138
0.073226
0.0725665
0.0726201
0.073136
0.0734431
0.0723697
0.0735801
0.0736319
0.0735658
0.0728329
0.0732727
0.0728863
0.0730957
0.0735516
0.0726512
0.075931
0.0761169
0.0731962
0.072953
0.0730074
0.0736291
0.0730308
0.0730539
0.0739179
0.073653
0.0728358
0.0728961
0.0729439
0.0735268
0.0737649
0.0724134
0.073574
0.0729597
0.0732441
0.0728762
0.0734462
0.0729486
0.0718556
0.0736316
0.0729906
0.0726817
0.071939
0.0740513
0.0735721
0.0733449
0.0759572
0.0742921
0.0729636
0.0731158
0.0738595
0.0748048
0.0771426
0.0765984
0.0732765
0.0727186
0.0729345
0.0736524
0.0738103
0.0726551
0.0734041
0.0748443
0.073387
0.0727677
0.0737429
0.0734099
0.0735989
0.0737745
0.0855095
0.0900034
0.0956211
0.0924411
0.0923959
0.0911303
0.0915116
0.0908137
0.0875641
0.08531
0.084242
0.084403
0.084388
0.095043
0.0903697
0.0909132
0.0869018
0.0779159
0.0778216
0.0774243
0.0781702
0.0816404
0.0762526
0.0762099
0.0741636
0.0734599
0.0734333
0.0734649
0.0733532
0.0740605
0.0737059
0.073165
0.0733388
0.0738833
0.0726509
0.0731974
0.0725434
0.073555
0.0736392
0.0736606
0.072848
0.0742154
0.0734086
0.0734
0.0741013
0.0733215
0.0731132
0.0734678
0.0740597
0.0727436
0.072978
0.0739358
0.0741378
0.0730281
0.0734445
0.0740713
0.0741152
0.0764012
0.0762893
0.0732621
0.0729418
0.0728809
0.0725598
0.0725973
0.0730719
0.0733217
0.0731912
0.0729024
0.0730788
0.0728522
0.0729122
0.0732058
0.0730411
0.0731414
0.0726208
0.0727329
0.0732741
0.0724127
0.0726489
0.0729427
0.0725379
0.0727479
0.0729813
0.0728718
0.0726425
0.0722678
0.073042
0.0732216
0.0727779
0.0729389
0.0720896
0.0725603
0.0726625
0.0761785
0.0763329
0.0730393
0.0730077
0.0730792
0.0726825
0.0724615
0.0726515
0.0724524
0.0723727
0.0723928
0.0724983
0.072199
0.0720906
0.073294
0.0726093
0.072064
0.0722471
0.072583
0.0723373
0.0722163
0.0732676
0.0725923
0.0721026
0.0719824
0.0722998
0.0723021
0.0725803
0.0727115
0.0728411
0.0730503
0.0731504
0.0730668
0.0727179
0.0727255
0.0727155
0.0751691
0.076454
0.0723602
0.0730943
0.0725065
0.0725586
0.0731486
0.072482
0.0728714
0.0728669
0.0727213
0.0720938
0.0727437
0.0728727
0.0730988
0.0728153
0.0721251
0.0726796
0.0724899
0.0732749
0.0727017
0.0725153
0.0727758
0.0731484
0.0727252
0.0726792
0.0727909
0.072485
0.0723323
0.0720873
0.0726812
0.0728365
0.0735611
0.0724895
0.0730351
0.0735107
0.075688
0.0767711
0.0722998
0.0724912
0.0721861
0.0723323
0.0728141
0.072772
0.0731569
0.0723657
0.0730752
0.0726909
0.0723534
0.0725156
0.0729148
0.0725505
0.0727242
0.0729408
0.0722221
0.0725167
0.072895
0.0727888
0.0728811
0.0727723
0.0728863
0.0730091
0.0731324
0.0726307
0.0726668
0.0728896
0.0730735
0.0724055
0.0721054
0.0725146
0.0722626
0.0730754
0.0762116
0.0760086
0.0726165
0.0729014
0.0722343
0.0725244
0.0729656
0.072216
0.0730313
0.0733383
0.0723712
0.0721984
0.0727739
0.0726734
0.0723952
0.0725808
0.0723162
0.0729321
0.0723633
0.0731221
0.0726508
0.0728551
0.0724167
0.072205
0.0730736
0.0731309
0.0732864
0.072694
0.0728081
0.0729978
0.0730001
0.0726723
0.0726214
0.072975
0.0733709
0.0752499
0.0761766
0.0764639
0.0738162
0.0733538
0.0741608
0.0744948
0.0740717
0.0730114
0.0734599
0.0737843
0.07315
0.0739009
0.0738776
0.0727184
0.0733848
0.0731556
0.0731162
0.0735682
0.0739085
0.0732585
0.0732132
0.0737547
0.0739387
0.0730379
0.0736718
0.072912
0.0734365
0.0735187
0.0736621
0.0729364
0.0732746
0.0735227
0.0734553
0.0737253
