0.0467358
0.0766437
0.0798245
0.0797411
0.0790335
0.0771614
0.0769138
0.0765959
0.0762053
0.076209
0.0765407
0.0761873
0.0757641
0.0760315
0.0757407
0.0759668
0.0756196
0.0748069
0.0759871
0.0764939
0.075377
0.0762157
0.0759021
0.0764236
0.0756183
0.0757889
0.0761211
0.0757978
0.0760032
0.0767193
0.0759702
0.0768774
0.0764431
0.0760159
0.0766878
0.0774647
0.0761133
0.0762764
0.0764486
0.0770569
0.0767994
0.0767833
0.0766203
0.077127
0.076343
0.0769867
0.0795081
0.0788165
0.0784022
0.075927
0.077077
0.0762033
0.0756798
0.0765487
0.0771562
0.0762992
0.0772209
0.0772851
0.0765471
0.0769033
0.0762706
0.0768699
0.0762565
0.0768116
0.0763509
0.0757488
0.0767802
0.0762211
0.0762088
0.0768866
0.07702
0.0756487
0.0768057
0.0766366
0.076278
0.076657
0.0767383
0.0767162
0.0759372
0.0761801
0.0768923
0.0762756
0.0760462
0.0769509
0.077179
0.0771585
0.0765212
0.0764794
0.0776468
0.0768236
0.0791796
0.0795839
0.0776877
0.0771101
0.0775783
0.0766335
0.0765648
0.0767307
0.0771807
0.0768938
0.0767835
0.0763427
0.0769004
0.0764553
0.0770307
0.0766869
0.0772004
0.0772372
0.076669
0.0777869
0.0772617
0.0767314
0.0768615
0.0768791
0.0768634
0.0773664
0.0766802
0.0776318
0.0773802
0.0763754
0.0781322
0.0771184
0.0765685
0.0768105
0.0778351
0.0764027
0.0771623
0.0775718
0.0782159
0.0768009
0.0768952
0.0775299
0.0768077
0.0794371
0.0801277
0.0789264
0.0773826
0.0764234
0.0766449
0.0774159
0.0757067
0.076574
0.0767191
0.0763654
0.0771875
0.076873
0.077383
0.0763993
0.0757239
0.0769384
0.0762406
0.0762685
0.0762841
0.0756407
0.0756668
0.076335
0.0749488
0.0760487
0.075978
0.0755875
0.0767149
0.0751369
0.0761987
0.0762918
0.0760814
0.0751503
0.0768475
0.0765205
0.0750217
0.0761564
0.0750496
0.0764176
0.0758761
0.0758869
0.0764507
0.0760439
0.075682
0.0772522
0.0797614
0.0791274
0.0778372
0.0765055
0.0771136
0.0763819
