0.0460792
0.0748722
0.0749795
0.0743117
0.0751408
0.0742732
0.0750454
0.0748629
0.0753299
0.0752402
0.0756
0.0752549
0.0744967
0.0745838
0.0740638
0.0746619
0.0737974
0.0746133
0.0750082
0.0751479
0.0745001
0.0747493
0.0746968
0.0750968
0.0746232
0.075328
0.0748603
0.0746994
0.0752218
0.0753203
0.074557
0.0749289
0.074707
0.0738937
0.0745471
0.0781727
0.0776598
0.0778281
0.0747674
0.0746562
0.0747381
0.1081789
0.0747536
0.0747284
0.0747829
0.0750424
0.0750524
0.0735482
0.0736525
0.0733081
0.0736479
0.0735565
0.0738671
0.074937
0.0749602
0.0738335
0.0734883
0.0737082
0.0737408
0.0730102
0.0727746
0.0730881
0.0727825
0.0732988
0.0737149
0.0728698
0.0735178
0.0727481
0.0734257
0.0725286
0.0739048
0.072331
0.0733309
0.0735144
0.0728473
0.0730464
0.0751883
0.0756593
0.0757316
0.0734176
0.0739751
0.0734382
0.0733904
0.0732864
0.0730312
0.0729632
0.0736672
0.0728654
0.0734989
0.0735609
0.0735227
0.0738619
0.0730921
0.0735386
0.0721174
0.0736898
0.0733145
0.0736364
0.0740282
0.0729523
0.0737469
0.0728876
0.0735413
0.0733471
0.0734971
0.0737967
0.0741033
0.0743192
0.074697
0.0747618
0.0748718
0.0750529
0.0752457
0.0749625
0.0743153
0.0747672
0.07507
