0.0468115
0.0769227
0.0770777
0.0748864
0.073708
0.0734752
0.0735282
0.0742441
0.0742324
0.0741889
0.0741803
0.0736887
0.0749182
0.0737795
0.0744188
0.0738248
0.0742145
0.0740761
0.074753
0.0746335
0.0743077
0.0741729
0.0736204
0.0744411
0.0738922
0.0746269
0.0742435
0.0740891
0.0738758
0.0737127
0.0746933
0.0748257
0.0737495
0.0750753
0.0737275
0.0745963
0.0745624
0.0740607
0.07443
0.0778738
0.0764723
0.0765376
0.0735089
0.073224
0.0732527
0.0732861
0.0731472
0.0732334
0.0734031
0.073468
0.0734088
0.0734659
0.073245
0.0733686
0.0730461
0.0727751
0.0726601
0.0727416
0.0735254
0.0729806
0.0732611
0.0731086
0.0737455
0.0734279
0.0737252
0.0730134
0.0736936
0.0733837
0.0733295
0.0735612
0.0728742
0.0727984
0.0728324
0.0724662
0.0734684
0.0726954
0.0728351
0.0741566
0.0778205
0.0769803
0.0731595
0.0737597
0.0734885
0.0735362
0.073308
0.0732863
0.073558
0.0740822
0.0745655
0.0747295
0.0749465
0.0740838
0.0739977
0.0748814
0.0747824
0.0743267
0.0739828
0.0747972
0.0750026
0.0745771
0.0748985
0.0750091
0.0752737
0.0747454
0.0744972
0.0737742
0.0735673
0.0751128
0.0748803
0.0748939
0.0746874
0.0748799
0.0744282
0.0745912
0.07443
0.0749381
0.0779861
0.0783167
0.0745073
0.0745731
0.0741514
0.0754001
0.0740639
0.0743313
0.0745288
0.0748791
0.0740289
0.0746506
0.0744052
0.0749775
0.0741157
0.0745637
0.0745927
0.0746987
0.0744934
0.074778
0.0745581
0.0740338
0.0750028
0.0745867
0.0743974
0.074127
0.0743133
0.0743147
0.0739967
0.0738567
0.0745442
0.0751243
0.0743654
0.0745439
0.074633
0.0742093
0.0746464
0.0745178
0.0771379
0.0775898
0.0746162
0.0736461
0.0735955
0.073795
0.0742409
0.0745673
0.0739281
0.0738125
0.0747738
0.0744875
0.074338
0.0745224
0.0745666
0.0753098
0.0744888
0.0747378
0.0742098
0.0751168
0.0746342
0.074654
0.0749428
0.0738888
0.0744856
0.0738597
0.0743436
0.0744723
0.0741596
0.0739818
0.0744505
0.0745457
0.0748305
0.0746987
0.0751416
0.0738533
0.0743284
0.0742833
0.0784666
0.0781272
0.0770214
0.0744277
0.0745329
0.0745912
0.0748287
0.0746988
0.0744592
0.0744752
0.0743197
0.0745004
0.0741217
0.0740003
0.0743771
0.0743666
0.0744276
0.0744166
0.073819
0.0746078
0.0749851
0.0745271
0.074517
0.0741879
0.0742403
0.0745541
0.0745695
0.0750958
0.074566
0.074716
0.0745046
0.0741431
0.0738649
0.0743236
0.0745048
0.0746953
0.0746041
0.074416
0.0776646
0.0783279
0.0781031
0.0750311
0.0757522
0.0741143
0.0748971
0.0748841
0.0754248
0.0754215
0.0752507
0.0756717
0.0750114
0.0757283
0.0749602
0.075642
0.0751683
0.0749486
0.0754559
0.0749896
0.0750393
0.0757592
0.0747343
0.0753972
0.0742541
0.0759218
0.0759395
0.0755115
0.0757493
0.0749694
0.0751323
0.0758482
0.0750374
0.075847
0.0763178
0.074733
0.0753232
0.0752136
0.0783341
0.0783174
0.0766782
0.0755504
0.0753405
0.0754033
0.0748386
0.0746167
0.0749828
0.0750607
