0.0482874
0.0739036
0.0733847
0.0750133
0.0764879
0.076069
0.0733575
0.0736914
0.0735973
0.0732303
0.0734827
0.073826
0.0743038
0.0734824
0.0731052
0.0737811
0.0736162
0.0737252
0.0724148
0.0739427
0.0733516
0.0734477
0.072847
0.0727758
0.0737464
0.0735757
0.0731562
0.0734689
0.0732925
0.0737635
0.0731973
0.0735617
0.0732901
0.0740064
0.0734663
0.0734281
0.0735865
0.0731532
0.076311
0.0757379
0.0722175
0.0721469
0.0726589
0.0723031
0.0728522
0.0729431
0.0730699
0.0722287
0.0730126
0.0725331
0.0725445
0.0722337
0.0726369
0.0730796
0.0731526
0.0728569
0.0728919
0.0727368
0.0725549
0.0725325
0.0730377
0.0720781
0.0726943
0.0728915
0.0725834
0.072822
0.0728862
0.0730096
0.0727797
0.0723264
0.0720311
0.0722537
0.0746403
0.0759265
0.0762379
0.0732387
0.0723993
0.0725887
0.0727546
0.0728976
0.0724154
0.0726945
0.0722416
0.0723944
0.0727403
0.0727412
0.0724439
0.0723575
0.0729588
0.0729132
0.0727863
0.0727045
0.0723753
0.0728039
0.072683
0.0731442
0.0727952
0.0725648
0.0729714
0.0719534
0.0727793
0.0727516
0.0728068
0.0722838
0.0722305
0.0724434
0.0723133
0.0756433
0.0761373
0.0747769
0.0728758
0.0727226
0.0731631
0.0729561
0.0731735
0.0725642
0.0723555
0.0723408
0.0723318
0.0726564
0.0726262
0.0731177
0.0724809
0.0718801
0.072701
0.0723955
0.0729281
0.0725758
0.0730582
0.0727388
0.0725926
0.0726754
0.0728853
0.0723651
0.0728033
0.0721451
0.0721545
0.0728378
0.0731846
0.0726862
0.072533
0.072947
0.0764954
0.0762484
0.0732449
0.0725452
0.0727775
0.0726214
0.0727734
0.0731236
0.0727367
0.0721352
0.0726218
0.0727986
0.0727429
0.0725799
0.0726927
0.0726011
0.0728833
0.0723079
0.0725646
0.0725365
0.0726256
0.0724599
0.0724203
0.0726618
0.0734077
0.0725699
0.0726574
0.0724241
0.0717827
0.0725956
0.0722197
0.0726073
0.0724654
0.0726661
0.0742682
0.0757134
0.0752785
0.0719634
0.0720645
0.0726226
0.0723998
0.0731164
0.072555
0.0731129
0.0729619
0.0727277
0.0723546
0.0718043
0.0730941
0.0721727
0.0720243
0.0721044
0.0723063
0.0723366
0.0723907
0.0725492
0.0722799
0.0725067
0.0717666
0.0726073
0.0721029
0.0721396
0.072828
0.0724539
0.0728847
0.0721071
0.0722099
0.0727782
0.0725906
0.0765243
0.0758336
0.0728165
0.0726555
0.07361
0.0738644
0.0736724
0.0723755
0.0727057
0.0735905
0.0740558
0.0730202
0.0728524
0.0735262
0.0730575
0.0728769
0.073486
0.073461
0.073183
0.0733508
0.0731949
0.1091633
0.0732989
0.0740672
0.0729428
0.0733868
0.0734299
0.0740528
0.0733641
0.0736139
0.0736465
0.073921
0.0726661
0.0730482
0.0765092
0.0763287
0.0740543
0.074061
0.0735113
0.0735292
0.073792
0.0736453
0.0728597
0.0734481
0.073257
0.0736774
0.0734565
0.073691
0.0736611
0.0740836
0.0736956
0.0754145
0.076028
0.0768134
0.0753798
0.0759358
0.0762815
0.0756407
0.0765941
0.0760794
0.0747429
0.076251
0.0764916
0.0757483
0.0761879
0.0756486
0.076879
0.0767739
0.0797265
0.0782928
0.0757182
0.0752756
0.0765779
0.0762849
0.0763502
0.0762837
0.0763455
0.0764464
0.0767902
0.0767755
0.0757657
0.0765426
0.07673
0.0767895
0.0750671
0.0759577
0.0764772
0.076106
0.0763506
0.07565
0.0766488
0.0760591
0.0766814
0.0767532
0.076213
0.0761516
0.0759709
0.0761759
0.0760817
0.0761508
0.0760288
0.0765693
0.0790002
0.0788567
0.0756793
0.076005
0.0769262
0.0762882
0.0762857
0.0757694
0.0765103
0.0757749
0.0757807
0.0763797
0.0757201
0.07673
0.076199
0.0766568
0.0752108
0.0759191
0.0768306
0.0761286
0.0764524
0.0759344
0.0756058
0.0763173
0.0756626
0.0761595
0.0749475
0.0764167
0.0757951
0.0756139
0.075456
0.0764925
0.0764453
0.0785035
0.0779701
0.0763045
0.0759159
0.0761751
0.0768303
0.0764518
0.0761
0.076847
0.0763761
0.0761836
0.0755397
0.0757387
0.0757214
0.0763436
0.0769388
0.0761436
