0.0442628
0.0731986
0.07347
0.0736038
0.0731057
0.0730774
0.0728307
0.0726755
0.0732991
0.0737769
0.0727037
0.0728836
0.0733548
0.0737707
0.0722197
0.073445
0.0733486
0.0716913
0.0742406
0.072801
0.0725392
0.0738359
0.0734029
0.0730116
0.0731667
0.0737554
0.0728166
0.0732275
0.0729955
0.0725793
0.0731987
0.0729948
0.0742657
0.0724311
0.075594
0.0762486
0.0766631
0.0739688
0.0731368
0.0733329
0.0728323
0.0736037
0.0736433
0.0730843
0.0732055
0.0728381
0.0730665
0.0739221
0.0728339
0.0726298
0.0738012
0.0732913
0.0729169
0.0723857
0.0730874
0.0735692
0.0731168
0.0732956
0.0733494
0.0728476
0.0736687
0.0737329
0.0737307
0.0735779
0.0739754
0.0730045
0.0732812
0.0730697
0.0728048
0.0727213
0.0732936
0.0734756
0.0727863
0.0727574
0.0737131
0.0733567
0.0721415
0.0735337
0.0735308
0.0728272
0.0744753
0.075991
0.0757787
0.0744059
0.0727277
0.0730602
0.073498
0.0732189
0.0726879
0.0728073
0.0731334
0.0733023
0.0726996
0.0734624
0.0740074
0.0733219
0.0738154
0.0729215
0.0726015
0.07334
0.0734703
0.072219
0.0735321
0.0731457
0.0729282
0.0732676
0.0728441
0.0730555
0.0729559
0.0736186
0.0733164
0.0728347
0.0736934
0.0734229
0.0718792
0.0736836
0.0735785
0.0727597
0.0734733
0.0730188
0.0729089
0.0732847
0.0732806
0.0732062
0.0734752
0.0733079
0.0757187
0.0757595
0.0760256
0.0738311
0.0722919
0.0737684
0.072711
0.0725321
0.0735064
0.0734633
0.0728528
0.0730513
0.0728793
0.0734463
0.0725624
0.073363
0.0740441
0.0724204
0.0726906
0.0732513
0.0718465
0.0733153
0.0728552
0.0737654
0.0730201
0.0732156
0.0733709
0.0721282
0.0732305
0.0730386
0.0725265
0.0729938
0.0728276
0.0726691
0.0725164
0.0730775
0.0731465
0.0730584
0.0731274
0.0724132
0.0728896
0.0727451
0.0735133
0.0720641
0.0724518
0.0732939
0.0748141
0.0753591
0.0769022
0.0757652
0.0728726
0.0733301
0.0728887
0.0732551
0.072843
0.0732921
0.0734174
0.0733568
0.0731266
0.073486
0.0736398
0.0734826
0.0732249
0.0730691
0.0731253
0.0733709
0.073337
0.0730572
0.0729414
0.0720753
0.0734931
0.0729424
0.072294
0.0726699
0.0735678
0.0733813
0.0729889
0.072774
0.0727377
0.0731775
0.0726355
0.0733512
0.0726438
0.0728088
0.0732882
0.0729858
0.0727518
0.0735077
0.0736589
0.0737504
0.0733959
0.0731805
0.0737477
0.0754587
0.0759704
0.0730042
0.073175
0.0735427
0.0732631
0.0728166
0.0731794
0.0732942
0.0722961
0.072902
0.0735871
0.0729754
0.0740126
0.0733814
0.0726416
0.0730077
0.0729692
0.0737307
0.0724323
0.0731838
0.0732231
0.0735539
0.0733883
0.0729932
0.0739839
0.0732383
0.0733383
0.073149
0.0728761
0.0734052
0.0728658
0.0724709
0.0733908
0.0733715
0.0725758
0.0737672
0.0729649
0.0730757
0.0734093
0.0726417
0.0727433
0.0733988
0.0734094
0.0725398
0.0751518
0.076194
0.0764349
0.0737593
0.0730642
0.073141
0.0731163
0.0736559
0.0733219
0.0734361
0.0725864
0.0729194
0.0733834
0.0736384
0.0732198
0.0717267
0.0732974
0.0725352
0.0726434
0.0736113
0.0729476
0.0729355
0.0729673
0.0729269
0.0726668
0.072923
0.0731711
0.0726557
0.0728966
0.0731648
0.0732337
0.0731327
0.0735058
0.0730178
0.0725975
0.0733165
0.0735463
0.0734214
0.0729976
0.0736936
0.0728055
0.0727243
