0.0479758
0.0760035
0.0748019
0.0753595
0.0755816
0.0754162
0.0745148
0.0756937
0.0756871
0.07529
0.074894
0.0754593
0.075614
0.0747986
0.0752452
0.0758012
0.0752923
0.0764061
0.0809175
0.0786749
0.0758726
0.0750267
0.0754367
0.0757083
0.0756479
0.0751812
0.0757906
0.0758778
0.0758078
0.0753521
0.0757964
0.0758986
0.0742532
0.0732566
0.0733787
0.0733419
0.0730445
0.0735145
0.0746736
0.074571
0.0743614
0.0738019
0.0741625
0.0748348
0.075441
0.0750103
0.0749077
0.0754763
0.0749814
0.0736758
0.0730008
0.0739286
0.0759224
0.0769001
0.0745517
0.0735024
0.0740801
0.0735749
0.073327
0.0734429
0.0741816
0.074212
0.0733385
0.0734285
0.073701
0.0727219
0.0746305
0.0740544
0.0734993
0.0727905
0.0733444
0.0735333
0.0732837
0.0738697
0.0745726
0.0738503
0.0731741
0.0737222
0.0731539
0.0738297
0.0743563
0.0731241
0.0737025
0.0735965
0.074197
0.0731567
0.0740422
0.0752458
0.0770129
0.0761814
0.0733926
0.0739469
0.0741118
0.0729507
0.0740581
0.0733003
0.0732097
0.0734385
0.074198
0.0734407
0.0733984
0.0739294
0.0738355
0.0743335
0.0735356
0.073391
0.0741866
0.0733759
0.0737016
0.0745397
0.0732746
0.074608
0.075299
0.0757803
0.0756229
0.0748681
0.0756733
0.0760181
0.075528
0.0759027
0.0750833
0.0755288
0.0776672
0.0781767
0.0768089
0.0757148
0.0748484
0.0755761
0.0755319
0.0756563
0.0748421
0.0755003
0.0751006
0.0746128
0.0751308
0.0761535
0.0746343
0.0750719
0.0756127
0.0760316
0.0755654
0.0755104
0.0759619
0.0758073
0.0752652
0.0752108
0.0756098
0.0758672
0.074261
0.0760411
0.076187
0.0755501
0.0746168
0.0750404
0.0750207
0.0753499
0.0750912
0.0776131
0.0780422
0.0764407
0.0748762
0.0741439
0.0748451
0.0748795
0.0749946
0.0749517
0.0745884
0.0755903
0.0751702
0.0748667
0.0742063
0.074407
0.0748814
0.0755052
0.0746407
0.0746139
0.0746909
0.0746441
0.0751662
0.0748055
0.0753606
0.0749354
0.075222
0.0740834
0.0744235
0.0746771
0.0743301
0.074338
0.0743282
0.0746556
0.0749795
0.0743468
0.0753689
0.0784108
0.0780189
0.0740427
0.0745615
0.0752304
0.0741975
0.0744184
0.0750419
0.0750641
0.0743921
0.0747063
0.0746541
0.0750853
0.074279
0.0742702
0.0751579
0.0746169
0.0746389
0.0745035
0.0746034
0.0753558
0.0743665
0.0743482
0.0742774
0.0752245
0.0743965
0.0749286
0.0749498
0.0751764
0.0749803
0.0740628
0.0749328
0.074721
0.0742477
0.0742667
0.0787017
0.0775094
0.0750021
0.0744976
0.0753732
0.07456
0.0752526
0.0744365
0.0747897
0.0750426
0.0753538
0.0744726
0.0746505
0.075533
0.0748532
0.0752326
0.0744411
0.0749559
0.0748201
0.0746735
0.0752584
0.0755443
0.0757501
0.0748273
0.0745236
0.0745661
0.0753509
0.0755419
0.0748279
0.0746082
0.0743651
0.0753227
0.0746814
0.0747831
0.0747219
0.0786961
0.0784771
0.0745077
0.0746337
0.0747768
0.0752692
0.074371
0.0753558
0.0748582
0.0747969
0.0742668
0.0744313
0.0744624
0.074928
0.0744283
0.0747905
0.0746449
0.0755946
0.0751413
0.0748505
0.0745207
0.0751015
0.0753565
0.0751339
0.0753491
0.0748752
0.0751676
0.0751137
0.0744357
0.0749776
0.0748164
0.0745962
0.0743642
0.074912
0.0753363
0.0785088
0.0780258
0.0743466
0.0747551
0.0745605
0.0748742
0.0747066
0.0742066
0.0745241
0.0744872
0.0750854
0.074166
0.0742131
0.0749918
0.0740386
0.074797
0.074177
0.0747252
0.0746131
0.0747084
0.0741328
0.0746344
0.0748379
0.0747952
0.0752807
0.0740516
0.0752187
0.0744592
0.0751692
0.0743831
0.0747802
0.0745449
0.0741729
0.0745007
0.0753369
0.0782508
0.0782861
0.0757713
0.0750966
0.0755468
0.0756925
0.0753684
0.0746999
0.0758465
0.0758393
0.0757832
0.0761519
0.0758304
0.0762782
0.0751723
0.0760389
0.0762284
0.0758837
0.0746083
0.0756613
0.0760699
0.0753623
0.0746068
0.0760243
0.0757798
0.0750277
0.0756448
0.0761651
0.074844
0.076677
0.0754822
0.0756716
0.0754082
0.0754088
0.0768044
0.0782196
0.0776008
0.0755046
0.0761462
0.0764325
0.07571
0.0761822
0.0756817
0.0760063
0.0754749
0.0755951
0.0759099
0.0758807
0.0753827
0.0756633
0.0764526
0.0751623
0.074736
0.0761097
0.0760223
0.0755555
0.0752569
0.0762667
0.0753622
0.0749172
0.0755642
0.0750537
0.0756002
0.0753325
0.0757051
0.0756212
0.0754316
0.0752024
0.0761623
0.0771142
0.0775354
0.0768161
0.0757738
0.0745639
0.0753566
0.0751675
0.0755309
0.0757506
0.0744952
0.0752743
0.0756861
0.0752926
0.0754545
0.0758881
0.0756908
0.0751255
0.0754308
0.0757056
0.0761766
0.0748262
0.075411
0.0761268
0.0752465
0.0744928
0.0758354
0.0753619
0.075372
0.075059
0.0754869
0.0754202
0.0758307
0.075408
0.0763383
0.0757438
0.0775677
0.0786004
0.0760735
0.0759032
0.0763188
0.0758146
0.0765732
0.0752325
0.0761068
0.0756328
0.0762338
0.0762383
0.0756747
0.0753606
0.0760774
0.0760033
0.0751328
0.0758494
0.0756415
0.0758887
0.0757565
0.0755817
0.076361
0.0756003
0.0751331
0.0751529
0.0756474
0.075303
0.0757599
0.0758731
0.0761919
0.0757946
0.0754964
0.0764397
0.0758359
0.0778858
0.0777352
0.0761814
0.0757757
0.0754708
0.0757562
0.0760036
0.0757327
0.075602
0.0754769
0.0758957
0.0749655
0.0763675
0.0756817
0.075479
0.0755207
0.0763084
0.0761403
0.0759251
0.0747865
0.07649
0.0760253
0.0761769
0.0747314
0.0752783
0.0758083
0.0747198
0.0764237
0.0757599
0.0757238
0.0763212
0.0763742
0.0764449
0.0755439
0.0790251
0.0794839
0.0783447
0.0754495
0.0753766
0.0763285
0.0760632
0.0757399
0.0746919
0.0753976
0.0757446
0.0758319
0.0757931
0.0752333
0.0763911
0.0758358
0.0752676
0.0762758
0.0759965
0.0751965
0.0759691
0.0759454
0.0761062
0.0756177
0.0757669
0.076149
0.0760491
0.0753642
0.0756895
0.0759853
0.0756291
0.0763748
0.0758577
0.0750717
0.0755292
0.0854774
0.0785025
0.0758346
0.0759305
0.0760216
0.0768257
0.0758291
0.0765483
0.0749482
0.0767111
0.0763054
0.0760655
0.0745406
0.0758636
0.0755844
0.0760022
0.0751441
0.0754118
0.0747
0.0754185
0.0752162
0.0762498
0.0766561
0.0748529
0.0756968
0.0757546
0.0753628
0.0754351
0.0753078
0.0761353
0.0748633
0.0754167
0.0751593
0.0750649
0.0765148
0.078802
0.0792021
0.0748467
0.0743239
0.0757812
0.0760962
0.0755578
0.075569
0.0756824
0.0755173
0.0750859
0.0755838
0.0755514
0.0759417
0.0755439
0.0752934
0.0757319
0.0749264
0.0746495
0.0747331
0.0757259
0.0751203
0.0760613
0.0759091
0.0748733
0.0754008
0.0752758
0.0753965
0.0753591
0.0761511
0.0749587
0.0758307
0.0757886
0.0746601
0.0784948
0.0787437
0.0773106
0.0755546
0.0756658
0.0760641
0.0744554
0.0752634
0.0758183
0.0758159
0.0743359
0.0756384
0.0764107
0.0749054
0.075952
0.0756692
0.0755342
0.07483
0.075896
0.0761158
0.0740676
0.0750499
0.0755983
0.0755337
0.0754636
0.0745121
0.0760108
0.0750404
0.0750962
0.0745271
0.0752073
0.0759165
0.0753624
0.0755683
0.075891
0.0785106
0.0779599
0.0762582
0.0739503
0.0745116
0.0750086
0.0747657
0.0751883
0.0742014
0.0748223
0.0746059
0.0744899
0.0753614
0.074747
0.0749883
0.0747371
0.0743164
0.0743514
0.0745975
0.0753541
0.0744732
0.0751573
0.0738732
0.0748089
0.0744695
0.0747905
0.0748482
0.0744607
0.0744995
0.0744995
0.0757714
0.0736596
0.0742779
0.0756302
0.0743175
0.0806436
0.0775093
0.0762217
0.0750267
0.0739711
0.0746675
0.0743977
0.0752499
0.073286
0.0748109
0.0746037
0.0745674
0.0749048
0.0744253
0.075173
0.0748723
0.0752184
0.0740634
0.0743385
0.0743871
0.0746985
0.0747067
0.0744727
0.0748735
0.0743485
0.0747156
0.0741885
0.0744633
0.0743924
0.0751106
0.0753463
0.0728474
0.0747215
0.074486
0.0746076
0.0745589
0.0768543
0.0786237
0.0749332
0.0754806
0.0744896
0.0748494
0.0752563
0.0744196
0.0748937
0.0748992
0.0750379
0.0746085
0.0747358
0.0750412
0.0746121
0.0747182
0.0740872
0.0747446
0.0748635
0.0740667
0.0737911
0.0737488
0.0734067
0.0746886
0.0739153
0.0741864
0.0749986
0.0749814
0.0748076
0.0745312
0.0741649
0.073877
0.0740625
0.0745258
0.0739424
0.0749025
0.0781045
0.0763993
0.0747078
0.0748911
0.074563
0.0746045
0.0748385
0.0751344
0.0742058
0.0753197
0.0742188
0.0744066
0.074435
0.0745485
0.0742178
0.0744565
0.0745696
0.0749141
0.0746236
0.1084638
0.0747756
0.0743081
0.0736411
0.074457
0.0745235
0.0745235
0.07477
0.0747443
0.075248
0.0741996
0.0747699
0.0744677
0.074515
0.0750861
0.0748649
0.0774057
0.0777587
0.074885
0.0747933
0.0747175
0.0745959
0.0750006
0.0752401
0.0741113
0.0745945
0.0744918
0.0750848
0.07456
0.0745587
0.0754658
0.0754964
0.0749099
0.0751081
0.0745688
0.0751971
0.0746971
0.0754202
0.0746412
0.074832
0.0752834
0.0754416
0.0748295
0.0746668
0.0752969
0.0750937
0.0753099
0.0741685
0.0745257
0.0747546
0.0743488
0.076973
0.0787218
0.0783179
0.0756202
0.0754685
0.0759185
0.0760282
0.0753441
0.0755939
0.0764193
0.0745156
0.0754799
0.0759029
0.0762757
0.07557
0.0752337
0.0761415
0.0751727
0.0749015
0.0751692
0.0760213
0.0763302
0.0756588
0.0760157
0.0757222
0.0759141
0.0761606
0.0754946
0.0760099
0.0757576
0.0749255
0.0753865
0.076121
0.0759038
0.0743942
0.079131
0.0778718
0.0770714
0.0756609
0.0756339
0.0762489
0.0758402
0.0756448
0.0753867
0.0752163
0.0751397
0.0761884
0.0763304
0.0754725
0.0758946
0.0764292
0.0763659
0.0761039
0.0754784
0.0761886
0.0763995
0.0759034
0.0754692
0.0752634
0.0748279
0.0760738
0.0759784
0.0752333
0.0756693
0.0761947
0.07661
0.0768471
0.0758258
0.0765081
0.0763738
0.0792046
0.0791731
0.0754477
0.0764466
0.0764555
0.0756181
0.075032
0.0763509
0.0769946
