0.0499694
0.0768304
0.0768513
0.0778241
0.0765495
0.0759945
0.0774068
0.0770181
0.0762218
0.0761503
0.0770759
0.0769025
0.0764898
0.0772099
0.0768653
0.0766664
0.0757195
0.0766533
0.0768934
0.0767476
0.0764913
0.0767357
0.0765412
0.0764587
0.0756521
0.0788523
0.0790481
0.0789255
0.0771837
0.0764151
0.0769475
0.0763214
0.0767539
0.075361
0.0771031
0.0762808
0.0763535
0.076491
0.0762176
0.076555
0.0759049
0.0763149
0.0768281
0.0766534
0.0768801
0.0757017
0.076208
0.0764321
0.0768076
0.0769479
0.0766948
0.077409
0.0763127
0.0765578
0.0766792
0.0765185
0.0768782
0.0767851
0.0766397
0.0763603
0.0788165
0.0800754
0.0767235
0.0770721
0.0769406
0.0769072
0.0776067
0.0770641
0.0766786
0.0755756
0.0756212
0.0760357
0.0768761
0.0765083
0.076297
0.0769519
0.076807
0.0758019
0.0764751
0.0761444
0.0769034
0.0758532
0.0766283
0.0763246
0.0765215
0.0770308
0.076735
0.0770784
0.0758511
0.0756
0.0765659
0.075574
0.0766243
0.0754518
0.0786883
0.078596
0.0766928
0.076413
0.0764397
0.0765907
0.0770329
0.0754697
0.0759649
0.0764962
0.0765932
0.0765372
0.0763281
0.0759446
0.0762955
0.0757992
0.0765924
0.0768055
0.0759637
0.0751412
0.0754784
0.0758821
0.0757624
0.0757354
0.0760068
0.0762512
0.0754071
0.0745234
0.0755642
0.0760018
0.0756071
0.0758526
0.0762657
0.0756757
0.0757944
0.0784562
0.0791781
0.0758305
0.0751337
0.0755493
0.0759522
0.0747525
0.0755049
0.0761924
0.0758486
0.0747729
0.0755976
0.0759526
0.0755297
0.0761674
0.0754026
0.075809
0.0755652
0.0757056
0.0757125
0.0754249
0.0760319
0.0761303
0.0755409
0.0757243
0.0755569
0.0740516
0.0763828
0.0753175
0.0758807
0.0757366
0.0751716
0.0753573
0.0749302
0.0832796
0.0783295
0.0752045
0.0761739
0.075392
0.0734593
0.0740554
0.0736828
0.0753908
0.0748029
0.0749377
0.0750252
0.0754415
0.0747702
0.0761151
0.0758123
0.0745063
0.0760694
0.0755826
0.0752279
0.0750435
0.0740719
0.0745375
0.0742221
0.0739689
0.0738797
0.074064
0.0730655
0.0745625
0.0753129
0.0746206
0.0731666
0.073659
0.0743401
0.0739542
0.0764077
0.0767636
0.0735056
0.0738852
0.0753521
0.0749626
0.0747357
0.074121
0.0735649
0.0741088
0.073371
0.0732759
0.0731832
0.0738846
0.0736356
0.0741659
0.0736998
0.0739623
0.0731836
0.0736409
0.0739307
0.0737554
0.0744212
0.0738078
0.0737688
0.0735845
0.0742114
0.0742256
0.0743099
0.0738929
0.0754947
0.0752336
0.0744067
0.075289
0.0759293
0.0782012
0.077988
0.0748235
0.0741295
0.0742135
0.0746582
0.0743284
0.0744362
0.0752582
0.0745682
0.074305
0.073983
0.074247
0.0752924
0.0748496
0.0747316
0.075004
0.0748377
0.0744639
0.0747771
0.0746341
0.0743877
0.0746541
0.0755327
0.0749318
0.0743967
0.0747428
0.0748377
0.0743055
0.0747846
0.0749579
0.0752009
0.0744264
0.0752263
0.0756579
0.078182
0.078456
0.0751813
0.0747031
0.0751434
0.0748423
0.0748106
0.0745231
0.0756788
0.0743599
0.074688
0.0755605
0.0754516
0.0755572
0.0756066
0.0752424
0.0753236
0.0754077
0.07541
0.0749303
0.0760037
0.0757425
0.0750359
0.0757461
0.0757321
0.0752699
0.0755929
0.0757203
0.0755378
0.075352
0.0752283
0.07558
0.0755675
0.0748211
0.0800339
0.0790893
0.076107
0.0753872
0.0757576
0.0764009
0.0756294
0.0756213
0.0755763
0.0753407
0.0753806
0.075681
0.0753174
0.0753244
0.0761288
0.0762111
0.0759046
0.0754602
0.0752356
0.0754321
0.0755013
0.0761311
0.0762594
0.0752986
0.0763752
0.0756356
0.0761285
0.0756807
0.0756587
0.0761355
0.0760313
0.0753207
0.0760504
0.0762556
0.0752557
0.0789026
0.0794678
0.0756231
0.0758165
0.0759671
0.0757311
0.0751905
0.0752152
0.0757005
0.0755374
0.0761065
0.0751934
0.0757848
0.0759436
0.0759955
0.076095
0.0760157
0.075452
0.0753325
0.0757585
0.0750783
0.0759413
0.0751825
0.0753197
0.0755253
0.0752621
0.0758202
0.0761033
0.0755061
0.0761945
0.0751894
0.0756914
0.0755561
0.0750064
0.0771029
0.0794951
0.0782778
0.0748683
0.075945
0.0756475
0.0754084
0.0761084
0.0751677
0.075598
0.0751572
0.074985
0.0754432
0.0752137
0.0754522
0.075394
0.0753183
0.0752988
0.0750421
0.0752748
0.0750992
0.0760028
0.0757292
0.0758883
0.0751297
0.0761006
0.0761283
0.0759872
0.0754853
0.0757308
0.0753245
0.0755827
0.0757452
0.0750694
0.0751589
0.0798095
0.0788179
0.0773153
0.076261
0.0763887
0.0754134
0.0755416
0.0757035
0.0764845
0.0761398
0.0759147
0.0766439
0.0763456
0.0769936
0.0756502
0.0759331
0.0767791
0.076972
0.0756025
0.076394
0.0769009
0.0763005
0.0755421
0.0758777
0.0771613
0.0761529
0.0764854
0.0760575
0.0764117
0.0764347
0.075952
0.0762595
0.0761301
0.0763332
0.0765741
0.0777624
0.0784754
0.0760165
0.0754219
0.0752944
0.0759
0.0759905
0.0749001
0.0757348
0.0758593
0.0758339
0.0747391
0.0750654
0.0757739
0.0751628
0.0758413
0.0759161
0.0766117
0.075522
0.074703
0.0756606
0.0759445
0.0744305
0.0745566
0.0755458
0.0751131
0.0746189
0.0752797
0.0748645
0.0758512
0.0749349
0.0754678
0.0758697
0.074921
0.0781149
0.0787695
0.0777731
0.0744547
0.0753278
0.0754291
0.0753823
0.0747273
0.0758497
0.0756641
0.0755812
0.0751684
0.0756491
0.0746854
0.0760637
0.0745703
0.074692
0.0763044
0.0756849
0.0756529
0.0752082
0.0758913
0.0761116
0.0748048
0.0764838
0.0763474
0.0766736
0.0761713
0.0757653
0.0765942
0.0767272
0.0761685
0.0759414
0.0766815
0.077163
0.0787682
0.0793447
0.0758219
0.0765213
0.07619
0.0754184
0.0759801
0.0759687
0.0765035
0.0759946
0.0760729
0.0762872
0.0760149
0.0766385
0.0770943
0.0764601
0.0767924
0.0754117
0.0759422
0.0764165
0.0764807
0.0757172
0.0760926
0.0769604
0.0757362
0.0762296
0.0766109
0.0760939
0.075464
0.0752208
0.076064
0.0765834
0.0765545
0.0763383
0.0786907
0.0784436
0.0753633
0.0759192
0.0750133
0.0762814
0.0761227
0.0756347
0.0755364
0.0765298
0.0759528
0.0755153
0.0762727
0.0758035
0.0756838
0.0754748
0.0764507
0.0761972
0.0753886
0.0760061
0.0762164
0.0759975
0.0753895
0.0757143
0.0758307
0.0755129
0.0749881
0.0754075
0.0761676
0.0758075
0.0754974
0.0754087
0.0758124
0.0758033
0.0750225
0.0783156
0.0784069
0.0756579
0.0751669
0.0757367
0.0761871
0.075139
0.0756551
0.0753175
0.0759761
0.0747133
0.0759427
0.0759763
0.0759276
0.0748045
0.0759651
0.0757386
0.0746968
0.0747894
0.0760686
0.0760272
0.0745082
0.0751802
0.0757103
0.0757957
0.0759057
0.0751496
0.0755795
0.0755151
0.0749145
0.0752329
0.0761605
0.0766379
0.0753277
0.0780765
0.0795671
0.0780314
0.0754377
0.0765422
0.0766746
0.0762885
0.0756951
0.075509
0.0761722
0.0755344
0.0762356
0.0757873
0.075805
0.0755076
0.0745869
0.0760222
0.0764889
0.0764317
0.0760666
0.0756398
0.0756858
0.0761464
0.0762938
0.076704
0.0758368
0.0766275
0.0755172
0.0756391
0.0754799
0.0759385
0.0756079
0.0759763
0.0764733
0.0762509
0.0782397
0.078156
0.0761581
0.0766356
0.0750478
0.0762427
0.0759008
0.0763428
0.0760197
0.0760302
0.076508
0.0759433
0.076041
0.0764186
0.0765766
0.0762154
0.0757265
0.0762526
0.0755872
0.07584
0.0757674
0.076311
0.0764139
0.0760787
0.0763872
0.0762838
0.0764358
0.0761504
0.0751988
0.0766238
0.0766964
0.0756356
0.075749
0.076296
0.079473
0.0784505
0.0764056
0.0756901
0.0759856
0.07548
0.07625
0.0763582
0.0755907
0.0758952
0.0757404
0.0750701
0.0759878
0.0748859
0.0761947
0.0758745
0.0755799
0.0751925
0.0754624
0.0757795
0.0749752
0.0754716
0.0756128
0.075729
0.0752829
0.0739474
0.0755512
0.0744503
0.0755675
0.0749674
0.075649
0.0760606
0.0749336
0.0759078
0.0756782
0.0777595
0.0771695
0.074728
0.0748847
0.0746141
0.0740167
0.0746857
0.0739707
0.0745671
0.0740278
0.074832
0.0746419
0.0750094
0.073756
0.0738641
0.0743043
0.0743361
0.0747153
0.0723572
0.0731189
0.0729618
0.072165
0.0727961
0.0732028
0.0749256
0.0742151
0.0746979
0.0743498
0.0745899
0.0730444
0.0727018
0.072536
0.0738813
0.0741241
0.0748749
0.0779332
0.0771982
0.0732471
0.0724207
0.0723099
0.0731072
0.0729801
0.0732846
0.0730159
0.0721448
0.0728426
0.0723106
0.0726929
0.0723831
0.0730883
0.0729865
0.0732315
0.0727666
0.0722319
0.0725578
0.1052561
0.0735193
0.0729674
0.0728165
0.0724178
0.0729316
0.0728768
0.072903
0.0721698
0.0728705
0.0729255
0.0723458
0.073241
0.0724885
0.0724253
0.0763725
0.0762205
0.0747165
0.0728177
0.0729476
0.0733643
0.073418
0.0729414
0.0735022
0.0729227
0.0730024
0.0745068
0.0740978
