0.0482432
0.0754865
0.0730368
0.073366
0.0727343
0.0735027
0.0730425
0.072708
0.0726441
0.0728623
0.0736268
0.0717488
0.0733194
0.0731656
0.0728659
0.0729016
0.0732507
0.0727131
0.0728878
0.0730816
0.0732825
0.0730854
0.0725156
0.0726086
0.0731503
0.0721966
0.0720436
0.0723178
0.0726703
0.0723009
0.073011
0.0730422
0.0720258
0.0730716
0.072561
0.0767472
0.075023
0.073051
0.0739153
0.0727967
0.0727936
0.0729256
0.0731781
0.0729165
0.0721389
0.0728532
0.0733465
0.0724663
0.0724045
0.0731936
0.0730041
0.0726041
0.0728615
0.0736886
0.0729492
0.0721665
0.0731768
0.0728703
0.0724646
0.0734586
0.0728375
0.0730528
0.0722693
0.0724631
0.0728574
0.0720886
0.0733541
0.0730602
0.0724686
0.0730877
0.0750546
0.0756213
0.0718206
0.0725226
0.0718081
0.0715884
0.072028
0.0719546
0.0714534
0.0717781
0.0724434
0.0720679
0.0715139
0.0721061
0.0721827
0.0718391
0.07134
0.0718409
0.07192
0.0713525
0.0713148
0.0717407
0.0719977
0.0719172
0.0720597
0.0716085
0.0713392
0.0721808
0.0721377
0.0716616
0.0722312
0.0722279
0.0718913
0.0718524
0.0717761
0.0758402
0.0759361
0.0722243
0.0718721
0.0716368
0.0715599
0.0722751
0.0721314
0.0722541
0.0716757
0.0723304
0.0721566
0.0724475
0.0722569
0.071471
0.0722498
0.0718229
0.0725184
0.071812
0.0726147
0.0723456
0.0723236
0.0717053
0.0723369
0.0721609
0.0721194
0.0720825
0.0720333
0.0717264
0.0726526
0.0719785
0.0721929
0.0722726
0.0725074
0.0724499
0.0756369
0.0750831
0.0720096
0.0724477
0.0715686
0.0722702
0.0716086
0.0715057
0.0718686
0.0722382
0.0718492
0.0723022
0.0727176
0.0726155
0.0715678
0.0725258
0.072197
0.0721082
0.0716472
0.0723615
0.07254
0.0723896
0.0714449
0.0724135
0.0722317
0.0723489
0.0726157
0.0717654
0.0721884
0.07206
0.0715036
0.0720374
0.0720991
0.0723613
0.0714587
0.0763276
0.0750232
0.0723975
0.071427
0.0719684
0.0719235
0.0717554
0.0720289
0.0722117
0.0725273
0.0723521
0.072139
0.0721102
0.0720301
0.0721667
0.0722674
0.0720956
0.0722001
0.071632
0.072172
0.0722074
0.0717515
0.0715433
0.0719807
0.0723526
0.0726545
0.0728567
0.0719547
0.0727321
0.0718704
0.0720749
0.0718116
0.0720965
0.0722029
0.0721569
