0.0504049
0.0781338
0.0770225
0.0769744
0.0762877
0.0770947
0.076441
0.0767149
0.0771365
0.0766716
0.0769599
0.0768038
0.0762389
0.0771067
0.0769553
0.0764402
0.0765472
0.0769778
0.0767752
0.0763323
0.0768841
0.0764047
0.0800581
0.0787338
0.0766778
0.0762259
0.0767399
0.0767454
0.076558
0.0766028
0.07656
0.0766624
0.0763962
0.0763824
0.0763168
0.0759047
0.0757243
0.0763403
0.0759388
0.0760163
0.0762066
0.0766638
0.0761165
0.0757915
0.07647
0.0764872
0.0760478
0.0758588
0.0763818
0.0758167
0.075447
0.0762211
0.0762068
0.0755681
0.0755913
0.0755105
0.0790685
0.0788764
0.0753619
0.0761865
0.0754637
0.0753416
0.0759337
0.075654
0.0749857
0.0751765
0.0760706
0.075321
0.0756579
0.0753126
0.0756641
0.0749224
0.0754223
0.0757136
0.0755688
0.0747675
0.0751168
0.0755023
0.075375
0.0751909
0.0757583
0.0750791
0.0749949
0.0754702
0.0752696
0.0748221
0.0751843
0.0754341
0.0748657
0.0759716
0.0780564
0.0795739
0.0776937
0.0748577
0.0755857
0.0734266
0.0731689
0.0733545
0.0739454
0.0734317
0.0729149
0.0731401
0.0733617
0.0731771
0.0737137
0.0735647
0.0736654
0.0729958
0.073538
0.0729381
0.0728447
0.0737029
0.0731176
0.0725662
0.0735765
0.0743773
0.0737588
0.0732939
0.073195
0.0730149
0.0735689
0.0730023
0.0727856
0.0731138
0.0734581
0.0752439
0.0753909
0.0757488
0.0731165
0.0727059
0.0732666
0.0730432
0.0730688
0.0725919
0.073414
0.0734592
0.0732404
0.0731872
0.0737186
0.0733949
0.0733398
0.0733569
0.0729855
0.0726161
0.0735089
0.0739469
0.0732059
0.0726284
0.0729552
0.072873
0.073486
0.0732607
0.0723415
0.0732751
0.0734435
0.0731815
0.0733759
0.0735018
0.0730592
0.0729569
0.0769865
0.075691
0.0738903
0.072679
0.0731485
0.0728658
0.072649
0.0728662
0.0736122
0.0730221
0.0730234
0.0729154
0.0724275
0.072779
0.073317
0.0733647
0.0733562
0.0732052
0.0731236
0.0729281
0.0731753
0.0736207
0.0723277
0.0726286
0.0728359
0.0729041
0.0733336
0.0724688
0.0735052
0.0735759
0.0727037
0.0723978
0.0731209
0.0735763
0.0720936
0.0773355
0.0759123
0.0730861
0.0719175
0.0729455
0.0724473
0.0724882
0.0733534
0.0730131
0.0721845
0.07337
0.0728281
0.072529
0.072585
0.0735601
0.0737213
0.0731941
0.0728997
0.0733299
0.0733853
0.0725822
0.0727163
0.0734499
0.0723379
0.0735411
0.0731478
0.0732023
0.0724127
0.0725926
0.0730619
0.0727893
0.0726685
0.0731541
0.0732534
0.0720571
0.0759398
0.075948
0.0757827
0.0721649
0.0731962
0.0733613
0.0726699
0.0720661
0.0729189
0.0727974
0.0722105
0.0719484
0.0731384
0.0730099
0.0727071
0.0727136
0.073515
0.0726849
0.0731869
0.073127
0.0725602
0.0719748
0.073189
0.0728528
0.0719564
0.072737
0.0731414
0.0728984
0.0728167
0.0734835
0.073329
0.0725871
0.0726483
0.0731852
0.0724456
0.0749861
0.0756543
0.0750479
0.0727112
0.0719646
0.0723381
0.0731601
0.0732216
0.0731595
0.0732095
0.0722572
0.0724334
0.0726045
0.0732934
0.0722517
0.0731864
0.0730686
0.0726034
0.0733636
0.0734443
0.0728134
0.072791
0.0728498
0.0730967
0.0718414
0.0728642
0.0733093
0.0730018
0.0726215
0.0731067
0.0725625
0.0729035
0.0728418
0.0728928
0.072763
0.0740967
0.0760145
0.0752054
0.0716375
0.0728676
0.0728773
0.0728514
0.0731429
0.0730188
0.0732443
0.0738279
0.0732633
0.0728668
0.0723686
0.0729937
0.0735177
0.0725452
0.0730359
0.0734547
0.0722366
0.0736271
0.0732956
0.0728701
0.0729599
0.0735092
0.0736564
0.0733331
0.0732503
0.0725185
0.0726373
0.0726267
0.0725646
0.0729089
0.0728028
0.0725383
0.073274
