0.0473106
0.0762018
0.075437
0.0727952
0.0721771
0.0721277
0.0729045
0.0719638
0.0726863
0.0726984
0.0724482
0.0724503
0.0718022
0.0722116
0.0725064
0.0731213
0.0727001
0.0728492
0.0725449
0.0725935
0.0728476
0.0728781
0.0719746
0.0722788
0.0721257
0.0725553
0.0724818
0.0721805
0.0723761
0.0726449
0.0721108
0.0725461
0.0721499
0.0721199
0.0726498
0.07273
0.0728751
0.0721605
0.0774272
0.07628
0.0734748
0.0735986
0.073299
0.0740231
0.0736755
0.0733314
0.0734678
0.0739575
0.0735286
0.0739888
0.0727495
0.0740964
0.0736737
0.0733601
0.0738436
0.0739198
0.0728424
0.0738603
0.0727441
0.073616
0.0738756
0.0733377
0.073988
0.0725989
0.072977
0.0740119
0.0730911
0.0737744
0.0734266
0.073683
0.072793
0.0732762
0.0737083
0.0734746
0.0729885
0.0774711
0.0755792
0.0749457
0.0737317
0.0729995
0.0737173
0.0738731
0.0725712
0.0742537
0.0729317
0.0731849
0.0740606
0.0730787
0.073352
0.0734095
0.0733201
0.0741445
0.0729825
0.0735517
0.0736497
0.073555
0.073272
0.0730623
0.073579
0.0737618
0.073017
0.0737024
0.072789
0.0737869
0.0732683
0.0727248
0.0734195
0.0734511
0.0729483
0.0731066
0.0735062
0.0723382
0.0745323
0.0770099
0.0770278
0.0734829
0.0728382
0.0733113
0.073117
0.0730838
0.0733066
0.0729453
0.0733877
0.0725751
0.0729239
0.0735366
0.0729058
0.0735355
0.0734724
0.0737308
0.0732336
0.0728906
0.0731816
0.0732744
0.0730095
0.0734074
0.0727967
0.0727817
0.0732228
0.0730709
0.0735261
0.0727525
0.0726681
0.0730245
0.0734942
0.0727348
0.073351
0.0733879
0.0731918
0.0731418
0.0759555
0.0759157
0.0733304
0.0733364
0.0736063
0.0736056
0.0730339
0.0734129
0.0736232
0.073241
0.0731456
0.0737764
0.0736326
0.0728421
0.0737115
0.0738032
0.0740273
0.0734079
0.0736686
0.0732655
0.0732294
0.0732321
0.0732091
0.0727976
0.0735693
0.0737227
0.0739982
0.0737299
0.0729836
0.0737937
0.0737847
0.0731213
0.0738607
0.073997
0.072691
0.0741358
0.0726827
0.0758251
0.0750972
0.0743989
0.0729847
0.0725924
0.0729148
0.072978
0.07342
0.0736725
0.0730013
0.0740796
0.073756
0.0727623
0.0738374
0.0728312
0.0735311
0.0729683
0.072377
0.0732808
0.0728863
0.0732146
0.0734096
0.0733114
0.0732778
0.0729181
0.0731243
0.0727336
0.0721666
0.0741634
0.0724707
0.0731656
0.0737167
0.0727741
0.0737606
0.0727982
0.0731664
0.0732996
0.0734321
0.0762264
0.0751314
0.0725009
0.0733435
0.0728225
0.0740892
0.0727744
0.0739878
0.0735682
0.0729219
0.0735269
0.0731919
0.0730802
0.0734347
0.0730513
0.0734076
0.074348
0.0732129
0.0736238
0.072395
0.0739761
0.0736228
0.0731559
0.0731933
0.0732352
0.0733653
0.0735734
0.0729431
0.0729869
0.073636
0.0727523
0.0736578
0.0739003
0.0730187
0.0737505
0.072699
0.0734318
0.0759508
0.0764173
0.073805
0.0737868
0.0727848
0.0736899
0.0727289
0.0734842
0.0722581
0.0738916
0.0739071
0.0735529
0.0731387
0.0726508
0.0734509
0.0731835
0.0727715
0.0735332
0.0723764
0.0725495
0.0729567
0.0729387
0.0739747
0.0726014
0.0729008
0.0734858
0.073275
0.0737564
0.073488
0.0734972
0.073591
0.0728427
0.0737269
0.0728908
0.0735678
0.0735864
0.0722059
0.0751023
0.0754094
0.0753003
0.0733939
0.0729487
0.0733691
0.0738552
0.0729756
0.073297
0.072346
0.073311
0.0731541
0.0726063
0.0734513
0.0727836
0.0732136
0.073416
0.0732178
0.0735093
0.1071257
0.0724937
0.073876
0.0732711
0.072764
0.0731755
0.0727449
0.0740041
0.073123
0.0734552
0.0734583
0.0733534
0.0736558
0.0743392
0.072719
0.0735878
0.0733094
0.0737461
0.0737624
0.0751986
0.0765293
0.0733806
0.0739925
0.0734802
0.0732111
0.0738751
0.0736626
0.0732786
0.0735027
0.0727525
0.0734764
0.0724603
0.0731208
0.0735654
0.0729322
0.0730572
0.0721456
0.0733496
0.0734225
0.072822
0.0734294
0.073791
0.0728344
0.0736298
0.0729919
0.0734071
0.0736089
0.0733073
0.0734055
0.0735357
0.0738295
0.0731455
0.0730317
0.0737373
0.0732351
0.0735209
0.0753251
0.0746611
0.0758721
0.072075
0.0724044
0.0723411
0.0725185
0.0726192
0.0725067
0.0722237
0.0724529
0.0729892
0.0728505
0.0726441
0.0726907
0.0729329
0.0727438
0.0749298
0.0727245
0.0729961
0.0726648
0.0726826
0.0725975
0.072242
0.0726239
0.0729439
0.072563
0.0728762
0.0728082
0.0729292
0.0732338
0.0728734
0.0730432
0.072383
0.0728993
0.0725865
0.0726462
0.0729977
0.0755362
0.0756952
0.0717973
0.073271
0.0723798
0.0721281
0.0729094
0.072358
0.072376
0.0722806
0.0724129
0.072021
0.0722306
0.0725401
0.0724578
0.0728608
0.0723617
0.0724481
0.072831
0.072745
0.0729494
0.0724335
0.0723986
0.0722563
0.0727237
0.072644
0.0725901
0.0720757
0.0727491
0.0722037
0.0725294
0.0718935
0.0724581
0.0727345
0.0725034
0.0724028
0.0726661
0.0758029
0.0763722
0.0753567
0.0724481
0.0723874
0.0726743
0.072009
0.0729108
0.072802
0.0723185
0.0720371
0.0721982
0.0721189
0.0728102
0.0725815
0.0729086
0.0726059
0.0729114
0.0721794
0.0723772
0.0717897
0.0723625
0.0721371
0.0728536
0.072515
0.0727914
0.0722056
0.0725465
0.0721575
0.0729495
0.072594
0.0722458
0.0729509
0.0722146
0.0726395
0.0725824
0.0729179
0.072466
0.0752382
0.0763442
0.0725239
0.0730982
0.0727562
0.0723989
0.0727303
0.0721816
0.0726126
0.072212
0.0724081
0.0723975
0.0727412
0.0722726
0.0721732
0.0727882
0.0726201
0.0726554
0.0722105
0.0727173
0.0723978
0.0723805
0.0728888
0.0730004
0.0724464
0.0726138
0.0724647
0.0721011
0.0727871
0.0726825
0.0721583
0.0727813
0.0722522
0.0728244
0.0724826
0.0727304
0.0725885
0.0754477
0.0759773
