0.0479725
0.0752332
0.0761588
0.0762349
0.0765345
0.0754773
0.0758061
0.0756958
0.0759221
0.0751891
0.0756957
0.0754006
0.0762734
0.075462
0.0763559
0.0759916
0.0760365
0.0754516
0.075474
0.0760909
0.075658
0.0759862
0.0753574
0.0753962
0.0760875
0.0756667
0.0758234
0.0755729
0.0763817
0.0768542
0.0751954
0.0754143
0.0762822
0.0755756
0.0784584
0.0799675
0.0778653
0.0766319
0.0761019
0.0764284
0.0760181
0.0770028
0.076856
0.075898
0.0759809
0.0760787
0.0767845
0.0769607
0.0764777
0.0767121
0.0766348
0.0764862
0.0759283
0.076753
0.0761073
0.0761177
0.0770812
0.0763194
0.0755591
0.0763094
0.0766135
0.0758898
0.0760374
0.0774635
0.0767191
0.0765241
0.0760397
0.0766701
0.0753532
0.0793629
0.0791553
0.0764361
0.0750978
0.0763556
0.0765538
0.0752648
0.0761001
0.0756795
0.0765424
0.076432
0.0760325
0.0767957
0.0754711
0.0760739
0.0757914
0.0756603
0.0765212
0.0757287
0.0760877
0.0763345
0.0760587
0.0747776
0.0758133
0.0756524
0.074856
0.0762945
0.0762898
0.0755069
0.0755541
0.0755833
0.0755204
0.0765161
0.0754871
0.0756713
0.0767061
0.0783123
0.0782685
0.0762798
0.0767983
0.075172
0.0763024
0.0759273
0.0752784
0.0750503
0.0762283
0.0766155
0.0760248
0.0749193
0.0756893
0.0760856
0.0761336
0.0753411
0.0757113
0.0761041
0.0759135
0.0762982
0.0762728
0.075302
0.0756906
0.0760364
0.0755464
0.0758188
0.076028
0.0757354
0.0760387
0.0756298
0.0755292
0.0761894
0.0760436
0.076413
0.0766185
0.0785856
0.0789128
0.0755341
0.0765737
0.0763285
0.0754588
0.0759563
0.0760103
0.0750404
0.0756682
0.0750751
0.0761107
0.0758774
0.075535
0.0743832
0.0755734
0.0764327
0.0754851
0.0755239
0.075746
0.0760183
0.0758288
0.0752829
0.0757853
0.0752664
0.075933
0.0755941
0.0756699
0.075546
0.0758529
0.0751205
0.0750823
0.0751708
0.074756
0.0750758
0.0786833
0.0783248
0.0765737
0.0758436
0.0761004
0.0758889
0.0752095
0.0756073
0.0754776
0.0751663
0.074939
0.0758799
0.0751421
0.0755921
0.075939
0.0754441
0.0756858
0.0756371
0.0756569
0.0745432
0.0751811
0.0758036
0.0754526
0.075981
0.0754785
0.0757535
0.0751447
0.0753013
0.0763295
0.0756134
0.075503
0.0748276
0.0754507
0.0753266
0.0750068
0.0775927
0.0779895
0.0783401
0.0755239
0.0757317
0.0753635
0.0743242
0.0758915
0.0751126
0.0751123
0.0752967
0.0754147
0.0751442
0.0737118
0.0741152
0.073396
0.0737485
0.0741366
0.0735037
0.0738449
0.0757262
0.0730161
0.0736858
0.0741302
0.0731517
0.0731224
0.0737198
0.0742558
0.0735947
0.0742079
0.073366
0.0732857
0.0744232
0.0740085
0.0737971
0.0739329
0.0763095
0.0763997
0.073837
0.0746167
0.0731275
0.074161
0.0734053
0.0731493
0.0731778
0.0737369
0.072912
0.0735022
0.0736145
0.0732385
0.0734594
0.0732387
0.0734822
0.07371
0.0737132
0.0733758
0.0738341
0.0742357
0.073041
0.0738378
0.0741224
0.073292
0.0739551
0.0737704
0.0730773
0.0737439
0.0730355
0.0730835
0.0739594
0.073692
0.0739435
0.0738784
0.0775491
0.0755632
0.0746852
0.0741255
0.0742756
0.074429
0.0732397
0.0738149
0.0740077
0.0742409
0.0735674
0.0736999
0.0734604
0.0733484
0.0739031
0.0733721
0.0744109
0.0738489
0.0731519
0.073737
0.0738689
0.0735485
0.0733172
0.0741813
0.0728233
0.0739085
0.0739696
0.0740198
0.0733931
0.0739002
0.0740209
0.073799
0.0739338
0.0741176
0.073403
0.0732343
0.076363
0.0754968
0.073763
0.0733217
0.0729055
0.073443
0.0733109
0.0733059
0.0737301
0.0743538
0.0739322
0.0730298
0.0739158
0.0738949
0.0732923
0.0734755
0.074218
0.0730083
0.0737733
0.0744302
0.0729819
0.0739509
0.0735936
0.0739086
0.0736537
0.0731889
0.0727441
0.0737846
0.0736485
0.0740793
0.0737823
0.0734702
0.0731126
0.0738531
0.0738031
0.0730638
0.0765408
0.0763522
0.0727013
0.0730697
0.0726703
0.0722764
0.0723578
0.0729064
0.0726897
0.0723445
0.0725094
0.0726477
0.0725802
0.0725369
0.0732526
0.0731132
0.0728958
0.0728351
0.0726035
0.0729601
0.0725905
0.0731619
0.0721208
0.072844
0.0725897
0.0730969
0.0725849
0.0730043
0.0723665
0.0731176
0.0720878
0.0728647
0.0727206
0.07266
0.0730446
0.07287
0.0893171
0.0754523
0.0749605
0.074653
0.0738634
