0.0453087
0.0732424
0.0725568
0.0734063
0.0725348
0.0730494
0.07278
0.0734504
0.0729829
0.0736582
0.0731676
0.0735709
0.0733562
0.0730479
0.0734729
0.0730002
0.0726378
0.0732316
0.0735647
0.0733018
0.0729001
0.0734833
0.0732591
0.0732192
0.0735626
0.0731393
0.0727535
0.0732605
0.0722679
0.0731075
0.0732656
0.0733319
0.0732684
0.0730159
0.0734188
0.0737641
0.073258
0.0731892
0.0732328
0.0726136
0.0736255
0.0728042
0.0729897
0.0730656
0.0733921
0.0734887
0.0769251
0.0767384
0.0770422
0.073591
0.0727745
0.0734368
0.0730683
0.0731912
0.0731847
0.0731513
0.0735895
0.073215
0.0729367
0.0734287
0.0731615
0.0739228
0.073491
0.0734001
0.0729224
0.0728051
0.0736677
0.0730485
0.0726556
0.0725499
0.0726224
0.0732053
0.0727147
0.0735913
0.0737372
0.0735157
0.0732549
0.0735041
0.0728253
0.0733143
0.0731924
0.0728432
0.0731273
0.0729085
0.0729161
0.0731618
0.0734958
0.0735093
0.0735741
0.0733525
0.0740472
0.0739785
0.0741949
0.0730664
0.0732544
0.0726006
0.0732332
0.0727924
0.0771355
0.0770487
0.0759617
0.0733295
0.0725552
0.0737032
0.0731142
0.0732135
0.0730441
0.0729634
0.0728265
0.0727219
0.0729367
0.0732293
0.0733571
0.0733674
0.0733497
0.0727014
0.0728373
0.0729558
0.0730997
0.0724826
0.0724904
0.0732073
0.0729608
0.073252
0.0731081
0.0722772
0.0728814
0.072862
0.072887
0.0740063
0.0732588
0.0734488
0.0735015
0.0728195
0.0736126
0.0729813
0.0728016
0.0733484
0.0731557
0.0730504
0.0732327
0.0730364
0.0733553
0.0723678
0.0726031
0.072915
0.0725892
0.0725766
0.0729622
0.0729491
0.0767137
0.0767569
0.0765371
0.0741466
0.0722557
0.0727388
0.0728959
0.0726694
0.0730087
0.0730122
0.0731844
0.0731157
0.0733742
0.0732499
0.0730036
0.0722716
0.0724927
0.0729243
0.0728843
0.0727246
0.072828
0.0738839
0.0730445
0.0732001
0.0728244
0.0732085
0.0734854
0.0731125
0.0731491
0.0732849
0.0730162
0.0733672
0.0725331
0.0731175
0.0729088
0.072984
0.0730236
0.0726995
0.072706
0.0737759
0.0733908
0.0728368
0.0731575
0.0724081
0.0726711
0.0726824
0.0731351
0.0730021
0.0729171
0.0733896
0.0729322
0.072765
0.075221
0.0762165
0.0753019
0.0767121
0.0742825
0.0742503
0.0739394
0.0729856
0.0743996
0.0737261
0.0740188
0.0738012
0.0737038
0.0737164
0.0733903
0.0731422
0.074032
0.073591
0.0737933
0.0732716
0.0738367
0.073831
0.073963
0.0743828
0.0736173
0.0741882
0.0740788
0.0740772
0.0737042
0.0742436
0.0742233
0.0741553
0.0732779
0.0734832
0.0741443
0.0735423
0.0732307
0.0729666
0.0730501
0.0743152
0.0743182
0.0734175
0.0743868
0.0741001
0.072962
0.074073
0.0737229
0.073737
0.0738043
0.0741258
0.0739501
0.0730183
0.07542
0.0764801
0.0769062
0.0763422
0.0737209
0.073024
0.0735831
0.0736088
0.0744419
0.073886
0.0739123
0.0737239
0.0733816
0.0734739
0.0741274
0.0737254
0.073552
0.0735774
0.0741035
0.073835
0.0743773
0.0739109
0.0736796
0.0743128
0.0739254
0.0739832
0.0739953
0.0737917
0.073626
0.0735577
0.073376
0.0738841
0.0741483
0.1053875
0.0731021
0.0735451
0.0744212
0.0737967
0.0734975
0.0733903
0.0730866
0.0735452
0.0738327
0.0738124
0.0742477
0.0734382
0.0737136
0.0733662
0.0742576
0.0743177
0.0735542
0.0739157
0.0762574
0.0767575
0.0762102
0.0736862
0.073194
0.0741771
0.0730658
0.0729919
0.0731444
0.0741017
0.0738493
0.0739799
0.0739713
0.0737942
0.0739399
0.0735231
0.074156
0.0730354
0.0738934
0.0726215
0.0727275
0.0736576
0.0736672
0.0735246
0.0737557
0.0734969
0.0732301
0.0728148
0.0744011
0.073627
0.0737057
0.073718
0.0735223
0.0734127
0.073597
0.0739501
0.0736932
0.0729876
0.0732941
0.0728142
0.0727507
0.0724529
0.0736062
0.0733322
0.0733988
0.0731378
0.0732552
0.0727189
0.0725658
0.0742384
0.073466
0.0731762
0.076453
0.0756893
0.0761225
0.0745149
0.0727134
0.0734368
0.0732315
0.0727453
0.073106
0.0736385
0.0735215
0.0732186
0.0736174
0.0734531
0.0727388
0.0731907
0.0732681
0.0736647
