0.047199
0.0755645
0.0732899
0.0751567
0.0754141
0.0749622
0.0755133
0.0761201
0.0750907
0.0759649
0.0760506
0.075324
0.0755875
0.0757157
0.0743495
0.075386
0.075234
0.0748443
0.074876
0.0750019
0.0750656
0.0758653
0.0753629
0.0756806
0.0745506
0.0743828
0.0761996
0.076279
0.0757344
0.0757326
0.0785985
0.0785814
0.0773958
0.075926
0.0760131
0.0749831
0.0754418
0.0756908
0.0749412
0.0751095
0.0751882
0.0757349
0.0747279
0.0753906
0.0752604
0.0750599
0.0760121
0.0753208
0.0746988
0.0759547
0.0752279
0.0742358
0.0757044
0.0755397
0.0754691
0.0757788
0.0755542
0.0757262
0.0763728
0.0756842
0.0758427
0.074558
0.0751828
0.0756249
0.0751529
0.0758738
0.0757749
0.0756046
0.0758998
0.0750847
0.0749939
0.0758964
0.0755213
0.0752152
0.0755966
0.0747953
0.077615
0.0779163
0.0783203
0.0744548
0.0753584
0.0746531
0.0755279
0.0745474
0.0758461
0.075372
0.0744959
0.0756012
0.0750135
0.0757127
0.0748031
0.075809
0.0756886
0.074836
0.0762485
0.0745745
0.0757884
0.0756608
0.0752394
0.0761567
0.0747312
0.0758497
0.0754215
0.0754329
0.0758
0.0755148
0.0749683
0.0749798
0.0756413
0.074728
0.0757335
0.0755123
0.0764136
0.0747947
0.0746884
0.0754778
0.0751221
0.0759108
0.0757685
0.0742647
0.0753945
0.0754886
0.0780682
0.0781091
0.0783602
0.0753763
0.0751993
0.0756034
0.0752166
0.0753627
0.0752125
0.0765861
0.0752983
0.0747827
0.0755833
0.0755622
0.0746753
0.0751204
0.075852
0.0755944
0.0755702
0.0758873
0.0755521
0.0754131
0.0736523
0.0761671
0.074755
0.0756098
0.0753022
0.075401
0.0747315
0.075588
0.0757195
0.0757428
0.0755112
0.0745466
0.0760652
0.0745081
0.0759854
0.0750635
0.0752716
0.074736
0.0744103
0.0747527
0.0748795
0.0740165
0.0746919
0.078603
0.0769337
0.0781208
0.0746452
0.0745474
0.0753598
0.0745734
0.0748022
0.0754872
0.0744711
0.0750366
0.0752478
0.0748671
0.0747673
0.0747881
0.0744483
0.0753145
0.0750771
0.0750023
0.075689
0.0753797
0.0748052
0.0751346
0.0751362
0.0748533
0.0752025
0.0748928
0.0742731
0.07542
0.0739377
0.0756354
0.0753708
0.0743653
0.0748868
0.075165
0.0753613
0.0751987
0.0756712
0.0751271
0.0744509
0.0745299
0.0755347
0.0755517
0.075113
0.0756881
0.0779383
0.077086
0.0775344
0.0750108
0.0746306
0.0744711
0.07547
0.075063
0.0755879
0.0754606
0.074856
0.0748629
0.0756761
0.0757152
0.0737912
0.075658
0.0753222
0.0744748
0.075576
0.0757974
0.0758803
0.0763232
0.0755623
0.0748641
0.0758679
0.0755493
0.075276
0.07543
0.0757763
0.0754404
0.0751994
0.0752468
0.075767
0.0746874
0.0750798
0.075336
0.0755369
0.0759804
0.0761115
0.0763771
0.0744043
0.0751337
0.0749012
0.0753496
0.075823
0.076533
0.0775099
0.078123
0.076025
0.0739526
0.0742323
0.074694
0.0745342
0.0748717
0.0746028
0.0744801
0.0742185
0.0741603
0.0743884
0.0744401
0.0747058
0.0745208
0.0746482
0.0747853
0.0743648
0.074009
0.0747407
0.0750491
0.0747671
0.0744475
0.0743236
0.0745342
0.0745139
0.0738903
0.0738997
0.0749948
0.0748172
0.0746305
0.074964
0.074792
0.0748544
0.0747458
0.0754889
0.0743781
0.0743821
0.0744468
0.0747256
0.0743372
0.0745727
0.0729184
0.0738962
0.0793844
0.0771868
0.0780826
0.0738788
0.0749988
0.0742904
0.0748938
0.0743654
0.0747522
0.0743075
0.0737812
0.0739351
0.0746788
0.0746885
0.0747508
0.0738668
0.0737252
0.0738823
0.0744735
0.0748106
0.0743408
0.0737034
0.0748833
0.0745389
0.0742557
0.0741705
0.0742136
0.074651
0.074799
0.074354
0.0745729
0.0749628
0.0742008
0.0738062
0.0749725
0.0746532
0.0742293
0.0749475
0.07457
0.0740106
0.0740107
0.0740597
0.0746751
0.0745161
0.0738633
0.0747264
0.0767422
0.0781181
0.0758811
0.0742864
0.0747747
0.0749807
0.0747784
0.0743021
0.0751437
0.0744276
0.0748422
0.0740095
0.0748041
0.0751572
0.07424
0.0740436
0.0745846
0.0739168
0.0737625
0.0739336
0.074706
0.0745125
0.0745981
0.0745849
0.0744851
0.0746699
0.074495
0.0740793
0.073796
0.0745326
0.0747867
0.0745765
0.0751942
0.0747539
0.0742631
0.0747538
0.0740233
0.0745107
0.0750796
0.0743852
0.0747965
0.0740438
0.0746441
0.0738279
0.0741133
0.0780672
0.0780772
0.0769048
0.0744774
0.0740821
0.0740438
0.07439
0.0741673
0.0738923
0.0746454
0.0743356
0.0744673
0.0747188
0.0740013
0.0742519
0.0739691
0.0746506
0.0743576
0.0746711
0.0745751
0.0746288
0.0739164
0.074567
0.0745592
0.0741807
0.0748586
0.0745656
0.0752003
0.0748882
0.0746245
0.074487
0.0750292
0.0745474
0.0751481
0.0748969
0.0743531
0.0741385
0.0746874
0.07476
0.0743271
0.0744233
0.074874
0.074643
0.0744089
0.0744767
0.0741566
0.0783254
0.077767
0.0773519
0.0741964
0.0744746
0.0744671
0.0745402
0.0746062
0.074132
0.0748444
0.0751153
0.0745201
0.0742153
0.074455
0.0744809
0.0741273
0.0746126
0.0745712
0.0744169
0.0736505
0.0741185
0.0743393
0.074172
0.0742982
0.074011
0.0746837
0.0741612
0.0737848
0.0740743
0.0736255
0.0743855
0.0743909
0.0737979
0.0732169
0.0737948
0.0745161
0.0743393
0.0734619
0.0741229
0.0741845
0.0741573
0.0746469
0.0735952
0.0742336
0.0743364
0.074738
0.0788556
0.0780596
0.0786165
0.0754404
0.074491
0.0755616
0.0750843
0.0750797
0.0755073
0.0753972
0.0749547
0.0753697
0.0746409
0.0753615
0.0748766
0.0754105
0.0758967
0.0752778
0.0754618
0.0748239
0.0754201
0.074639
0.0757903
0.0759185
0.0749288
0.0744673
0.0758405
0.0759727
0.0758534
0.0753797
0.0749421
0.0756685
0.0757806
0.0748624
0.0756088
0.0761139
0.0746461
0.0756174
0.075102
0.0749179
0.0756206
0.0758461
0.0746964
0.0758003
0.0755302
0.0749809
0.0781514
0.0787856
0.0772165
0.0751689
0.0752494
0.0754503
0.0755011
0.0749614
0.0748558
0.0745596
0.0750815
0.0755561
0.0754112
0.0759551
0.0757982
0.0749662
0.0756591
0.0753848
0.0750405
0.0751498
0.0760048
0.0750575
0.0749075
0.0753359
0.0748141
0.074863
0.0749285
0.0759123
0.0751903
0.0754782
0.0756261
0.0758131
0.075491
0.0746324
0.0760146
0.0757394
0.075517
0.0755591
0.0748964
0.0753444
0.0756676
0.0748737
0.0757058
0.0754638
0.0756296
0.0758439
0.0779479
0.0775681
0.0779895
0.0756576
0.0758231
0.07559
0.0760587
0.0758429
0.0755332
0.0758235
0.0755388
0.0750223
0.0761952
0.0753122
0.0746267
0.0761543
0.0753771
0.0748614
0.0750469
0.0757423
0.0755386
0.0745324
0.0754583
