0.0464613
0.0730706
0.0732371
0.073352
0.0727015
0.0735004
0.0735825
0.0726064
0.0727381
0.0731599
0.0728726
0.072212
0.0729832
0.0737114
0.0731754
0.0739408
0.07324
0.0764304
0.0755409
0.0723614
0.0727356
0.0728558
0.0733022
0.0726086
0.0736133
0.0732728
0.0726622
0.0731368
0.0724734
0.073064
0.0728811
0.0731227
0.0734107
0.0735883
0.0728108
0.073491
0.0732003
0.0722732
0.0726223
0.0727108
0.0734861
0.0733513
0.0726761
0.0732501
0.0737189
0.0725842
0.0734088
0.0729317
0.0736465
0.0726418
0.0726294
0.074902
0.074945
0.0764013
0.0732786
0.0731303
0.0731736
0.0727465
0.0729965
0.0735012
0.0726339
0.07255
0.0734126
0.0743792
0.072569
0.0728014
0.0736619
0.0726904
0.07387
0.0736869
0.0731335
0.0722329
0.0732441
0.0736123
0.0736168
0.0729017
0.0732804
0.0733693
0.0733096
0.0737569
0.0727545
0.0729501
0.0737096
0.0730555
0.0731876
0.0726563
0.0756111
0.0762685
0.0729768
0.0724834
0.0731569
0.0737701
0.0723415
0.0733037
0.0736955
0.0735509
0.0730437
0.0725237
0.0734431
0.0740314
0.0727443
0.073728
0.0737107
0.0732514
0.0733201
0.0733381
0.0737244
0.0729214
0.0731626
0.0738857
0.0735322
0.0736001
0.073461
0.0732012
0.0736262
0.0736895
0.0740089
0.0733601
0.0732317
0.0734764
0.0765493
0.0761893
0.0751933
0.0738238
0.0729693
0.0733205
0.0738467
0.0740377
0.0730319
0.0740195
0.0733426
0.0727225
0.0729236
0.0725785
0.073424
0.0740527
0.0742251
0.073248
0.0739609
0.074052
0.0732004
0.0751687
0.0767487
0.0764555
0.0764539
0.0764278
0.0758814
0.0758952
0.0762854
0.0767497
0.0759285
0.0761928
0.0766914
0.0766037
0.0797298
0.0795135
0.077202
0.0766923
0.0765202
0.0769042
0.0765053
0.0758752
0.077016
0.0769059
0.0760148
0.077159
0.0765536
0.076283
0.0765371
0.077497
0.076267
0.0769554
0.0765211
0.0766064
0.0769206
0.0759241
0.0760365
0.0766474
0.0769996
0.0770936
0.0768025
0.0764355
0.0770691
0.0765897
0.0775252
0.0767403
0.0766853
0.0778897
0.0794252
0.0784942
0.0772928
0.0764498
0.077875
0.0767597
0.0775774
0.078067
0.0779789
0.0772154
0.0769723
0.0774193
0.0780836
0.1106693
0.0781194
0.077628
0.0770824
0.0783173
0.0781349
0.0780477
0.0775386
0.0778798
0.0773756
0.078031
0.0791477
0.0793077
0.0781946
0.0789358
0.0782865
0.079341
0.0786177
0.0789779
0.0797935
