0.0462285
0.0756146
0.0749574
0.0736686
0.0721299
0.0724231
0.071929
0.0717938
0.0718352
0.0720632
0.0721195
0.0722098
0.0718764
0.0719163
0.0718901
0.0721994
0.0717607
0.0720818
0.0722117
0.0719606
0.0720192
0.0715439
0.0721272
0.0714903
0.0720132
0.0721798
0.0715574
0.0720531
0.0723764
0.0717455
0.0717622
0.0717613
0.0725041
0.0718249
0.0722298
0.0721239
0.0715713
0.0716951
0.0718395
0.071742
0.0727782
0.0719721
0.0727578
0.0715258
0.0722384
0.0723651
0.0724086
0.0711195
0.0726726
0.0720083
0.0720152
0.0715519
0.0719833
0.0722324
0.0722015
0.0725095
0.0735622
0.0750146
0.0755456
0.0754599
0.0724088
0.0721778
0.0725411
0.0714389
0.0723297
0.0726944
0.0721673
0.0725509
0.0723664
0.0723535
0.0717049
0.0724154
0.072247
0.0724196
0.0724552
0.0724014
0.0724822
0.0717371
0.071765
0.0723748
0.0723498
0.0723221
0.0721428
0.0724072
0.0722982
0.0725055
0.072158
0.0721748
0.0729341
0.0726427
0.0726068
0.0724795
0.0719894
0.0722424
0.0725832
0.0725446
0.071986
0.072212
0.0726758
0.0718371
0.0725995
0.0724514
0.0725457
0.0720189
0.0731922
0.0722962
0.0723124
0.0723986
0.0720066
0.0725317
0.0723482
0.0723199
0.0738473
0.0763089
0.0751728
0.0759821
0.0725604
0.0718086
0.0723867
0.0722978
0.071809
0.0723634
0.0716469
0.072869
0.0724614
0.0715017
0.0721426
0.0715437
0.0723626
0.0723804
0.0721402
0.0722069
0.0719343
0.07248
0.0721249
0.0722548
0.0726892
0.0720734
0.0724911
0.0720631
0.0720167
0.0715379
0.0721907
0.0725519
0.0717481
0.07238
0.0727236
0.072103
0.0720103
0.0722618
0.0719176
0.0721717
0.0718728
0.0716782
0.0725184
0.0720889
0.0720865
0.0723381
0.0722006
0.0725617
0.0716202
0.0722247
0.0721091
0.0723587
0.0724713
0.071896
0.0719965
0.0716461
0.0858157
0.0755107
0.076067
0.075229
0.0723941
0.0725434
0.0722166
0.0722514
0.0716363
0.0723495
0.0723945
0.0718618
0.0725962
0.0719211
0.0722553
0.0722507
0.0724539
0.0725668
0.0721092
0.0727125
0.0724463
0.0726828
0.0724868
0.0724026
0.0725032
0.0719111
0.072105
0.0719774
0.0723414
0.0721599
0.072604
0.0722219
0.0718983
0.072821
0.0726649
0.0722145
0.072128
0.071623
0.0720156
0.0716514
0.0724825
0.0723902
0.0725261
0.0723892
0.0718745
0.073016
0.0721996
0.0725028
0.0713187
0.0720389
0.07153
0.07234
0.0720879
0.0715941
0.0724097
0.0721979
0.0723062
0.0757597
0.0757153
0.0751402
0.0734529
0.0719921
0.0721887
0.0722992
0.0720497
0.0728214
0.0723887
0.0720189
0.072658
0.0724271
0.0719644
0.0719596
0.0719911
0.0716697
0.071683
0.072319
0.0722669
0.0723905
0.071864
0.0728618
0.0729204
0.0720228
0.0725077
0.0715435
0.0719368
0.072505
0.0722001
0.0720211
0.0718389
0.0719815
0.0722644
0.0724414
0.0727447
0.0717722
0.0723009
0.0716384
0.0725374
0.0725961
0.0715266
0.0726131
0.0722134
0.0723897
0.0727933
0.0727804
0.0724083
0.0724674
0.0722106
0.072002
0.0721547
0.0726275
0.0726512
0.0720076
0.0727513
0.0760616
0.0762906
0.0756269
0.0754282
0.0728024
0.073198
0.0739962
0.0735039
0.0735577
0.0736303
0.0736226
0.0739895
0.073385
0.0729685
0.0732814
0.0730669
0.0728282
0.073933
0.0735804
0.0736569
0.0730832
0.073938
0.0738017
0.0731812
0.0730547
0.0735164
0.0734574
0.0740023
0.0733971
0.0729063
0.0729022
0.0735212
0.0736757
0.0736382
0.073634
0.0730895
0.0733517
0.073496
0.072723
0.0741278
0.0737515
0.0727625
0.0731289
0.0740593
0.0734169
0.0731572
0.0742263
0.0737992
0.0740145
0.0733328
0.0735961
0.073302
0.0735847
0.0730167
0.0724156
0.0735
0.0780316
0.0764201
0.0765685
0.0745871
0.0729411
0.0733143
0.0732443
0.0727535
0.0736937
0.073667
0.0732767
0.0740867
0.0739491
0.0735671
0.0733559
0.0730348
0.0734558
0.0735101
0.0735872
0.0735354
0.0735608
0.0727693
0.073666
0.0738227
0.0731083
0.0740947
0.0736855
0.0738079
0.0736615
0.0736169
0.0740203
0.0733791
0.0739167
0.0732345
0.0730527
0.0734902
0.0731225
0.0737783
0.0733863
0.0738115
0.0737366
0.0732316
0.0735401
0.0734212
0.07312
0.0739681
0.0739006
0.0733691
0.0742157
0.0733592
0.0736928
0.0735781
0.0730293
0.073612
0.0734987
0.0748198
0.0758284
0.0765563
0.0760016
0.073565
0.0734683
0.0728159
0.0737061
0.0731428
0.0733914
0.073374
0.0732443
0.0731606
0.0733792
0.072998
0.0728265
0.0721492
0.0730495
0.0725789
0.0720899
0.0734762
0.07242
0.0724613
0.0736912
0.0728983
0.0728663
0.0726259
0.073164
0.0721751
0.0725417
0.073051
0.0731702
0.0723862
0.07274
0.0728582
0.0730225
0.0726877
0.07251
0.0730758
0.0728755
0.0739166
0.0729803
0.0728793
0.0720913
0.0724075
0.0724691
0.0731623
0.0729928
0.0735605
0.0733362
0.0724451
0.0736012
0.0726535
0.0731972
0.0726322
0.0729195
0.0728556
0.0758674
0.0762081
0.0759032
0.073717
0.07331
0.0729809
0.0730696
0.0733917
0.0732307
0.0734708
0.0728203
0.0727483
0.0730375
0.0725153
0.0723696
0.0734366
0.0725446
0.0720721
0.0730455
0.0738114
0.0731862
0.0734139
0.073874
0.0732973
0.0731715
0.0735013
0.0726382
0.0721159
0.0733145
0.0732009
0.0738361
0.0735416
0.0735039
0.0728088
0.0732344
0.0735077
0.0732496
0.0732953
0.0729869
0.0725891
0.073004
0.0728037
0.0734271
0.0734064
0.0733811
0.0735163
0.0732663
0.0732732
0.0732977
0.0730477
0.0734934
0.0731029
0.072116
0.0726951
0.0728239
0.0729045
0.0756616
0.0757084
0.0763099
0.0727379
0.072742
0.0730511
0.0730789
0.0731486
0.0737531
0.0725918
0.0721967
0.0728008
0.0731428
0.0725163
0.0735631
0.0726065
0.0730286
0.0729159
0.072667
0.0737421
0.0716597
0.0731843
0.0731444
0.0722864
0.0724765
0.072713
0.0728335
0.0736429
0.0731532
0.073208
0.0734065
0.0731004
0.0726095
0.0735373
0.0734041
0.0725968
0.0721712
0.0725146
0.0729485
0.0733155
0.0722825
0.0735001
0.0736104
0.073262
0.0731265
0.0731843
0.0730717
0.0731614
0.072747
0.0726902
0.07277
0.0723038
0.0729942
0.0724471
0.0731903
0.0732372
0.0761936
0.0760346
0.0756233
0.0738425
0.0729185
0.0734579
0.0724643
0.0733068
0.071732
0.0734138
0.0736337
0.0735016
0.0734695
0.0728833
0.0733318
0.0730058
0.0732289
0.0730442
0.0731526
0.0731253
0.0731774
0.0736779
0.0737473
0.0726867
0.0738919
0.0734993
0.0728218
0.0736839
0.0728204
0.0733618
0.0740095
0.0731355
0.0729461
0.0738612
0.0732712
0.0735804
0.0730794
0.0737447
0.0735651
0.0732601
0.073666
0.0735393
0.0735764
0.0735704
0.073869
0.0730528
0.0734664
0.0734205
0.072937
0.0728877
0.073382
0.0734331
0.073521
0.0728333
0.0738494
0.073801
0.0758748
0.0768281
0.0760809
0.0727702
0.0729486
0.0734933
0.0735416
0.0733335
0.0740452
0.0734616
0.0731073
0.0736593
0.0736669
0.0729001
0.073021
0.0737958
0.0732745
0.0733333
0.0731358
0.0734806
0.0731637
0.0733132
0.0737938
0.073399
0.0729834
0.0733834
0.0729578
0.0729521
0.0731122
0.072618
0.072986
0.0725504
0.0723594
0.0734104
0.0731956
0.0732769
0.0733541
0.0734061
0.0723059
0.0732569
0.0730374
0.0731998
0.0730422
0.0734107
0.0729338
0.072847
0.0731372
0.0733574
0.0732706
0.0729705
0.0728822
0.0733924
0.0730145
0.0732958
0.0738345
0.0724882
0.0758742
0.075429
0.0759186
0.0732072
0.0725564
0.0732832
0.0734819
0.0730164
0.0734208
0.0732903
0.0735178
0.0727379
0.0728263
0.0730426
0.0730118
0.0726966
0.0725672
0.0721168
0.0727665
0.0729494
0.0726744
0.073079
0.0737768
0.0726488
0.0732047
0.0733072
0.0729075
0.0727684
0.0727567
0.0733141
0.0728551
0.0736763
0.0726558
0.0725626
0.0727737
0.0737329
0.0723935
0.0736021
0.073251
0.0733869
0.0725643
0.0732651
0.0730032
0.0726625
0.0727182
0.0728389
0.0727409
0.0721409
0.0731311
0.0733723
0.0734129
0.0731602
0.0728797
0.0730993
0.0731747
0.073418
0.0760885
0.0766272
0.0762489
0.0737259
0.0717664
0.0725838
0.0733593
0.0732848
0.0734088
0.0733504
0.0733409
0.074067
0.0724189
0.0727
0.0729198
0.072301
0.0725964
0.0732988
0.0724012
0.0728959
0.0724823
0.0725821
0.0726551
0.0732618
0.0730082
0.0725927
0.0734463
0.0731216
0.0731818
0.0733579
0.0723433
0.0733652
0.0727239
0.0720633
0.0730453
0.0726876
0.0730249
0.0731439
0.0732025
0.073295
0.072994
0.0728538
0.072813
0.0734004
0.0728686
0.0725031
0.0725048
0.0725734
0.0722229
0.0739929
0.0734039
0.0729671
0.0730445
0.0736281
0.0731542
0.0732467
0.0759844
0.0749908
0.075652
0.075512
0.0724415
0.0721314
0.0716414
0.0718966
0.072151
0.0721343
0.0717205
0.0723122
0.0721552
0.0719977
0.0724945
0.0719721
0.0721873
0.0725288
0.0720218
0.0725114
0.0713621
0.0723212
0.071828
0.072609
0.0718205
0.071731
0.071617
0.0717844
0.0719525
0.0717311
0.0725464
0.0722503
0.0724378
0.0718288
0.0726422
0.0723516
0.0720706
0.0724749
0.0713751
0.0722637
0.0720842
0.0718156
0.0722193
0.0718973
0.0721922
0.0722316
0.0722882
0.072068
0.0724114
0.071922
0.0719538
0.0724033
0.0720551
0.0717495
0.0720977
0.0718233
0.071795
0.0753737
0.0759561
0.0750651
0.0734664
0.0721501
0.0722154
0.0716206
0.072219
0.071819
0.0721774
0.072181
0.0721874
0.0725677
0.0713747
0.071819
0.0716103
0.0717584
0.0721383
0.0721328
0.0719852
0.0722611
0.0718516
0.0718639
0.0722548
0.0716326
0.0719889
0.0715648
0.0721187
0.0723054
0.072522
0.0719676
0.0725975
0.0717971
0.0721935
0.0725935
0.0721326
0.072455
0.0719579
0.0721361
0.0719092
0.10689
0.0724149
0.0719323
0.0724014
0.0718306
0.072316
0.0720098
0.0720066
0.0719011
0.0723888
0.071673
0.072354
0.0715016
0.0721933
0.0723085
0.0720626
0.0738554
0.0752356
0.0754261
0.075988
0.0719178
0.0718037
0.0724945
0.0719117
0.07173
0.0722456
0.0720432
0.0715497
0.0722564
0.0723967
0.0721582
0.0723953
0.0715
0.0720973
0.0721397
0.0718843
0.0719968
0.0718219
0.072057
0.0725503
0.0717439
0.0719366
0.07194
0.071722
0.072331
0.0714502
0.0719548
0.0721383
0.0722053
0.0718322
0.0719156
0.0717438
0.0723911
0.0724754
0.071564
0.0722476
0.0716885
0.0723906
0.072134
0.0724195
0.0721405
0.0721425
0.0722688
0.0716386
0.0719767
0.0721197
0.0721107
0.07187
0.0746588
0.0729529
0.0722836
0.0723057
0.0714934
0.0744009
0.0754844
0.0758406
0.0749522
0.0722761
0.0717857
0.0724965
0.0725067
0.0720231
0.0723341
0.0718704
0.071692
0.0718668
0.0722453
0.0722647
0.072126
0.0721939
0.0725118
0.0721177
0.0721543
0.0720365
0.0718965
0.072581
0.0718354
0.0723656
0.0720475
0.0724427
0.0720914
0.0725903
0.0723934
0.0720564
0.0726013
0.0724267
0.0718758
0.0728736
0.0720604
0.07258
0.0723542
0.0717419
0.0717277
0.0721167
0.0722368
0.0721739
0.0717084
0.0722774
0.0716579
0.0726033
0.0719178
0.0725702
0.0715063
0.0721915
0.0723612
0.0720427
0.0724334
0.0716427
0.0723616
0.0723067
0.0746662
0.0752169
0.0751235
0.0742631
0.071907
0.0718524
0.0718747
0.0713933
0.0718115
0.0715606
0.0720308
0.07251
0.0719415
0.0726431
0.0716166
0.0717961
0.0720971
0.0723286
0.0719347
0.0719456
0.0716752
0.0720814
0.0721153
0.0721654
0.0725617
0.0713682
0.0715125
0.0716979
0.072234
0.0721093
0.0719844
0.0722399
0.0724757
0.0715487
0.0719964
0.0714992
0.0718229
0.0723869
0.0715561
0.0722358
0.0716189
0.0725108
0.0717964
0.0720025
0.0718812
0.0720837
0.0719379
0.0723158
0.0723511
0.0716094
0.0720975
0.0724014
0.0716724
0.0721387
0.0715827
0.0719893
0.0724853
0.0757657
0.0759495
0.0762809
0.0748729
0.0728195
0.0735494
0.0733243
0.072817
0.0727062
0.0728956
0.0721978
0.0723942
0.0728974
0.0730073
0.0722414
0.0729633
0.0730477
0.0731396
0.0731411
0.0730025
0.0730518
0.072872
0.0737019
0.0720635
0.0727519
0.0726116
0.0729265
0.0732949
0.0732991
0.0732661
0.0730723
0.0733072
0.073545
0.0732217
0.0729544
0.07316
0.0722476
0.0730792
0.0734454
0.0725287
0.0725323
0.0728159
0.0731443
0.0723957
0.0725076
0.074018
0.0731119
0.073151
0.0731114
0.0726446
0.0732607
0.0727158
0.0731246
0.0731952
0.0721014
0.0727899
0.0743834
0.0755302
0.0753361
0.0760763
0.0730926
0.0725788
0.0736213
0.0723891
0.0732253
0.0734828
0.0731192
0.0731981
0.0729929
0.0727502
0.0723649
0.0727724
0.0730644
0.0733654
0.0729339
0.0734149
0.0730964
0.0731871
0.0730602
0.0735777
0.0728644
0.0725493
0.0727841
0.0729381
0.0725703
0.073819
0.0732011
0.0726687
0.0732139
0.073459
0.073675
0.0735586
0.073241
0.0731483
0.0727921
0.0731249
0.0734095
0.0726564
0.0722432
0.0723898
0.0728828
0.0729115
0.0737628
0.0728899
0.0724921
0.0732964
0.073639
0.07384
0.0723756
0.0727013
0.0728162
0.0727003
0.0731298
0.0752465
0.0761172
0.0756332
0.0730572
0.072591
0.0731329
0.072756
0.0726228
0.0729436
0.0728185
0.0725781
0.0737615
0.0726871
0.0720872
0.0723054
0.0732002
0.0730809
0.0730339
0.0725124
0.0738487
0.0732739
0.073125
0.073236
0.0727758
0.0729601
0.0728006
0.0731532
