122.70000000000002,159.9,12.2,12.4
126.69896740366768,171.31930494647872,12.183510268034052,12.381744437370124
130.99800266485434,183.41355337129482,12.164254298363751,12.369906781719163
133.92768054584852,197.23655086202638,12.14668292962295,12.375024594961177
135.4969959066548,194.33070136663244,12.12208276023535,12.34791630032727
137.05854651347764,183.46773746366202,12.106446188132276,12.321591615469764
138.41807853617607,172.23521498367913,12.101753637163622,12.296129907316262
139.96915488630904,164.8931214354008,12.097915844056212,12.263321194869725
141.3211390463154,158.91662990578945,12.100906794477819,12.228341770740387
143.04206615005572,154.6760120123278,12.13486672887627,12.213142988625895
145.9098788450025,152.72039014999103,12.196744312678232,12.25938473083576
148.9626156317723,152.70424838320827,12.302737367072343,12.29166826440128
150.70149775915266,153.877769483371,12.338680865518848,12.287097899547248
155.21096839634447,158.19798012051933,12.31066473621227,12.246691981411233
159.13003643539952,168.92582685118072,12.268999494411638,12.2312933199394
165.3247174782078,168.5263078803278,12.325010869288182,12.252495420364447
167.07526866350497,168.7077639977708,12.335198235230571,12.27972648953807
156.33762001776446,178.06034270700238,12.319935304391048,12.329967083281936
159.2766199573266,178.02682973143428,12.311329386013682,12.396993034418132
162.23707233585554,177.8116990799745,12.273720417137309,12.43503461812559
163.98478309079331,176.44535769168013,12.308324895845761,12.422141625815652
165.3295116122002,176.82480685072193,12.366863397499232,12.448384891865569
168.100270140202,188.04053790273628,12.340186009409383,12.470198578628471
165.71411004416294,190.4250118326956,12.386436939460468,12.427319980736927
166.28365921755233,190.44298519165048,12.429020102408012,12.391373262827107
174.9647353994881,196.92842437598193,12.40283269867058,12.422468614264814
176.56468939219735,195.5345952562628,12.355542262535137,12.451586498080353
181.1147730509469,197.13292877718683,12.312499552991278,12.405223667694944
183.45505260928186,198.127975102025,12.340366616809844,12.376975259888829
178.7636701808638,195.1676714829675,12.306410634121505,12.412131973301051
178.7809769203777,195.15047078074514,12.271797155093726,12.446533377745737
178.80107351522324,195.12762295789997,12.231603965402657,12.492229023436114
179.6062591280242,195.30062968635139,12.19107733540506,12.538676715434345
179.62306765345735,196.08135354252795,12.157460284538738,12.547432857847404
179.82636477168595,195.87992873878636,12.143019889130864,12.558128624281267
179.84295303277443,195.07764240733158,12.109843366953907,12.594330099356185
178.0894432256081,193.91003224703894,12.087640035591512,12.576735122811424
174.93326009813433,188.43947244117203,12.13594647155004,12.55575005131439
173.36079172066246,184.52068103518198,12.145343701152399,12.554484049941108
171.56940172828678,181.98557252514487,12.199473711351295,12.527762217883884
170.3852246280879,181.2010722070319,12.212755786666158,12.526714770721247
169.4007930068721,181.60100829699556,12.218084207974545,12.512256519243211
166.82556196562203,189.6704742350665,12.265227491929325,12.46840700774429
165.22589665998052,190.08413876920707,12.323607350689862,12.426315627593775
167.97335845926062,188.72515551897416,12.329001438712456,12.394123284768234
167.60013716019822,188.91400366717588,12.290534164406104,12.408881924580406
168.79908503731406,188.11907345975146,12.245105285476656,12.430431089227751
168.42179364100818,188.5019839047694,12.216293808495022,12.448004468785236
168.2354181933018,189.0966971132743,12.197527495740712,12.433129676276803
168.44426406463865,189.10533652387826,12.17081879180428,12.415850855068884
168.6546035465741,189.1164591513135,12.140424240130066,12.393605600198358
169.26202400479661,188.92152697855138,12.093928744676196,12.394021472058903
169.08368590424416,188.9122088009716,12.061890020285775,12.412657827218508
165.17947046797676,191.84737967770334,12.100330085986544,12.369809178880521
167.49739018946434,191.48274132542593,12.125693609287799,12.322218722389273
168.4893923802532,190.52992032487418,12.08210652891657,12.287443422286204
169.67120718844262,190.71831078950126,12.039512357848583,12.297501733917207
172.5924173363221,192.06132057489427,11.991904122758857,12.315727791443543
174.35083880075234,194.17444036976715,11.947722957728068,12.33385257971177
176.879497567237,196.2857968750866,11.901048997929987,12.350914900217873
178.24691074604485,196.86893517485,11.86094096010673,12.339517580602074
179.20787260445059,197.8554861816834,11.859717129687084,12.287115453327127
179.0189111083961,197.11384951470345,11.854347694818687,12.237219079377454
178.82875561295452,197.90310895293416,11.852240658256264,12.188372312698137
178.6418234399256,197.54410452811956,11.844493113552238,12.143157380803476
178.4497603764561,197.7563373131943,11.847846160826858,12.099464890318282
179.016818390455,198.15757252894403,11.85413462187051,12.0572641181798
170.8459984153011,197.22021927448378,11.874412911684228,12.034137875880038
175.95472805962788,198.75090337612383,11.9040645750016,12.008950695406144
176.89118378072874,199.90245644579534,11.929126545641601,11.983412651473175
176.68937965753628,199.72518272670777,11.953147008909252,11.95837230653101
176.6753423079711,199.55064064925912,11.981221708039556,11.927884629485622
176.47210368267875,199.37597391561025,12.008165660466178,11.897684798625306
176.45991731308283,199.38971187023887,12.032538399658073,11.870208889368033
176.0677931806998,199.40264767992744,12.057925796452315,11.844337269990874
174.91571860569618,199.22628130809863,12.085547908296013,11.817648840621247
173.20311836198775,196.1877474958849,12.09584367367238,11.823774736976743
170.3538312562152,195.99079267259938,12.099002546476385,11.837990027631726
169.0225537201201,196.35244728243433,12.101763146300787,11.874622085780636
167.4956917137293,198.83292807711743,12.110708643341635,11.861425584493263
166.7214949901022,198.6633347987039,12.136986195256899,11.820083167485608
167.47033490834494,199.82550755596307,12.160453198040555,11.777457911870966
166.88662891076262,199.65632845729846,12.18792876023133,11.735837298208864
167.25517463107602,199.48784276703552,12.21033642930402,11.693059123885
167.0561855756638,199.12664287091854,12.228893523962244,11.65661688378659
167.99302656020487,199.33076943593747,12.250872509631348,11.627495944699003
168.168424975868,199.1615571397215,12.279089492525332,11.586906722910662
167.96311276756862,199.56043599751493,12.31090391605238,11.546768993467227
169.27014269587184,197.09402258051276,12.347528997583241,11.55689522807377
167.17294813309152,199.58100072263647,12.368428635430522,11.515244702032986
166.21180149839319,197.8865286608351,12.395370492768915,11.492556283930872
165.24369001698417,198.26250072164186,12.435940024265163,11.498873534846048
165.9869137767381,197.30701772617869,12.468972326767684,11.510489748259403
165.78496166598595,198.4492010997901,12.492301014789122,11.509576201934046
165.20480692016818,198.23587549843518,12.509827730403483,11.555299812636825
166.35380285378872,198.22186745716797,12.503453476704175,11.583315895171227
166.15251402967084,199.00608087912158,12.52374601879934,11.544029475826461
167.28477049707345,198.64456350233607,12.551079223821283,11.503115516121738
166.8912105595222,200.0022304194531,12.574704110553814,11.460014141182647
167.27162298352593,197.89688531967403,12.576732309941068,11.475012580069647
166.4977178427022,199.06349137138358,12.597745747300833,11.431995743082028
167.07430127844776,198.88584689775766,12.588592983872513,11.405946654312977
167.64274244416555,198.71319017680102,12.594038198764636,11.370484247450335
167.06561802614584,199.87490595560743,12.607413467826659,11.328799823792282
166.67620870488489,199.89509457651604,12.626571268785723,11.28842258197505
166.85425724207045,199.91362783079694,12.649954932736904,11.251356073413243
165.70459709710747,199.54929105974483,12.673775641274318,11.221529755054648
165.8837640790397,198.99569677402002,12.694583729620105,11.19129216987364
167.2125020234642,197.85517945406235,12.689967557862737,11.198447052281852
168.74682210703224,196.8930522287665,12.653512686924524,11.227585692749937
170.283730447488,197.45143026592558,12.611077001687002,11.247597491809557
172.19790707453805,197.63359024083752,12.568531496425061,11.261858316869468
174.482884561876,198.77640466606897,12.536304974017838,11.245093692540868
180.31680963972568,198.22723432507917,12.566905065010822,11.211326286130857
182.00946564368462,199.191787333216,12.57733867913164,11.16874561543428
182.78140592510513,198.6387129970085,12.540588137306345,11.144546772087466
182.98720619581232,198.27693613761872,12.504805073265473,11.116465536120112
183.0096459003374,198.46636856051987,12.459925664215278,11.112405723748118
183.77792427315603,196.2122087105175,12.41951730355866,11.132280268810906
184.73430544015264,197.14082471177863,12.375375899527826,11.143669196251023
184.75754259657762,197.51258719330434,12.328901586677889,11.146575633078644
184.77724970509996,196.20267102635594,12.28948736963322,11.158671446104629
186.09667651316354,194.89071342494717,12.255403240831633,11.177817161596593
188.71972810556122,195.06642177810392,12.215655413715721,11.198282980831632
189.85046351598976,194.14118294014608,12.183705914105655,11.190826222374794
192.64777737019128,194.34565369478767,12.153558009392965,11.152850033337579
195.25240533799695,195.66065389197846,12.122655232919486,11.11202621852497
198.03540812080837,196.0472324296048,12.087777308919902,11.076352828822053
200.44798011594412,195.51164343451526,12.041712986588248,11.044666280245785
201.56846165214552,195.14384709848596,11.999086596917419,11.047480058060378
199.9428629904828,195.14991789995688,11.958400534972117,11.03533845511857
200.86560628798367,195.71648049443354,11.937566953759717,10.99700507443886
201.2397558846959,195.91828557068214,11.917244602657766,10.957383343102972
201.0620977470286,196.30149481657475,11.90952733950152,10.917031928299592
200.88631585877792,196.86424266566686,11.898826238264155,10.878330863331247
200.88810456250224,196.15862961823473,11.895248830815532,10.84365435649885
192.60658492066426,194.90662803652768,11.858602939054641,10.821618471476954
192.80249443746655,195.08742262476386,11.82671749348604,10.81996288304054
192.99819676311657,196.1742910285585,11.794719191082333,10.802664168828958
193.01546061891446,196.0051214403711,11.760191479486526,10.782377188869203
193.38985209154686,195.29690067537203,11.726925036101326,10.767785715108197
196.4172308764796,196.3753853336186,11.741193278477324,10.752825508817923
193.9152395240278,195.1417370294725,11.747377742582824,10.72122299671102
200.5192438106369,194.62596330189123,11.732658534186235,10.683044287158257
201.78473471188894,194.63053896027168,11.691795314944805,10.673892970397363
200.74051348388005,193.2159894576395,11.650580933207562,10.66344952532172
200.9380851374263,191.98232499808444,11.60956560665257,10.651882580669412
201.31175093568905,192.87300558016238,11.568830235229983,10.637011979270818
202.03419592211284,193.4067027037074,11.533618341808694,10.626876291750548
201.86749355612682,193.42064730828181,11.515319494688809,10.598987082601674
201.5305248246587,193.78222225198465,11.487319570663665,10.577774582157407
202.59912578053166,193.96093813497305,11.451248216888905,10.570531242509183
202.26783551056073,194.3150785179698,11.414818193232744,10.561261040113713
202.09992692836428,194.8525015105668,11.401851478496802,10.532766692306291
193.9282987696425,194.86777418751888,11.383316398079051,10.502221338402153
193.07598726417183,193.8224314489601,11.351228955200131,10.508854270935382
193.263320487362,191.7325771213469,11.323506416398287,10.525236035220477
193.62531785715285,191.72687781444986,11.293052316378393,10.53663464901458
193.46780620404806,192.07212546612135,11.261602017750882,10.53908655534579
194.00301818847134,192.25014476211632,11.229231172423294,10.529065671195546
196.24523860042774,193.64372809641532,11.234308420298445,10.504679354467076
198.65214729167138,195.03529349187983,11.251011943400403,10.48184622387484
198.47329422550604,194.8750101873472,11.263783508717237,10.457478265926222
198.46726403174898,194.7140540532675,11.275843896231308,10.434645338257118
198.45892853796371,194.7271753135721,11.292514883801877,10.408402817647847
201.05267620449715,192.31144255692593,11.27117495896216,10.418123283261588
203.47689505998,191.10421472493573,11.241967531864306,10.422963805308058
203.8384727177838,190.42069486594238,11.206510201937407,10.414607551933358
205.22827976212895,191.45324458955446,11.172154646828497,10.40845200489525
207.64237544424384,192.1414777857082,11.139216778241662,10.402058039914387
208.34099963520148,192.4939268461207,11.109557470402875,10.38095445612762
209.03606103038152,192.4988020281161,11.083804603807982,10.371204092136773
205.10830312966485,191.48052200297735,11.107109204335035,10.364578611743074
202.89403695616357,191.65151649934091,11.105348663389021,10.363381379627368
197.45657413253826,193.19456532505276,11.076438213260678,10.343987630591476
197.4666224612086,193.1990033957494,11.056341555920046,10.33511148919817
199.00409918223656,192.01361865152262,11.037075055328916,10.329235578734691
200.3717002427385,191.3367965174718,11.014859763376977,10.326386432310283
202.07809017278328,191.16220078837466,10.989358916699306,10.336849989163417
202.08820163787422,191.8436785552097,10.969135986517411,10.327868797125603
201.07738826013193,192.02419396944217,10.962575067613741,10.304869247725327
199.72624179884068,193.05099412484165,10.964387811704668,10.276629070794993
198.88641735619333,192.8971569015712,10.958352970167649,10.247166771969516
198.71741159452932,192.74285448077495,10.959794321742299,10.219201441808647
198.5478478569091,192.75645475413822,10.962776662759902,10.19200089508213
198.54497448609067,192.76968325356077,10.968523404396775,10.165543896237015
198.37364137709332,192.61465535235703,10.97576669068304,10.140176766936063
198.36976049718035,192.79371210642134,10.983528450508961,10.117193498464667
198.5349643313251,192.6354189239329,10.988004505075661,10.098896140585351
198.70072144535243,192.31355348230147,10.99115085160438,10.07330587468143
198.86465072119123,193.32779906489404,10.99759170623886,10.05061114736842
200.19282157557413,192.50441804200028,11.013540313160714,10.027191745851157
198.68591950477014,192.34837111818143,11.022149033694948,10.005374991147336
198.51527579113392,193.19419769247455,11.02974124170051,9.982197938895746
198.51556584682388,192.70747967233703,11.02916113032056,9.95530843279565
197.68031084806384,192.55366065266293,11.034668796104182,9.929946005796596
197.676824949763,192.39978015886865,11.041640592705903,9.905028070284287
197.34443235485662,191.24547929779376,11.041651217987424,9.886918816574848
197.35201182297854,190.08502768455983,11.026492281743591,9.883150011473047
196.1986392106176,189.58293675078625,11.010652359472386,9.891938244594616
195.03684760416172,189.90354067495798,11.012397836929892,9.91411260638091
191.88798721631636,189.06489008855806,11.000690368697652,9.931037925516799
189.57446623711164,188.23093759041186,10.977438842431315,9.938123820139337
183.27925369587567,191.8754718963405,10.955166124019382,9.951143408793666
183.29133616841264,192.37027119936255,10.93100117894543,9.95686353056945
182.80630338842812,192.36796228254562,10.906610055018392,9.961481364203305
181.32473623297915,192.52736956292512,10.88915310016188,9.973843610750368
181.50010077164447,193.3477266532296,10.869525130411255,9.988634968041357
181.8411932464532,193.34032417302336,10.849400386041749,10.003439928453849
176.70194617625393,197.48620497620234,10.868404604823438,9.985460516948276
175.37128257301904,197.6611564618367,10.88203925293533,9.96651911547428
175.69560062304396,198.66285225367872,10.895146798168524,9.948358467639354
174.6976099862417,198.50688336408618,10.90641127126313,9.929510113406149
174.691696411912,198.1872723082199,10.918238419922554,9.907411654353224
174.1892111820852,196.70361980965237,10.931736272631424,9.90029883065396
176.16543324818122,194.0527981888456,10.946351828351304,9.912529155051683
171.21075650498008,193.8800797004902,10.925281525034123,9.926952005438512
170.89030435324636,194.6978270371113,10.904355169318851,9.946033980152924
169.73735302667913,196.01532040246164,10.894004179015434,9.958194270524148
167.58198763393932,197.17974037607402,10.902695660694286,9.945837025345952
164.924140891353,197.85090509092274,10.924562539714888,9.926964247186538
163.25908796905887,199.18451823831617,10.945625941346234,9.90697190676525
162.75383007790134,198.86354962487266,10.963401464972577,9.887082294526445
162.08315269779308,199.86636507604425,10.981266678167408,9.866685712715775
162.5673180547405,199.5454158212685,11.00540897094834,9.846935551150075
162.39229863384168,199.3907135833903,11.024563079057547,9.82545529321807
162.8786468014858,199.23602463235702,11.044383197640524,9.803994377327587
162.37162914519192,198.91572833710165,11.066008537518208,9.782980319364947
162.85616149043133,199.25673454036487,11.089352694146456,9.762573810909815
162.51403524190522,198.77002419036677,11.111927382555013,9.743477797940482
162.0064727023191,198.9453752211404,11.134401571171844,9.723659366578392
162.82165191877306,199.45109800976886,11.158617134146853,9.704958186851245
162.97467974541956,199.29526688423655,11.183552351434688,9.685629567335008
162.13330505570178,198.973341227863,11.210963282146773,9.667345500592779
163.96266129555346,197.96617126763314,11.19544698680584,9.694487502309357
163.6270761827397,199.13190487439485,11.203824265867988,9.682795601764791
163.2997256404242,198.96345231448038,11.195849052084364,9.688362572386414
164.2947887120279,198.79642484006013,11.19354530883967,9.691113787899836
164.13112645821334,198.63064603788212,11.189557551768653,9.691359127555781
163.96088645357264,198.46816252120317,11.198783552707926,9.685072152571548
163.79944248111207,197.79553955759582,11.19037517757154,9.70513279955594
162.46125061592141,198.28812398307485,11.214843768986052,9.71443212571038
161.62948413744564,197.78041859435106,11.218269080131078,9.733778315674101
157.2948685175379,200.11732247603913,11.245421029181966,9.713397862709645
159.28100759877543,199.95903377891605,11.26292511280076,9.697493403114654
160.43204939780261,199.46803722698655,11.288324820873667,9.681993661490525
160.0883358399001,198.47303907701027,11.310466364353454,9.67613324446741
160.742460410664,198.13521489904832,11.333789099962692,9.685995661822792
160.3927374563668,198.80667550007385,11.366402936149154,9.676738604587626
160.04269792176544,198.14328662875215,11.398933797856364,9.668419932240068
157.85402812826015,199.48967797181317,11.432378091136021,9.648803580721673
158.5063912894349,199.66666654291294,11.46504453434989,9.629174629913019
157.65686235393838,200.51354634740906,11.491413446025403,9.60810398023827
157.9773292691183,200.35651247698272,11.519690874083203,9.587566091882186
158.63168944047146,199.8647288867766,11.54981596200036,9.566999199326792
159.78817934127073,199.03737288368148,11.5807502401795,9.54748686281869
157.59531392182444,199.71749835408073,11.61138188164647,9.527266444305011
160.76567893525947,199.2185270986183,11.638572557894491,9.519747791579636
156.89350506293763,200.0676505711525,11.66750387861891,9.498765286493603
157.04661848781748,199.91027808784168,11.696836482151642,9.477950799822823
157.36927788030383,199.75315946708906,11.722866748662058,9.456513515586513
157.68849951677709,200.26679602716547,11.755879226186618,9.436424021140244
156.6663282993785,200.10929773967575,11.784756670011333,9.415509764290924
156.81990898369057,199.95173885054948,11.813611189943334,9.394611653987365
159.32845864416413,198.26266496702294,11.83831805429443,9.41155529750829
160.32126630982245,198.93775099043629,11.873377737450973,9.408499926997164
159.9641974142426,198.59182912551708,11.912973757927261,9.425801886152096
160.29489839830987,198.92522795023476,11.927902698861008,9.435335145785082
157.73939924485032,199.95124622496965,11.960621643702128,9.414610341146473
157.21525096369018,199.7926013874481,11.992764122014803,9.393181988187127
157.36955166829074,200.8200910974187,12.023025897925242,9.371381678915197
157.6931586944171,199.64447051084784,12.053757337493584,9.349813630683192
156.8289865015551,200.50291921260208,12.086637343951377,9.328380606440883
157.15289772111515,200.51380515089983,12.117310574666844,9.306608729845397
157.47557913029524,200.3547912302718,12.150673248039489,9.285273825235057
156.78097730176668,200.3656032075406,12.181773967794381,9.263649870697407
156.93601529883355,200.37655217996314,12.211346643427282,9.241751925852322
157.42870282002653,200.21711383216117,12.24520098075822,9.220885494883978
156.5632623733697,200.22802130683823,12.276482507397901,9.199070545529903
156.8878756441354,200.238905963058,12.307337924840686,9.177301233090377
157.0436440837242,200.25003719629112,12.335956854415786,9.155038766624088
157.19912384393757,200.26112417480684,12.365225052868439,9.132864809592682
157.18193521514706,200.27064665470678,12.399602310449431,9.113819849792758
157.33602822527132,200.11090970678168,12.431939241915401,9.092770793928475
156.2985769301047,200.12103518917598,12.46281901544427,9.072519829139893
156.45253408704468,199.959636239111,12.495713097968421,9.054509332865752
156.43692139528767,201.16336554857634,12.526938481482437,9.034147107254224
156.76096782898568,199.97923069522932,12.561154119874542,9.014337043689878
157.08634060080365,199.98719966810134,12.593106838416567,8.998399097945795
156.39142011095265,199.9945824871658,12.616655177623043,8.983633459816906
157.40456035126834,200.17606969157669,12.640502284495927,8.962346982245805
157.3892388241628,200.35610604051507,12.671145338707023,8.943973069728205
157.54495161159764,200.53614817869317,12.701581093543146,8.925750123077796
157.69849626757224,200.54342130157795,12.736514601379989,8.911203877308251
156.83035777465923,200.55007400015808,12.761223544990617,8.897898480147994
156.98680027979194,200.5558599117491,12.790807406458109,8.886326656965927
157.48690649235147,200.56022570122923,12.81877599589348,8.87759507800571
157.81303628220667,200.56516177986722,12.852531569305171,8.86772292072971
156.9377939653013,200.5724622062936,12.886231050711528,8.85312206787694
157.43604187050477,200.57946343272343,12.920614827623265,8.839119615017276
157.76386662749775,200.5859201629263,12.952797414128714,8.826206154611533
156.71466519522863,200.7669220422448,12.986060738979688,8.808392319255754
156.6975843778693,199.91632986168653,13.020222373698333,8.787586275258715
156.68368183060863,200.09749422895715,13.048027468219681,8.769827003859538
155.8159432313323,200.10589165713128,13.060030664678413,8.753032147511242
155.98286925392864,200.11289914839588,13.0707747537046,8.73901716498203
156.14965574024495,200.12063405548267,13.081726497299872,8.72354735080847
156.31431912146104,200.12718901852605,13.096831716165552,8.710437424721697
156.4793050015474,200.30911631468803,13.11130156224115,8.691024438646071
155.60998667517717,200.49086526431924,13.128258804219616,8.671862421536053
155.43695509219557,200.66941932800336,13.13005013403449,8.659026130316148
154.58421209370448,200.66861249780206,13.115116958630013,8.660639790718742
154.7626311637779,200.6634154511607,13.102163428202937,8.671033884001496
154.94188291387707,200.65445666810984,13.087522401718681,8.688951450103179
155.12270671014195,200.64350726202446,13.069815474126344,8.710850262273912
155.47417846016927,200.63442342465055,13.054949570293685,8.72901793702177
155.47035721268546,200.8121350843049,13.06259206526131,8.717711934284345
156.14579828341792,200.3045069526501,13.087886219482035,8.700835975829758
156.99116856130985,200.47926963504477,13.117871641848243,8.695455806670424
156.97357676571664,200.65715409752332,13.15305523303463,8.684196588686453
156.95529237243642,200.8353989165227,13.189624019595117,8.672561248364987
156.93780416872875,200.32287357245806,13.22460042701046,8.661972189564707
157.0927723000449,200.49862757251523,13.260229473358994,8.656029498431254
157.25013199693632,200.499694310262,13.29151502561596,8.653896022937792
157.757376701459,200.4960808064793,13.316353419696679,8.661123030503113
156.5278390606689,200.67496107055155,13.346850100095248,8.650302302527443
156.85692824101574,199.80927830139424,13.383110494885704,8.645570952131738
157.18896692384277,199.9872198515009,13.414409566062282,8.637376070333676
157.34863127819838,200.16458573022896,13.443104464877264,8.630667920403768
156.46068804586545,200.34207127468068,13.477268705995737,8.624041276209837
156.79262064999278,200.52005181517293,13.5109017132448,8.61682930297712
156.08653840565086,200.3490054440567,13.526523503400414,8.609786370577513
156.42207245252786,200.3527662938416,13.553961301568679,8.602264671007735
156.76131938491432,200.35859544108638,13.574548303688298,8.590606376518139
156.05587268658277,200.1852981009497,13.586823127004772,8.587546413454877
156.3975731191085,201.2418689352615,13.602998803545471,8.573134369607782
157.0859468057131,200.02318695655657,13.625408458895864,8.56197352703828
156.3794951906184,200.72699370501377,13.63855590487123,8.554115814337912
156.8907689094036,200.73400718732023,13.666022205800031,8.540088849725025
156.00106127481166,200.74161590838403,13.694528459703195,8.524871407597388
155.8221486040694,200.7483367562478,13.701999484529189,8.511429711869894
155.13249540226582,200.57441102525803,13.680346991785513,8.50904144976172
155.49214628393702,200.57163810199518,13.660791619086554,8.514587296287427
156.02354447193107,200.57069182364626,13.647012042924429,8.516479852985258
155.68412924716952,200.39129247235147,13.626849303523946,8.525781961113026
156.04304232902072,200.2105991039723,13.607722733419457,8.537818901072411
155.70608827452452,201.0831155529071,13.58310154551765,8.539109245438423
155.54111167580115,200.3814826937131,13.564139578002496,8.546714303978678
155.3758935014827,200.7260374131765,13.545818445689246,8.555119826952144
155.21389073786858,199.84254911584895,13.521201113797904,8.578982126009477
156.09777744688665,199.8304127389901,13.49669577719584,8.603254879727176
156.45571971725775,198.76940071225457,13.478196350068004,8.633123592355243
157.16431026384382,197.71054966440644,13.45667919015892,8.65732978815684
159.7961871238884,197.6977818698184,13.427896905573881,8.6828653773329
161.20692295071225,197.68898796343365,13.398363733088607,8.700453190102428
164.00979413743778,197.68055142889705,13.374079746994283,8.717326259175668
166.9882963087092,196.97178288903737,13.345945638779174,8.739835048464943
172.92036350662224,198.72462568102972,13.337916869233885,8.721239354562854
175.54865003001495,198.7191975059091,13.305474743476788,8.732095704804074
176.77533700165594,197.3216826188638,13.287865112289234,8.743394836501063
176.95722237367934,196.79233165694865,13.271983479081015,8.75842942781552
176.9673041659237,197.30838290847828,13.251819894592328,8.770028569053814
176.97520432915957,197.82552811835353,13.236019568120575,8.7791062183654
178.02129809753444,196.4325381026911,13.230043547556962,8.783470894775391
179.5865088798162,195.9104329756857,13.228781762433702,8.784627888972814
183.0675554082838,193.47158816970386,13.22038201484695,8.794732184392563
187.4218594232872,193.45847099174492,13.204936298401304,8.82096654031043
190.20990408355996,195.3679016001464,13.195748195712145,8.829349910783744
191.79320750322194,197.97361837149205,13.160531055256476,8.836899199539523
191.6346571558608,197.27352353133023,13.130107749920658,8.846992879631058
191.47604322463837,197.44305381606048,13.100104736970973,8.855163185565072
190.9558239010896,197.09607610888335,13.099808097967857,8.855295075852197
203.1106511536269,190.83644517438282,13.073815778294618,8.88581639236115
206.59440001800118,179.89900054642513,13.0468032391665,8.898177300972021
211.80783288453264,174.15644944882936,13.024536652115522,8.93822043555044
214.94381333614055,173.79000976411393,13.001261861339946,8.976801348043448
217.73400675199613,172.37802973546314,12.979883117429823,9.021257361444533
219.13692512186583,173.05350748484915,12.956867929320364,9.061712638487515
221.7608753770142,172.5183932940506,12.931592902952982,9.087415923298687
221.77270510510576,172.15074813171472,12.907933446769828,9.12627228328267
223.17946763056315,172.48250987502783,12.882420689125313,9.15975186997402
224.41145977861103,171.590440761534,12.859111170535325,9.200550970171829
225.82026091447113,172.79659813877709,12.833416658627018,9.23115550552115
227.229520584262,172.9554056455774,12.807721141282466,9.262643469700135
227.76621705669677,172.76922549592055,12.782022731540808,9.285772257304515
230.74739326066424,173.10286727602917,12.75642923247204,9.316930921659766
233.37712078622965,173.2546355691587,12.737144057312994,9.362738993798853
236.17732338610926,175.68681646124307,12.733638921259463,9.395664765372594
241.79662469330535,173.57180960034816,12.70451670960983,9.422123336133925
246.0127958089649,173.03148344740325,12.679048730475142,9.451916360500702
249.34776572072923,171.43136643429656,12.666463751628841,9.498666512917154
251.28563131629195,170.17579441303855,12.651340684410835,9.553059931128475
255.16138605407164,171.5605076652292,12.635641215249022,9.596655247255338
259.04798779831333,185.10350327225214,12.60871804051964,9.622645131348666
260.2972459714248,185.97731102575747,12.575019782555508,9.635613973094298
259.0800420356731,175.23153176442608,12.546747544765603,9.666674400487475
262.96249643311313,171.16118409790266,12.523335578042957,9.713986685915135
264.0329773497666,171.3206541034888,12.49618459322735,9.747348482824737
265.1029621246066,170.0667255975959,12.470796116464788,9.788194242873411
265.99744282088113,168.45877989538,12.445372874674486,9.829716975939675
265.652865883521,168.96596922938508,12.42853714497802,9.874322714554777
265.48076538480433,170.00412324384288,12.419273910255157,9.918800078576284
266.19544929125163,170.33449818579257,12.406097737365984,9.966146014679598
267.43921976407233,170.66526135548986,12.400877875119313,10.013854270540696
268.1493527266762,169.57388666390426,12.401872097945413,10.064713431661113
268.3254405645016,170.98178792085548,12.405856233536603,10.098189407693734
267.9689976312257,171.33504309817886,12.405207802938904,10.105213350196431
268.3370424259017,170.07283928564786,12.382861324728534,10.131520086262578
269.6006614129547,170.0594292697122,12.354299482524445,10.158340118133905
270.1505595504523,170.04208962474922,12.325345529750148,10.193019408059875
270.1660185612462,170.02680139795532,12.294427508162336,10.223595861647667
270.18193014266353,170.1915976289167,12.2626043453276,10.251082756016084
271.089388196055,170.354141333355,12.232845609478815,10.283026821326324
271.4579748557786,170.69476424150244,12.20984712679601,10.315955841795926
272.0019031150799,170.49625643567697,12.193782173156956,10.35570759845904
271.8206965887955,170.65750072191895,12.198536983579915,10.390877268120871
272.5365180918479,171.0022740581266,12.200102439541672,10.417934826738737
272.35083426806636,170.26525340867025,12.21270534403438,10.456917153370227
271.98601596661615,170.06117035139664,12.22315738997754,10.505490989438869
271.7857017627184,170.22578780625258,12.263244465650553,10.536797411849442
272.85537019488453,170.21078637663146,12.293944618333724,10.566800271091681
271.5605534311425,170.19537308709144,12.345119779375993,10.59762685017169
270.98527224135876,170.3542792302669,12.403881672128435,10.643748059425798
269.4923557664547,170.71021947397685,12.464947932754756,10.6630592443014
267.82180669413816,172.17260684746907,12.504305227576182,10.673165252705012
266.3263114209138,173.27632719546685,12.5542005700305,10.671545959705249
264.09689845205,174.9408306709438,12.592373816459503,10.658028527225282
263.1556238833906,176.79478680761423,12.631108746102228,10.637744669236794
262.58463747817757,178.08802713345253,12.665972021653014,10.63451959893568
261.6429728572891,177.54168318628854,12.70166961233455,10.618628502606429
262.01645867543454,173.82762539866627,12.694344457711468,10.650279261172784
262.7568256588195,172.5220268053343,12.6945034287671,10.669913806642086
263.88000136663356,169.54035909380363,12.671418190354489,10.704539423795056
264.4481580030835,166.7427299070316,12.647345874656876,10.738593011328142
264.4528448893246,166.17507103921676,12.637972102174665,10.761137563286836
265.0066271722367,164.49879269984484,12.643838731453869,10.7734006567203
265.74292003480804,165.60452133093392,12.656988012619824,10.790545904005105
265.7365619429582,166.5158725054017,12.66970419631962,10.8274249023528
265.7265899534462,168.36390017087663,12.689648175343516,10.858485680029137
265.52936565002193,170.95181814529911,12.710571520145177,10.912003399840696
266.4471495076184,169.98451280435538,12.748591833343365,10.97302605333701
265.8658266995267,169.77652591507785,12.782344331559692,11.012702125903061
264.91276011736676,169.2054200323489,12.801148302351045,11.022516375243889
265.0901572866169,169.3785276266889,12.824271781151367,11.054219003864386
265.46618770144215,170.68315014024066,12.829793382311289,11.096512484597817
265.81613384277085,170.09546364968466,12.889023633679466,11.13320166467158
266.1671035295334,169.69838485206665,12.949241211756974,11.165202308305052
266.14613778183815,169.66149732833026,12.9911727071475,11.23897735577784
266.32279645219427,169.82389525659397,13.022237622034964,11.298563754850075
266.8993997908745,170.18282895658476,13.02652137838496,11.35235664400883
267.0974544613914,169.37065729538574,13.017178144078516,11.42963553949706
266.71398804146264,169.52663929566287,13.008375533719015,11.505539264051347
267.3040055383767,168.91083271177084,12.99520345501376,11.570289516712501
267.89578707629255,169.2729266393992,12.98101511902872,11.625684821353461
267.70409712861544,169.05106204682713,12.973933684182311,11.678952676296946
267.71386367560103,169.61339348083385,12.954400590211067,11.72791213415605
267.72389376893796,169.3933397870966,12.934340403537288,11.776331137976191
267.92833550690233,168.97524387043217,12.917608524590921,11.828219777340207
268.32845314964084,169.73723499118972,12.902817239411503,11.875125536420384
269.3155644685721,169.31357494435377,12.89480562266863,11.93596122164444
269.31845987306787,168.89277139180706,12.88901481367716,11.9893849866774
269.3190352251305,169.45793807512126,12.887864109551847,12.043621344423183
269.3223163635076,169.03449452729342,12.881301832797675,12.099094521148293
268.92807487626516,168.8019198957035,12.876802067183316,12.167752414278526
269.12856765084524,168.571102623564,12.873334965652623,12.23186851092805
268.3372802626781,168.54772105455694,12.861956198154115,12.278631648942172
268.3402284061778,168.52429437368664,12.856059911154718,12.325485010682765
268.1392603173313,168.49965527790397,12.858285680456179,12.374763202248113
267.9401571173141,168.68782982960911,12.855960359763527,12.398945819564968
267.94989490724316,168.67515554347892,12.836484779905371,12.424294391825335
266.7517183802607,168.26472433352524,12.826976605913885,12.443203069080598
265.7496339096175,168.47117673233578,12.82550630728044,12.43142611944349
264.9434927107031,167.8813851288189,12.834120964774149,12.408258521225914
264.7413139212668,168.08864149363788,12.8377946452691,12.394429689965435
264.3500050348825,168.2790485124609,12.819369393672142,12.41413716450223
263.7606319274613,168.66228802091328,12.79648249420885,12.448746890467849
263.77134810487905,168.64092747455533,12.77505013937331,12.491467983183783
263.78025016205595,168.62174842648037,12.757246025019514,12.529826079333688
262.5746782432829,169.41869887167744,12.759969543296787,12.541538735118817
261.16757821748746,169.19967911024835,12.762739587335302,12.577945399755187
259.53542115291884,170.20117103286475,12.809007309619123,12.58624055880581
258.69951849251765,169.98337269096982,12.868329636690557,12.618716494162944
258.06476034050297,168.95907168641835,12.924114948136387,12.644433515626753
257.8239322926186,169.16255164647254,12.999901477417533,12.643343162006
257.5969386384197,169.15810670616412,13.046837198667893,12.652233042622816
257.19652002033126,168.72579378357793,13.031803209028093,12.700987661978525
257.0080242360836,168.29968493988346,13.000320355483261,12.736256505287164
256.62341879362947,168.68427363513965,12.952456169808107,12.784154185358227
255.834351964886,168.2552788943025,12.8964249923179,12.82506124954394
255.65524208330334,169.87933377610815,12.84634186448239,12.843374613939375
254.84089827795438,170.28603121625937,12.843833622093793,12.8455776601802
253.60914234126767,170.29124263181276,12.860580781339621,12.835154829073405
253.3827264158258,169.89440337491757,12.905518169619,12.813044417654991
252.18281297801187,169.47367126144405,12.855807736072224,12.837996208210411
250.37046817379183,169.45610727840997,12.809722925583191,12.87312417427859
248.3541744122011,169.24114503753646,12.765414312117674,12.895359042360933
244.70159322733838,169.8301955137273,12.738488446915277,12.939272795800617
237.13628432185547,170.43329597795773,12.787679807297884,12.955890228197818
234.86368584183526,171.05372620878762,12.837708180221288,12.940984835751777
233.61025010297786,170.65275679049094,12.889316232632929,12.924502530577406
231.75963539688402,170.0293275406658,12.902625797716427,12.942054414526284
229.9227738872649,170.23505156634977,12.884020127958781,12.940865106380182
228.68553173944068,171.49185567576427,12.898838080332757,12.88692323082558
227.24844161349858,170.87621239119636,12.907753339580006,12.890239088831267
227.0354584639008,170.68581319401426,12.924201923919965,12.861519768339853
225.3934757598987,170.48762617379657,12.933586094720159,12.84857115412473
223.95782315900075,171.51116486803363,12.940030537386445,12.847822879314625
221.29572516127007,171.72187114745188,12.942596616913889,12.835766467857612
219.6667240207716,170.0730958287342,12.926956682075305,12.859674889457462
216.8133304260819,170.4770630893101,12.903025131875483,12.870414473959817
215.18658466993222,170.88509789347896,12.883493399336087,12.872600676831794
213.55029255772178,170.6719099627445,12.88525655194518,12.890123904324193
211.8857332779467,170.67156668405903,12.941104763660489,12.89081046169511
209.60076880623842,170.8998413820408,13.000417290630685,12.84431710359033
207.72104069718893,170.49445712061254,13.067552592933817,12.834569867381115
206.4567858390812,171.521373526583,13.129062665168961,12.836570092090394
206.01532236325573,170.90026645007455,13.187644759082524,12.842266958501149
204.7590033538802,170.67699216253195,13.221141103416596,12.87562525451688
204.7465520762173,170.46032729522057,13.246043658742312,12.894703442666655
203.08621011445513,170.6528321476013,13.247132307886336,12.924643147202717
200.79424381858493,171.25019313072082,13.261187329595941,12.976251427335747
199.3367342393531,171.43685003974673,13.260794176875079,13.019425082310265
197.26533359559895,171.61982611893455,13.231912613031403,13.070641209069786
193.9293462931599,171.59057200684467,13.223483657345819,13.129149433249552
190.55624875281487,173.90983043455032,13.276535486533778,13.09216856324601
189.89858207191287,175.59263839870223,13.336144730549515,13.07515028237754
187.56113609173437,176.86287866542287,13.3993056526878,13.050159406146468
185.04439298645903,180.01619047056028,13.394589173681192,13.041289157818264
188.3591760401919,169.7267433030133,13.479172314705268,13.058101419412118
187.89884459535347,169.2855687756543,13.557355097611742,13.097970367359721
189.17414015888536,169.66646958574484,13.545433538493608,13.182391936493886
188.9430128408796,170.04568108952148,13.583419882083547,13.27250551378388
188.7322049926394,170.42821431664706,13.578731225343132,13.36004776597432
188.09337119144467,170.38432344783706,13.573529422374296,13.447829503594361
186.56703739502964,170.11907117305276,13.623642668839807,13.549397717968024
185.48046667813736,169.64661264458937,13.640059728318255,13.63162502517233
183.27720129605245,169.59918681905393,13.717479010910655,13.726476676243257
180.18012205818349,169.34541141887323,13.812596580574684,13.798381697599401
176.83835198573487,170.00329456704253,13.92168037975137,13.79750667040483
177.4419857398503,170.4478000813651,14.034454047850911,13.788523092646644
173.24401569099416,170.23690928142454,14.038889636401864,13.768646560466625
172.38691677067834,170.01805139542856,13.987438922653723,13.7649501938636
172.6236938895043,170.9069262233323,13.9544230635649,13.74935405230845
177.18642467421876,169.34745011329127,14.06407332008413,13.789935663741138
180.31220771211605,169.9690084270506,14.002603159890059,13.873268160994012
180.550556381868,171.2748543911531,13.968406668852417,13.916581323586705
180.7800837151691,171.02743247260514,13.951998552675462,13.968778610257392
180.538486010325,170.33384374643418,13.991979125676025,14.026311552536454
181.88891482326733,170.30802192514267,13.959697731604187,14.077955195119477
183.92466655223916,170.06108897584988,13.893816803869592,14.126751923681876
185.51669069445072,169.59620825599325,13.823334693300179,14.166923028008359
187.10029703740585,168.68475763050776,13.766288893976961,14.212586058072453
187.09857070532408,168.6614869566168,13.769741558140502,14.259127405854347
187.05082462621957,168.40038101218894,13.865233716349504,14.336425274486523
186.9996903393001,168.13800701281946,13.967502290188467,14.41351506887494
187.8719069142971,168.31443897885407,14.025097253071353,14.511158165024936
188.28090907697361,168.2913799009477,14.113030526646817,14.557276320837653
189.20717069505437,168.49153454978187,14.080905128042081,14.612066482558554
188.0193946702211,168.70891580349996,14.179189775191533,14.632757455625764
187.748193479579,168.24290821818636,14.26424479661397,14.650077906529484
188.3942793998167,168.00614665819228,14.349002034022124,14.664624667223114
188.36538046836085,169.38566502511418,14.406799896933839,14.668924305024424
188.56221595911103,168.21385981242352,14.474672804400607,14.704815285570055
189.2239817176192,167.95831770037063,14.54071761332429,14.752707401029154
190.34566901805243,168.1525353125288,14.622349482585898,14.82927347073845
189.13917948846432,167.90912138169395,14.697765104720103,14.848588644999705
188.85852482894978,167.41935873104072,14.790056642554752,14.890078383917384
189.9698232478641,167.66157833209493,14.923171167484034,14.876781454360502
192.02283386901755,167.1997072322283,15.074552910817937,14.854434101729186
192.67978292700707,166.71829903241724,15.185924943680604,14.867070402123474
193.11275147399067,165.97396513462533,15.274098079357842,14.924572853240702
194.82290869272754,167.1361329103834,15.209347584826782,14.997068689540821
196.30187681956568,166.62268625996353,15.128376616882333,15.064973561803233
195.61610990074507,167.78127609566675,15.062042085877508,15.144241171473562
195.38851958688477,167.9867501497656,15.037728134311614,15.212787642562297
194.16752110301013,167.71975693829987,15.078749174946724,15.266578880070995
193.1692534119503,167.701078437899,15.14848477720073,15.303935880872714
193.59716081185172,165.5297830306561,15.259471288220185,15.295920796658242
194.02481669469893,165.29807901436828,15.37423290298621,15.27429213900366
194.45416068026748,166.26604966541473,15.488573997326696,15.284408967866025
194.63952948798803,166.50144592342156,15.60632455281873,15.302104622785453
195.07737214814054,165.72635955282132,15.711909320299455,15.380372232307252
195.2842668479461,165.17096001619717,15.791672383861089,15.504066379210025
195.2261873478231,164.11922176307812,15.907831384107109,15.620407332170133
194.67256034485862,164.81247474428034,16.014136108469895,15.73532529211496
194.64715529085325,164.74613049742,16.06494621648061,15.868013785835625
194.12870318903276,164.46013161111176,16.0880465437401,15.93310962026143
194.09119719685282,165.2002197166319,16.1630585281,15.977842028791295
194.0844809643765,165.41415138486758,16.17649099305263,16.06018176953094
193.80938295383106,165.3732686653456,16.214962382556052,16.141947208574873
192.76169766077172,165.06675246084566,16.255797886094797,16.24134584692977
192.72338377107613,162.93773570607567,16.332425665485992,16.37249808580758
192.1589276913608,163.16571424345463,16.423021067355663,16.43569938983019
191.85924166114182,164.18934354057652,16.500793291349204,16.474840141363746
190.26174639260682,164.17833212967815,16.555049721285318,16.496862963160453
189.97781855966386,164.16905636579818,16.598239004760753,16.515414490920413
190.2240145954587,164.43312949504508,16.63149318567293,16.51291448492852
190.21113001111814,163.91264907803716,16.65726235435401,16.50160727724896
190.20516291428402,164.17067443151865,16.66919654802231,16.511919562073246
190.73400867035355,164.4179663216645,16.664937243527152,16.544051885603487
191.2748097538823,163.62117053419087,16.63765339060251,16.556165989351406
191.5526585526716,163.60684599999144,16.608874613938006,16.584815057750305
193.43080300006037,163.59340918699652,16.54100554885304,16.611688683740137
194.53052196566748,163.8702588841861,16.446632001794622,16.584255385399963
196.17019725314177,163.55274289372647,16.313271667381105,16.694955659563345
196.7605276080642,162.705494593558,16.18053996001826,16.817558756177196
196.77631597595922,152.5512088360647,16.148963224228247,16.69838568812309
198.3688905111045,154.94706907632312,16.09222247447323,16.599277688409543
198.13498971978888,154.99903133078772,16.041094027511612,16.495353179480315
198.15842736847932,154.02587711469363,15.994218730130749,16.375774852805186
198.46417432738826,154.05530742030314,15.896557816993175,16.31691424158618
199.26898622638703,149.96081757087208,15.820973370704479,16.32435073133417
199.77535013464808,153.84780269097465,15.828765528198586,16.20428029625022
199.76233965766932,155.16499522877172,15.854786482156088,16.112317606186906
199.49450266845452,154.94741008400547,15.883018198534446,16.040045633668093
201.54754320182425,163.8185453445319,15.83090280839993,16.033874947761852
202.1017419787987,163.76558706647387,15.734144172531208,16.13979150387794
202.90225239522468,162.95657741750918,15.650995164668599,16.239938976818
203.43657180829643,162.4278646969145,15.594788239027563,16.284932517504874
204.68625146123142,162.64157671432233,15.625578990479191,16.36353849415355
206.4667355764763,162.85289763080533,15.61894831383956,16.448659168880376
206.9837296764661,162.81844490090143,15.602959674766236,16.51756462868818
207.74606098819638,163.54379178645195,15.607789595245647,16.596363401527142
209.29003127126987,163.27058134381826,15.586748822699942,16.631634321194287
210.83044857237533,163.23277665887878,15.574127859069055,16.707243691073252
210.82720066643327,162.92542564353988,15.580623670953164,16.809588400697333
212.10339469169296,162.90140826563027,15.598593948850892,16.857623156516567
212.60105950987221,162.64207047995194,15.633494541185295,16.8611836135268
212.6020924159465,162.11521450777528,15.631428729036761,16.88343467160812
212.86719227343403,162.38212176248172,15.617276312115333,16.865667460248936
213.40494990846108,162.63734353019706,15.57284315470655,16.870764981140894
213.69274286076296,162.38173685445435,15.512166185253042,16.867069397476097
213.98525543532045,162.63998895404444,15.441018799853568,16.864442962011434
214.54609298861408,162.6239605771447,15.344733519659819,16.896499715810926
215.86498392262655,162.09904881897484,15.265211501057475,16.923019292381593
216.1731740455888,162.07247707355438,15.159620967667317,16.976162783222502
215.97712890528132,161.7858043705675,15.041787879591853,17.03958482050587
216.5418238803209,162.26467938545045,14.930432334850794,17.099869196078018
216.5918554353849,162.25220386300052,14.830369224722787,17.124820240977886
216.87912554307434,162.52568005854022,14.762764357777467,17.08480319833205
216.9211679210866,162.26142822096529,14.678679601752957,17.108088819844962
217.20839573243225,163.01673631137652,14.608444908740658,17.11013542805941
218.50754903371674,162.7409420498629,14.525717153401878,17.15860818164063
219.29893642621656,162.20726570448792,14.450532467257023,17.220900806487453
220.3374185665301,162.42092480552623,14.382685649991055,17.295861970251146
220.86860705662886,162.39955151968596,14.324993309627057,17.338608541931727
221.39926101136112,162.12009241441865,14.267821538409471,17.395458683342838
222.66230872084046,162.62570184704495,14.251824717418248,17.388279257277198
223.91757014672814,161.62293827435738,14.249541683446486,17.387214548409418
223.41686298743497,161.36800176814583,14.247767432726551,17.39549327617939
223.895498280691,161.6473570696342,14.293884361438074,17.338476430814403
223.88576857543188,161.3991489590867,14.313343771956287,17.333332656859227
224.1161496619918,161.68489877550073,14.354378317717876,17.263629742912595
225.35192945477075,161.96820027541528,14.389727350408165,17.198408466733124
226.08595248396634,161.74192529703006,14.424509162985265,17.150015799847438
226.3324853328381,162.2527379828797,14.432198316084946,17.129900129834652
228.31941060327367,171.3047546734134,14.46288177171211,17.046269733009282
228.58947829581632,171.83047543110402,14.422509346662764,16.994354137699965
228.6129445210826,163.6247355460307,14.375576896130239,16.961918594231022
228.6440507627094,163.11251675135156,14.313364412876602,16.992286446019147
228.93123801204817,161.58863267808476,14.235488421457264,17.061063549003755
229.47313491097248,162.06180145120337,14.144301665851957,17.107333045009877
229.50855222977447,161.78609652918965,14.073467028247988,17.163202876087446
229.5399904287001,162.24587316327262,14.010590630396756,17.23415800014653
229.80701695991806,162.2285281587388,13.971867284319487,17.26884800921412
230.31895004444718,162.2168000708537,13.938472401858624,17.292304184984324
231.06798404370082,162.21373639548347,13.925566352889733,17.298431535724852
231.290146481802,162.9590715118551,13.976179682568333,17.29257592062439
232.73644394777116,162.4715620169227,14.0576247656612,17.276248238812116
232.16889345016506,162.48172295495047,14.199229127517194,17.255926362756547
231.8350566779029,161.98314990268645,14.368163456946066,17.255594037093786
231.4944590173322,161.97358930710135,14.547877873445938,17.274715228263993
231.65518811565653,162.99119933209144,14.731115505951127,17.258278494899358
231.5770881825166,162.23374752416856,14.88731537223103,17.250951781945208
230.4664194163026,162.49266443583238,15.06935784248557,17.242941724160946
230.36868050813905,162.7375054622538,15.264835658812668,17.265900008087176
231.33685154842306,162.96984348405832,15.393105462919797,17.3173769356469
230.01510848206496,162.9612753595747,15.441463596247008,17.33451318461411
231.31905375278936,163.21938541384506,15.433937079919176,17.338365881097605
230.82335596105838,163.45887333706048,15.385308889900058,17.379401921407325
227.11855004004383,158.58285029798301,15.516734083635821,17.253908976878424
226.54032944446104,158.64520717023242,15.63313160199363,17.129195232379647
225.17779774377433,162.31618372094752,15.758513698000229,17.066349785976502
223.02523652139925,162.86706778301237,15.895951107714746,17.00650292060571
221.15396165375,164.12229519230672,15.982954781724825,17.107152431508794
219.3191599820083,162.2408663918778,15.976170089978766,17.193621997137182
218.7934498534105,162.7310134952291,15.974689286349994,17.266228851259026
216.97897787022626,164.01465458419773,15.91065129798268,17.336790926704428
215.95229118575307,163.73430657725177,15.853420896216228,17.369835997918145
214.67215041658892,163.6941634000651,15.777445839046688,17.4501223522915
213.1396984080028,163.6509478514199,15.67860699119953,17.536553449581906
213.1713256383484,162.3173067381191,15.615352530508348,17.568560761120136
212.42513410917496,163.0718995682822,15.528123390758742,17.638987298890427
211.3999924943599,162.80955928587719,15.473475350527213,17.637435046234973
210.06213146513863,153.94020502725186,15.522563140789945,17.515030539862785
208.19811518566533,153.2222439779402,15.581163751451804,17.378338946364064
206.91544791195386,146.14732651498633,15.531457004153578,17.406950880777657
204.60015555141345,134.66994793031887,15.458135775559628,17.364834518369303
202.55411427268862,134.1548730876815,15.3836903355821,17.35335220428724
200.51660887484826,135.1851039462227,15.30320635318548,17.370637876243507
198.7579937485565,134.62962382417967,15.19156950274377,17.444778948036603
196.7298250608805,133.287607097018,15.105778658480006,17.53998226510018
196.5167874104765,144.11457456799153,15.013989213937275,17.636366627883888
194.7546672297186,145.6188518303214,14.913064108560532,17.735096789132072
194.8059074574509,161.63786101507893,14.810583653095952,17.799490171842294
193.28679861937903,163.47618694154912,14.746095999032862,17.742661204143204
193.0465022427034,163.23365733953443,14.711501738502228,17.712533394290695
191.21976039468166,163.2544127917104,14.765886991053604,17.67102248993876
190.9415378278836,163.5366952873713,14.807936486951535,17.62085313631521
189.35833591705915,163.82529689553445,14.888549902602357,17.55794832098854
189.3298510151567,164.35698476304165,14.94551970640727,17.523826918215832
188.51539366827606,164.11534244138042,15.029377586206875,17.492092623551056
186.41563140344522,164.65057538489248,15.101846061765984,17.453390750052577
186.1165265336868,164.11871097303808,15.183605278121808,17.484218527439403
183.99868078978113,164.62245452846471,15.273272379046354,17.51323751330777
181.89244891255325,164.59262346544676,15.324499079585367,17.57289963934366
179.82360088749456,164.5685992008911,15.28688599276654,17.620948168454998
178.83032925610806,164.51445785824905,15.185204931999813,17.729230853739114
177.05626900796614,164.2049469400577,15.07862452009359,17.826152560380386
175.0127091859472,162.839372413698,14.990682296383573,17.947887945757373
172.9289850517272,162.2884518119056,14.979341421123452,18.005031863417177
173.39179833728357,158.43454792408826,15.099819167267803,17.867057259623706
171.76441984464662,162.08820624832143,15.217398752371256,17.879821211555118
171.67952860998903,161.53972815389025,15.387181221686435,17.926842656088127
171.34069884033678,160.43215329006136,15.53639165104181,18.028195943949303
169.6883744121893,160.6516911889485,15.646380062417629,18.12156355366157
169.62472398982325,161.13285287380253,15.773680907149672,18.23059706295267
167.65937486796824,162.941526976148,15.928315549588191,18.389312459533226
167.57190587435167,164.58857750846204,16.103253536821367,18.36169423387414
166.93813038781897,164.61133943313112,16.277188438825895,18.31617038453594
164.92570211194757,164.0675673323817,16.45973957012239,18.305913037335824
164.29814327761162,163.53843467646328,16.611499184508265,18.260820294886614
163.95677598742816,162.74940361436393,16.740822374240846,18.178648247182306
164.4646248249467,156.43717680842994,16.83351789473274,18.05658011046715
164.40893373968152,162.29039896797124,16.94490006526306,17.979142639552386
164.35133542180594,155.9733901566757,17.06009670101423,17.863685547625074
164.29665898122656,155.9992578736291,17.169449582172987,17.81195011371829
164.26163869540133,156.2796754496469,17.23949015382346,17.806387205395968
164.78771158065385,156.59530323552758,17.299946184938886,17.731432534444856
166.14908201072527,157.4327922888275,17.35759671698784,17.7246892631601
166.39535488715862,163.56125969390578,17.421940222853795,17.719318145121687
167.1889545031624,163.29212624596488,17.508224913615006,17.699757066747196
167.4231840902742,163.00471605693053,17.598655765017853,17.71568741918945
169.06518061180742,163.00608410035898,17.678140816510417,17.712951332332604
169.5785907879987,163.2791064632969,17.77491783861814,17.728705293701918
169.53501374188193,162.37343367797428,17.862071930851705,17.849295998610017
169.2264870369694,156.43541590564536,17.91224253270675,17.820792575896355
169.19480121067585,156.74473460816117,17.975614185293832,17.769381475843808
169.7948942643334,161.7770045455426,17.9102566786933,17.918299007512346
170.12425706129972,162.29076094650082,17.82027413842733,18.028272312929218
170.41769377809723,157.21618842235944,17.80245873893748,17.93437274731909
170.41661260105857,156.40403076680374,17.80462109301479,17.85682983378414
170.99568949951762,157.00864351537822,17.778647864782418,17.779784905320927
171.55763050266899,155.6381303701938,17.783676101873624,17.69853558720508
171.86223411481222,162.1170314020846,17.737713665746835,17.695363651096415
172.16160611819205,163.22546054837824,17.70143478746656,17.728365872426703
172.14611335929118,162.66707490998445,17.732420305268306,17.720310801919595
172.12138316460107,162.37251368042823,17.78188069464851,17.746656057203325
171.8457283864832,155.861497020941,17.769209767182044,17.797138251025164
172.12890158513198,154.72366625628965,17.767444095597078,17.814476877477194
172.12425502120738,155.2940118363203,17.776737223446272,17.803441422343255
172.09547353827932,156.1532630086036,17.834300189302382,17.779339908778184
172.06049048904694,160.0615914528559,17.904266287767168,17.877321474018878
172.3097286069754,160.30336698142744,17.97378749990568,17.961767864871227
172.91936351594842,156.8105689417027,17.895400809806734,18.10206517723789
172.96573189666145,155.30338677612883,17.80266404838069,18.25931938381124
173.28477476255287,154.75206252763977,17.73701551655319,18.217093480878727
173.26293062020252,156.76513427814035,17.780703801253864,18.18601499674575
173.25081237789945,158.16319338733894,17.804940285860006,18.2445334823286
173.2526237033666,160.12266013408515,17.801317634925763,18.33127610976016
172.9729519115278,160.11135126850834,17.787107036282926,18.353893840913756
172.12302975602685,159.48455945656323,17.765894972691406,18.46010654840843
171.5503267914572,157.65286994844146,17.76124862572545,18.673328736336135
170.99723634454244,157.5764971910539,17.710792591409216,18.826074251111276
170.41421674213424,156.92514337488956,17.71699117147167,18.968941258685952
168.3412159078255,156.8974346163002,17.787105445667883,19.02435877586469
167.16299559618398,156.85701093067468,17.806487880794577,19.105206147115737
166.000565783172,158.2663361173796,17.787957230160963,19.21579361952784
164.8176831824466,158.86455018080355,17.80456035099457,19.193946532988555
162.78974417345952,159.13751393634675,17.749947504103382,19.235232002597154
161.6723947169541,157.90307631027704,17.636699112735183,19.35615995035757
161.43728239770942,156.11710002078442,17.519854622907168,19.405697759438567
160.3401171643884,156.91293419049566,17.370310360124055,19.571935467084952
159.53993585964693,156.52641555413177,17.212176467861703,19.758807239230908
159.3121438042244,157.3496427081224,17.081225269097615,19.871958860076976
158.20236324844663,156.42380859473195,16.956051595623606,19.965075998085684
157.3902460888949,156.09974379171368,16.82346354404926,20.02759814722963
156.57001646007325,156.36971345311736,16.710632742276843,20.07208884422755
156.60205285576816,156.05589419258462,16.646559950887045,20.116438083019183
155.40520886034227,154.92696597817667,16.70850201683982,20.0425485869361
153.93543788973636,160.20126456607215,16.73406505446997,19.984275464039193
152.74772306479292,158.77555106372054,16.780273101600255,19.924175465296653
151.54657425417187,158.82847914350762,16.854087255890754,19.818319305722458
151.49010915079376,158.8593916710453,16.967017462646993,19.756494250647094
151.14199120049327,158.61475897573501,17.080717694151755,19.66322397217148
149.92262818268335,158.31413990199337,17.18776638436071,19.681542783301982
148.74208531020244,158.25308073426584,17.20911412955535,19.80366111875707
148.4572498942705,158.21046353303925,17.191598870593506,19.888895521210276
146.98954670099334,157.8886299500491,17.185839954610124,19.94432962668298
144.9631761996883,157.232780357407,17.115549125662753,20.078019717236522
