94.1,114.1,11.4,16.2
94.90226345781412,113.60203876634642,11.414410440192947,16.195922467307113
96.42820278304178,113.39459301296286,11.419199204579233,16.174147200525457
97.07949836677726,112.95852422104963,11.425850407896757,16.1734565371596
98.83546506376638,112.50708688313703,11.406029361479899,16.203303126094454
100.35230597505367,112.4851140907661,11.428828344583144,16.247248710836324
100.78014250497968,112.44966120969761,11.44853361572573,16.318154472973315
102.52131625886025,112.2017166077226,11.47896918276102,16.374945792573744
104.07245226127097,111.94632998301599,11.459984825910638,16.44524937799112
105.61819145158246,111.491179302619,11.457084463812784,16.473099876349348
106.03644846610563,111.72996915276427,11.503773362532002,16.437121639941576
107.78904614150174,111.7355578789995,11.533217013604993,16.425944187471117
109.33939890433027,111.71895940633016,11.527554045786987,16.459141132809798
110.02273976092766,111.47086567280226,11.488555107049491,16.512767675046476
111.80830272212923,111.2299294953004,11.459264784438755,16.55191058007616
113.3672272385916,110.76058327836961,11.441281824079633,16.604926993204707
114.71358838196161,110.50650738736638,11.40863247768636,16.66973328515337
116.29091060731892,110.26090724162944,11.360497920187983,16.71714644902493
116.53741295384383,109.79107966533803,11.31119797959829,16.76939209668747
118.34199284931813,109.75969090692904,11.251438169859515,16.83216961350547
119.03745830123509,109.73300717320035,11.1913931016946,16.885537080962838
120.39443002704138,109.71464545277405,11.138045897130098,16.92226052181543
121.95952140999395,109.48448457529868,11.109529180454278,16.939487126876283
122.64175421094924,109.45299738523921,11.07369697879107,17.00246150699523
124.20410049883331,108.98423815893888,11.05161236198259,17.053520542750285
124.44161222058867,108.07734926168423,11.020220133685028,17.09277347640698
126.23290453080412,108.04377869276867,10.987212383312785,17.159914614238126
126.91017882114576,108.0225089236893,10.965133275176866,17.202454152396857
128.696502931368,107.77557852976301,10.947903333856555,17.251887655358903
129.3701583926177,107.98244545118808,10.935242431487142,17.283037152552073
130.04991861993932,107.06927182340053,10.911142124596285,17.328824211124086
130.48682024684018,107.06344021863269,10.92818763228999,17.340487420659745
132.262009074642,106.83422491861621,10.944912574648631,17.35303019594741
132.71367741648564,106.60179214010208,10.934294112482913,17.371536642214934
134.50628033166964,107.0328077151304,10.920761446972895,17.402423783372775
135.19155354125806,106.36824336254925,10.890304757434295,17.39146275889684
135.65274375772623,106.35508149435388,10.859958795859328,17.41778649528758
137.45770358838791,106.09918578654997,10.81725130045706,17.483676390155264
137.70229280392937,105.62103361700157,10.774245074622964,17.547636318754478
139.27654413886353,105.59724088000917,10.750593475600235,17.59522179273928
139.28848881197143,105.80754950245364,10.726704129384414,17.62132715498339
140.86138861572698,104.91734957807984,10.707877141063397,17.61488550705092
142.44193167403589,104.68238602530039,10.670852049640684,17.638518180439092
142.44960251028905,104.46691231600732,10.655510377134373,17.623443822502693
143.8010048987212,104.69333784002205,10.625915899257008,17.616127824304417
144.69266613245563,104.24819848518149,10.6222855696921,17.61656046503355
145.58216701789186,104.26264150567734,10.622755510884538,17.587674424041875
146.4671523689426,104.29161623718295,10.630552757695314,17.529724961030634
146.90538471928176,104.31714553451975,10.641495078001812,17.478666366357025
148.4703234075045,103.4485797337116,10.613468392840614,17.443311858668004
149.80702410861014,103.47051915843261,10.592757113768414,17.399433009225987
149.82355092955018,103.48726116132924,10.55970347188835,17.365949003432718
150.72515542459735,103.27361440392735,10.516657483353631,17.353201767846585
152.4954056050802,103.73399725429692,10.48911192111301,17.310674766788747
152.93379538871523,103.31306639371172,10.48835865521308,17.276510186589054
153.17067441485534,103.33206314744487,10.452087532072344,17.23851667912276
154.92754687707045,103.35058210881905,10.42874999063423,17.201478756374406
155.15602630881025,103.15015333756378,10.407139699787427,17.166987726252117
156.90525440966633,102.2789797137976,10.384393791155931,17.171479827244145
157.57147807623022,102.28730444948532,10.35438298966471,17.15483035586871
157.79497470929746,102.30826596953071,10.340775962123478,17.112907315777946
159.5342457761104,102.1039371162141,10.322438492302695,17.089039439435524
159.7610555894171,101.68739275541526,10.300674774947408,17.05841634251681
161.2646024500277,101.70501895421401,10.310767396243543,17.023163944919297
162.77335071237204,101.73593361039434,10.307948045538947,16.96133463255865
162.770450169774,101.77142733719305,10.313749130734998,16.890347178961246
164.27157031466464,101.59853497010111,10.312563792112883,16.80740977726521
165.1317400352887,101.21101843395765,10.302042509275607,16.727533770346735
165.13274704436566,101.24459399232555,10.300028491121695,16.66038265361093
166.62242556871803,101.06428835236619,10.29587858363946,16.595964341926404
167.69112552360784,100.6724949434751,10.278425581502724,16.53157239665144
168.75127256540844,100.90926541697195,10.27175398345482,16.480755946768387
169.39787888284013,100.08560781304449,10.2440798825581,16.44068644266778
170.03975742912752,100.10541631656119,10.222647573356078,16.401069435634376
170.2640205768179,100.11831153173341,10.193937216771365,16.37527900528994
171.95542014393942,100.34275501660792,10.162676646558804,16.345334356044727
172.60216081560915,99.1023126475327,10.123084276337945,16.31844114795801
173.0251975562978,99.96758264724231,10.110788307627779,16.255456173873142
174.489225160863,99.78495442971466,10.092858590586193,16.204980395772907
174.70749743123548,99.56038659242051,10.070982867842478,16.239447252359966
176.16350502331747,99.1262911401999,10.062695964016152,16.278001505276166
177.61429224631001,99.29997020078801,10.067932889016891,16.345902151383633
177.5861100848984,99.50793148353996,10.124297211840116,16.346349068960034
178.62531844346924,98.46245023808264,10.132528241441829,16.3506638131313
179.68740438025455,98.45639262407201,10.09602479459018,16.36277904115256
180.12033389044353,98.46326870113914,10.06436333355137,16.349026887018272
181.595696461353,98.47150734361482,10.028130967997622,16.33254960206694
182.02571376258035,98.26610991661698,9.999086247794434,16.327849514936847
183.7055260909073,98.49041935298234,9.95892146525741,16.294163126470714
184.35041363923628,97.47210762311822,9.910383091731955,16.262058714311518
185.81954037243193,97.24929414306435,9.859212980489136,16.295245195112326
185.84297251326194,97.4454111580753,9.812348698829139,16.315082934900722
187.30330793495344,97.22988154214143,9.772699458592605,16.33456765203325
187.31100002895613,97.03430250035647,9.757315270587258,16.31453202189215
188.54753367216128,96.85770154870906,9.748037814531731,16.25710228679451
189.98973239087942,97.08403454999176,9.7309242888092,16.2140482716168
191.0297546460905,96.48524959619638,9.694254716495834,16.185593216342276
191.66121043222066,96.49882150255237,9.65421826025873,16.158449403630307
192.08356324074384,96.50833029528646,9.622587581339843,16.13943181816213
193.71938760972853,96.52694860276944,9.596655336002016,16.102195203196164
193.93981862098912,96.32697839328503,9.560508399337639,16.09742053630818
195.35922213405522,96.14868406363608,9.549903752917594,16.049980284218623
195.55642061951897,96.1779226775131,9.558643753264143,15.991503056464609
196.96576837712325,96.20484248480318,9.556804701621902,15.937663441884439
196.96581329273533,96.02721096652061,9.556714870397716,15.891357804482086
198.1646658310849,95.85621629206781,9.564241108960795,15.83247526751067
199.17955615938916,95.6779964800526,9.535036480207854,15.788799685970002
199.5920651929686,95.10246568149134,9.507945592803582,15.742970513460651
200.99777884731174,95.10088192961378,9.481226665190004,15.746138017215765
200.99928694302102,95.11713496127997,9.478210473771394,15.713631953883375
201.603169859162,94.92482882598927,9.46105532962619,15.701373995085905
203.18670556827678,94.74720471524367,9.465143781494746,15.66022723281484
204.3762256553101,94.77664234143863,9.461181201628367,15.601351980424916
204.3689045010539,94.79839280869383,9.47582351014078,15.557851045914498
204.75946553223554,94.81558717628387,9.483678870985006,15.523462310734427
206.13861010063377,94.64214429726258,9.484122679022029,15.476243362372234
207.31948083579448,94.47366147535364,9.482793164471754,15.419807013561572
207.32488410285742,94.10850264270861,9.47198663034582,15.365063980115982
207.91436759794502,93.94221700056798,9.467590435423983,15.306111665979502
