234.9,192.7,6.6,13.8
234.55686145055486,192.35156338462372,6.605105785609314,13.815701917471564
235.82720060420917,192.18315547975746,6.61762214015919,13.833368394471817
238.22147693922986,191.22683242838184,6.623500882877911,13.828241932119012
239.49868907456042,190.9002169950145,6.626326858547485,13.842160237271017
241.5822775333041,190.09777254979866,6.617989428798339,13.84749547857254
242.69972535213583,190.09660053600072,6.621996085147602,13.849839506168474
243.98035583595453,189.77402553413947,6.620318384896718,13.855093693044347
244.62554496131642,189.136021395205,6.609923576681331,13.851118528404875
244.9493064539954,189.13480335865523,6.6019108972833225,13.853554601504399
247.03477735326425,188.97754690038252,6.586426214887768,13.84841697065428
248.31989483929524,188.50017921922884,6.570618617141585,13.84524206759326
249.28416135258715,188.50192664213193,6.5559622834140425,13.84174722178704
250.56661718448322,188.18788602201934,6.540417776824466,13.832486672711594
251.52902849521493,187.5521544026306,6.525166426346445,13.830902397498791
252.49073709345126,187.39436083902967,6.509574397186937,13.828518663481807
253.61005948413685,187.0772238891351,6.494563805482374,13.827468509080521
254.88612108446281,186.91612300168455,6.481504088480575,13.832287348525345
254.89321795637724,186.12100789022568,6.4673103446517315,13.836395980724475
256.0095870120358,185.01025894267522,6.453818917652757,13.8386471915073
255.38313744308326,186.1165176472209,6.439393564370181,13.843947641994426
256.6548002297203,184.37006075267527,6.429310348351151,13.853653189859987
257.92727749656024,183.5781476947137,6.417319567080817,13.854376960527173
257.4597100238331,183.73410025650585,6.403194272866702,13.85889191683229
257.3074085073737,183.73061104795076,6.391559584135043,13.865870333942501
257.3142422560421,183.40995271195973,6.3778920867981475,13.87491641422249
257.16301239043605,182.77605618410468,6.36432449830593,13.878600191114888
255.90542548708487,183.08650954795272,6.352759966535,13.88937804803715
255.75406718446183,181.9798728217247,6.339679992788022,13.892075447541549
256.5495597918087,182.77072676726974,6.326722261715551,13.888395040072755
256.55382782345765,182.14744652043706,6.318186198417637,13.873663748636483
256.55831199708524,181.0497949350958,6.30921785116239,13.864272934198262
256.5631116583912,181.8408235349689,6.299618528550428,13.855517337284725
255.15252043535034,181.69223904355462,6.291538196985061,13.83832378926361
255.47189353834227,180.60069543896188,6.280727574240266,13.82363645711261
256.1050336527203,180.29527413085353,6.268693845706864,13.80735582321802
256.10659825691675,179.52340366143443,6.265564637313859,13.785544259532374
259.54642199806,178.59688843255446,6.266096346028524,13.762162210655697
261.8917424385744,178.29373452968997,6.261483578345987,13.743666267938497
260.64366242737185,178.1410496249483,6.2612499423466295,13.736986870121296
261.8896683997618,177.0571652317722,6.264814892096583,13.721125873759815
260.79478839986916,177.37276277600276,6.272133649782919,13.713485425898366
260.7923823736376,177.0640379741756,6.276945702246041,13.7073464648827
260.4772304775939,178.00558560845474,6.28367140768893,13.694985456258017
260.3181798291579,177.69953829640096,6.2900465054975365,13.683627682238637
259.8493790157677,176.77125827416415,6.292632602555538,13.670156667267428
260.1571692860419,176.7801016634133,6.30009140021476,13.652469888769158
259.22061950553547,176.78923269431604,6.304842646981269,13.634207826963658
259.2163662527652,176.788004406539,6.313349152521723,13.636664402517754
259.2146566453518,176.79070510748556,6.31676836734857,13.631263000624559
259.21057375546593,176.7959833877112,6.324934147120301,13.6207064401733
259.20813172055654,176.49376851272194,6.329818216939092,13.602411771835213
258.43025304900124,176.19209138044988,6.3296786842734445,13.583407286068788
258.73838775033573,176.35416895637084,6.335204683289754,13.570149835069527
261.37840516083673,175.1211394355605,6.338770930676282,13.549808373919047
261.3790997789006,175.43799275579394,6.337381694548669,13.537229351447282
260.1379544189193,175.29236729867648,6.336836365492544,13.518125759554906
261.0723599731969,174.36725871149693,6.328409959599563,13.50795823125192
262.62435341090156,174.6800211523593,6.322088946866323,13.501966522062384
262.7814464671951,174.6854182543671,6.317470264455015,13.491172318046765
263.0955677829893,174.53171724859325,6.307882831942028,13.48924673005679
264.4855011649826,173.4463270121367,6.310193163252793,13.496111684405214
264.17695928787697,173.29406047903532,6.308732330700296,13.491372457225998
265.2622852126738,173.13236967622342,6.302319219340857,13.505577100244938
265.41968509239706,172.36159495328164,6.2967924280071035,13.500761705565026
264.6479343308305,172.36340336857208,6.294768807360822,13.497144874984128
264.64568469605064,172.21087917780878,6.299268076920533,13.493176957396948
264.6472914798448,172.05019806395197,6.29605450933213,13.505502082593505
264.80574251589786,171.58414207121248,6.288314144382792,13.51012894660242
265.8870605131968,171.58940092173918,6.289333053495539,13.499611245549039
266.97056633164203,171.4286815592116,6.28502005555206,13.51209302218321
266.9708308103234,170.81029636642657,6.284491098189427,13.512605526548317
266.9715776897207,170.03764183951233,6.282997339394852,13.512601106784555
267.1249021371903,170.03528053191815,6.2853847971936485,13.517323721972923
268.20579305982864,169.7222536840211,6.287637062082613,13.525081957719701
268.20612374642616,170.03085047723235,6.286975688887587,13.526491019408839
268.20358534515594,168.94609470827018,6.292052491427964,13.530829837092003
268.2038542267948,168.93965569972892,6.29151472815022,13.543707854174535
268.20658639274905,168.77606138246716,6.286050396241778,13.561253330635523
266.9711690197515,169.08455134582624,6.27844738517365,13.563882843183128
266.8194820172757,168.92302240587418,6.272111871403154,13.577231204365113
266.8228390960097,168.4558086616807,6.265397713935002,13.582276705025066
267.4483775645529,168.60894529681596,6.253320162658789,13.585753281207069
266.2136652539965,168.60978244997503,6.246039531581847,13.584078974888913
266.21844005537434,168.60920257983173,6.236489928826171,13.58523871517554
267.3045907050226,168.2978179346812,6.229177089794532,13.5894398739723
268.3906147119554,167.2150116512238,6.221646922967542,13.590534593848542
267.4686869455411,167.05794129770717,6.210901501467348,13.595575141826952
268.70964079225735,166.1307663559255,6.20087102412031,13.596017113326244
268.7094500249404,166.13457311485138,6.201252558754202,13.588403595474475
268.0944641836308,165.98009867801085,6.196387131363436,13.588643191653025
269.4879648334451,165.6725965714861,6.187028617392633,13.586393452334034
271.9566242235938,165.2138202614617,6.184572039281377,13.578659409472971
273.0376708202007,164.75641218411,6.180383617430447,13.568659233592328
272.1167320806085,164.29020431139196,6.1739518496143475,13.576920355528115
272.11803322227917,164.44709348822227,6.1713495662729185,13.571201226679301
273.1986033616825,164.4511799813044,6.165715300755155,13.563028240515038
272.12476330827064,164.14426661681597,6.159424382194562,13.561434676524934
271.36069227070305,163.8355473202256,6.14968766659824,13.563721753413063
272.4376246960071,162.92102238058155,6.147884859051251,13.548147024363045
270.7500299995068,163.08131631291417,6.144124610041022,13.534736399880613
270.59703411744186,163.08884257041794,6.143202152175771,13.519683884873093
271.0608172774803,162.78378714727285,6.13566744979749,13.516440319364243
272.13453255695384,161.86761922341256,6.1337135346748966,13.509796186663737
271.6740143698594,161.86903204957085,6.135655663813646,13.506970534347165
271.36544320011177,161.71749536653292,6.140082826489675,13.503686312013446
271.5214855623075,162.6324813816979,6.134385653159331,13.51203958804991
271.5194604735426,161.55778177727788,6.1384358306890565,13.516572239843015
272.5934295174978,161.55580497065182,6.136329949003378,13.520525853095132
272.5948325953482,161.24917973720994,6.133523793302616,13.520639788504127
272.13870907162135,160.78979747748866,6.126209625299033,13.519843092489404
271.98444112505626,160.18176974711838,6.128365910924515,13.510380123211437
270.914982222778,160.49144639580933,6.1233312598597,13.50358467029283
271.07081936431575,160.65002857764952,6.1177473863154495,13.492510716143705
271.0744464398739,160.8087813975275,6.110493235199205,13.480834543055309
271.0779347818335,159.58943372953328,6.10351655127996,13.475288215027145
268.7935823389506,160.66250563096514,6.092335638442945,13.466424451511468
267.576930215676,160.82253763904845,6.085653064093161,13.451358787957162
269.86677543173926,159.30468479213607,6.075854933081923,13.44046961437175
273.2183981973403,158.69905692844878,6.067799646428058,13.43441802455573
273.67990281808625,158.8540857920739,6.057077971173422,13.428456152717864
271.2531785004758,158.5561350861112,6.04942126433683,13.416719396886116
272.47151988951276,158.55747594947317,6.040832891026929,13.414037670162118
274.74772458957233,157.49936038338717,6.03823489427378,13.407023480763431
274.74875760164434,157.50649138291703,6.036168870129689,13.39276148170372
275.20154818130555,157.3564025875746,6.0393673355799695,13.390012530797655
277.4782373379897,156.2941172230646,6.030130383207479,13.393983958019586
278.5411311822112,155.83840969224698,6.024207053829862,13.396885722912558
277.33321578109997,155.5283992481168,6.017832938824809,13.41135538186605
278.3966431697417,155.83447915835427,6.01110289865837,13.404945486281711
278.24567253603215,155.0840855668673,6.0103820929494205,13.392422303615257
277.9456641303083,155.08777389148193,6.005467194412738,13.385045654385964
277.79478068850625,154.7928573477732,6.00496318494696,13.370336955663797
276.58641191266224,155.40522384824533,6.005328910097338,13.353789867988358
276.43537724904843,154.50180753569003,6.005587756622144,13.349759608882183
276.43594566289187,154.2042434695443,6.004450928935316,13.341375747555492
277.4902583264819,154.5043657398244,6.0071169461684235,13.344357305399138
278.3971579649486,153.7491310463352,6.003540783359884,13.346307430606892
279.45005229182766,153.45405229098387,6.009436774987952,13.333126471199167
280.5068743562561,152.85352617772864,6.006854392620057,13.327857699715917
279.3010208768778,153.30615246685193,6.006902096269605,13.32697734213445
279.15269949945184,153.60881479383193,6.002099503946619,13.324543382524517
276.7439818949062,153.15707041113635,5.998337527603437,13.324057675646738
277.65037500557276,153.31565921563646,5.993058711934998,13.308131300923947
278.2526608452272,153.17188173020608,5.992185273273883,13.294761711622739
277.052834338567,153.02812082131962,5.986132768384187,13.281570339619433
275.8531266200108,153.03566137797736,5.982244796043135,13.26648922630394
278.10826228877465,152.58496491307363,5.973821552560689,13.267512537302315
278.1069549209505,151.54434299256127,5.976436288208986,13.248830700365541
277.65849582466313,151.55589954977097,5.974069142345265,13.225717585946146
278.5568501132268,151.56635655581323,5.973647666568641,13.204803573861652
278.258740270173,151.72715216558677,5.9717330380046745,13.182279511650316
277.3670584214413,151.5832910075153,5.962877951553157,13.171298697140793
277.66755944500323,150.84732650648115,5.958647496707872,13.151298718512793
278.268299967567,150.85535966499145,5.949237970649721,13.135232401492212
278.71743317319823,150.86350596457248,5.9438201540043005,13.118939802330157
278.720384735391,150.72238170405797,5.9379170296187755,13.103906650970073
278.57445357053854,150.58229874599272,5.9328223159358995,13.08711552371272
279.1721955109264,149.55098760700298,5.923822073212994,13.073391435099868
278.7332550119294,149.55317819468152,5.912920677645143,13.069010259742832
276.22060604321985,149.99886528054253,5.90614910199913,13.065648355032268
272.2291787011793,150.88694714820278,5.901452710968315,13.064495969736724
268.83127961830564,151.04299052522575,5.895336917605833,13.048144605217265
265.28867403823375,151.9300824147188,5.891243569177737,13.046286953374135
259.3833464816498,152.3803525169532,5.890372240037521,13.031611232078507
254.6628181844209,153.4225378822709,5.889584137553734,13.012644028899095
249.061209265188,153.87328851769084,5.891706380798196,12.995439778734603
243.317066945962,153.88237501984509,5.892505857974284,12.977266774426083
238.46228291158886,154.18583901537832,5.890222194395358,12.958935858046003
234.347178535055,154.04811412857,5.888727244557163,12.940396213701737
231.11523310273753,154.0567878197517,5.891413067166679,12.92304883133834
227.88928038375366,154.65283415111236,5.886668812967752,12.904892476283683
225.10818974213115,154.80226937362954,5.879302946420024,12.899156091764718
223.936717925437,155.2503597039215,5.878886675100579,12.881735395446178
225.84091201402674,155.1102381342575,5.8750408089577535,12.869321433925212
230.37390586270305,157.60251562542174,5.8736751133837295,12.855688194507616
229.50120704746013,158.48240364045026,5.865974323994568,12.849010584325576
227.3094425975234,158.4889989149287,5.870263701005976,12.83582003536875
224.9729174423409,158.49653653652788,5.87401129043795,12.820744792170306
220.4533349117903,158.93966673224006,5.871211423823273,12.80951326471846
218.26446096641232,159.38291913684242,5.877027514918727,12.797394815445834
214.62325029396465,159.24152987869329,5.874779431396757,12.788786554607448
208.94518818155288,159.97632016740212,5.873291653950545,12.775310080044852
205.01869485570478,160.8555298250646,5.869364564545009,12.762871596075838
202.69146330078843,160.717786722439,5.871907004506202,12.747612759460086
201.52740883136508,160.57922094139502,5.875489198881149,12.734178478489095
201.09342260132573,160.57846796630045,5.872166544684636,12.73568442867822
199.05802452991628,160.87210899733077,5.8774285038972875,12.729192964275597
199.20192847013448,160.87520677479,5.8800132791080415,12.722997409357168
197.17010493400426,161.60598804573115,5.878799611256845,12.713170846086166
196.15316448749624,161.32202624510006,5.8814097669805925,12.700731379550492
196.29761392180885,160.16877982130697,5.882555702696526,12.686865792407318
196.29816933185083,160.31918455407126,5.881444882612573,12.675917658902831
195.42876924461586,159.89213209262292,5.88215917957585,12.660979643046206
195.57299609118607,160.04515548971293,5.883179609851166,12.644406972281917
194.70502084973455,160.34120794516053,5.883638416040717,12.630799286957807
195.1402180211175,159.04726614412536,5.880414346538154,12.617172069238155
195.57698024484455,159.3436796952522,5.873289398212085,12.601944633069818
193.70582247032107,159.63917169240037,5.865744629691286,12.587862226091591
190.9679241226715,160.7993838727971,5.86742861162455,12.572327428820564
189.9605704051846,160.9521635893264,5.866748270616887,12.554680535187941
189.52907705702478,160.96032763257097,5.866811224821552,12.53835244869878
189.96284524041548,161.39924691990697,5.861481996521615,12.522721012508208
189.67667437152804,160.68929830201904,5.859665807275179,12.507223430730777
188.95928526476467,160.98430171082717,5.860347765372267,12.490855115286449
188.8150684356914,162.28179380251152,5.862190804231441,12.475186505504062
188.38480335040822,162.00323277455723,5.863543050012105,12.459523278222148
188.52732297095028,162.58196743911734,5.864689897497425,12.446798303379945
188.5282043153357,163.0188407282384,5.862927208726616,12.43110904625454
189.10026058610953,162.74157439219837,5.861844375235296,12.414126864306384
189.0986396298602,163.31939242319785,5.865086287733973,12.40044540982652
188.09832683665476,163.1838695955779,5.868301689542872,12.38614675298041
188.0967917821873,163.19127633377906,5.871371798477824,12.371333276578138
186.9556152674989,163.9115083657693,5.873514439234746,12.356000705485075
187.9517259845577,163.06467036738053,5.875160842636124,12.340647127246303
187.95098914100615,163.2131842014405,5.876634529739225,12.32826063857438
187.94576526735707,163.21814920664158,5.887082277037382,12.318330628172177
187.94135896954896,163.07845749645014,5.89589487265363,12.31319238657357
187.9411645881831,162.79195378755597,5.896283635385339,12.316998943563332
187.08396737969588,163.22283665782987,5.902698312580794,12.309223072905006
186.93911289630424,162.37371641523106,5.907746111597943,12.299496551505797
186.79251828642597,162.66218397973716,5.9163289947056885,12.29177409579112
186.50528285021133,162.9482923205512,5.921514107585249,12.2888431737128
185.3648007826788,161.95563550139994,5.924954428620681,12.281323474739374
183.37144940385681,162.1045464193233,5.926698418427241,12.268141550881055
181.66317540034473,162.3936436922026,5.929531873695573,12.25889943041513
180.80828051431487,162.40016113593455,5.932984017245355,12.245864542951237
178.81783641141703,162.54764079361246,5.934261615049423,12.23516312816624
177.67952188445352,162.8349867311401,5.9379104902639535,12.228716297789074
174.1243633189479,162.69831668382304,5.94594493870453,12.217965085120328
170.28715240278152,162.84492960734366,5.950388052824741,12.208812523938803
168.0126542197953,163.2739750071005,5.955128392801858,12.202769729299291
166.87516638525014,162.42827928462978,5.958026162200665,12.1901027494721
165.59720639492676,162.71699789169725,5.959084072526776,12.180412662075092
163.46720051289202,163.28950540510357,5.962858940031889,12.170394141012927
160.9141606778958,163.43772622673234,5.962927505219428,12.157619781355681
160.91283723835627,163.4445919838263,5.96557438429852,12.143888267167734
161.05271153037216,162.88289360734916,5.969149465197391,12.133990360399405
161.0517049895542,162.60253877149344,5.971162546833363,12.12821997481137
162.0410977502284,161.61782564268594,5.9747071254521895,12.115316132459107
163.17158587509354,161.62394187265966,5.9782223662734015,12.103083672511652
165.15209493283038,161.4880581938369,5.97839528944487,12.091908813111077
166.14111754237783,160.92934616540387,5.979812008326543,12.078211762561955
165.01261795168458,161.21738232265812,5.975988955527373,12.067345006599846
160.77710161752694,161.3647516770606,5.9757513979265795,12.054981971992108
160.634529556024,161.51245111063395,5.978706523388451,12.04177210238942
161.76412398158047,161.37871579377213,5.975881361037781,12.027197275017809
162.74981053101533,160.53971924895268,5.976975126147421,12.014504481245789
163.31472500467396,160.5466274805671,5.973596534335477,12.000688018016955
165.28539414070033,159.42934926763132,5.971153281222356,11.98444729020874
168.37826656188471,158.4529196380132,5.968886479209138,11.969836263877246
167.67982139347984,158.45881446546622,5.961717522211992,11.958046608971255
166.98037157944702,158.4657519524931,5.95805314789727,11.9441716349175
166.98003050439584,158.1921951301838,5.958735297999611,11.930797290502547
167.8205534496218,157.49929097762697,5.958039167181182,11.91631412925494
166.84336702722678,157.50616424444442,5.953586729283463,11.902567595620022
165.7266946481594,157.65123181913881,5.950519258140108,11.891983974891039
164.75129024471812,158.4921778552254,5.945935985348055,11.886142256724602
166.84639208243294,157.38007554489607,5.943366210933316,11.876942130175332
168.24301439375088,156.4060057096756,5.940070586003515,11.872117502222032
164.9005332309792,157.52338644401885,5.932243636142024,11.868285792003787
163.78597052774145,157.66276946278143,5.931982677351816,11.868193050136878
167.1330590972105,156.8290514341311,5.925822668326108,11.863624824959464
172.8458258024718,155.71694020332228,5.918485687049874,11.859906519894855
172.98543225213953,154.60778999528304,5.917582646122447,11.851728068709418
168.2589353373841,155.4457003264276,5.912684148110207,11.844947228924376
166.87312568224527,156.69756862774588,5.904425482199336,11.843100804857494
168.9601865904911,155.0371072818255,5.897553349209906,11.83022374989646
170.76684663131834,154.7613432272437,5.891820306706569,11.826738468421423
167.5801765708394,155.59275549994302,5.885988019074196,11.8280458556985
164.39575560941088,156.1480862844266,5.877550928922574,11.826476288993746
167.5850335942052,155.73551592882808,5.872358722453281,11.820308683262132
167.31170345818342,154.62647320151453,5.8651766233635785,11.823024653356121
165.23857818940988,155.5960087335042,5.858885852147547,11.821806200132945
164.96512462925682,155.182961426479,5.852376149313895,11.817775579473668
167.1793754434275,154.4959836258661,5.848440701911353,11.80905424915615
168.9773621326491,154.63708000264103,5.844861266119756,11.803199491194821
165.80368155490117,154.3648631617785,5.839872312230418,11.795254902538591
164.84150052215753,154.91838945338552,5.832340498009823,11.792141679157636
167.46516595797257,153.95362294203431,5.825352499952219,11.791022064228066
166.6418498938432,153.95606800253097,5.81797003412248,11.786131943234759
164.57559713516733,153.1354498659116,5.818453653367128,11.77455945723068
168.02018789806516,153.13938061545701,5.8119157588128445,11.766697958139853
169.2610298697861,152.8641887457284,5.805912666729935,11.766930397295104
169.5382839880279,151.90796024736352,5.801353127398547,11.754566953992033
170.50128495819845,151.9107776097607,5.798337397651405,11.74893222919769
169.6806253072394,152.05081649118836,5.792197505012856,11.743430998768462
168.72219110412794,151.91450639756374,5.788348446562514,11.741662976778693
165.70760829154966,152.05631302277064,5.783025119198239,11.73234467875222
168.8618192884295,151.64637828274945,5.778087478548123,11.730020547519429
169.8214847376465,150.55470942434917,5.776365079455119,11.721805693644546
167.7713146431385,151.6515995180836,5.769813566682426,11.718367747129665
165.72227087233856,151.51737616533583,5.763485471517213,11.713186743507478
165.72554366959233,152.33784388702722,5.75693987700965,11.712896142492228
169.55562864394614,150.2905212955651,5.749793241945031,11.707707407393466
170.241677406651,150.1556657045958,5.743300407548371,11.704297651129396
167.10603368774568,150.97419618055653,5.736570690263416,11.704980304885067
164.92592561202108,150.70595371767007,5.731189709597352,11.695765589143525
167.10963527861895,149.48073892360415,5.72568903303078,11.692615932921449
168.8826539940732,149.89458400056623,5.7218576117863575,11.682357935073647
167.93294520528366,149.62412738412928,5.715461108829191,11.678752859222866
164.80687697406742,150.71877559834056,5.709429729765786,11.666210462624958
165.76153740493586,149.63471849387483,5.702736187877345,11.659893448872443
165.7650311658967,150.45133073950473,5.695748665955681,11.656231794669091
164.68266527332574,150.18264935931788,5.689138613457125,11.650759095632685
164.68543491386535,150.1860299864242,5.683599332377938,11.643997841420058
165.63671425525044,149.9156639727002,5.678215874319735,11.642679804664633
167.6703755002265,148.96899124551308,5.674566203113123,11.639644610290993
167.53829393028596,148.8357742904372,5.667926359893929,11.635275537342526
169.57078778830515,148.0291157193972,5.6622763354133765,11.624857602799436
168.62588178426373,148.16226012325112,5.65949727934801,11.628938947112758
168.6281705134041,148.16144972621316,5.654919821067288,11.630559741188648
167.27971338876674,148.29542161140003,5.648577868246691,11.632941591024451
164.17247846222946,147.7529772859196,5.6473013087856065,11.63683086589211
163.09224167296887,148.6993638934664,5.645496090411059,11.636051598082275
164.1747557732551,148.4327265913637,5.642402238281065,11.628842615177051
167.28254352861194,146.8132745359891,5.638699600344665,11.626769574911997
166.2042648861199,147.08148655263457,5.635367932439401,11.630317779843358
166.07192485426663,147.62236230420848,5.6300678537721565,11.62848684619052
165.93986635897852,147.08344895785052,5.624324397231009,11.62687175043686
164.86327528211254,147.0849414982198,5.619617214828858,11.6238866696983
166.07950147948196,146.81986444901554,5.613653211208141,11.614821125636148
167.16007824822705,146.0133653880682,5.607474742025479,11.611587946300164
168.23913915359657,145.8827725921651,5.60308196156897,11.603557409321011
167.30057946621343,145.75221064761342,5.597054804030847,11.595660365238007
167.16934816581778,145.07938926996323,5.590718302863468,11.597307610745123
168.24611356825,145.2139089120365,5.586887231904233,11.596980793336717
168.2478254964931,144.14182410255827,5.583463375418053,11.592025689763123
168.24927517559934,144.68014616768036,5.580564017205573,11.589412192774923
168.2491206628087,143.87320517452898,5.580873042786839,11.592783767835625
169.19053944542816,143.8760521952709,5.577349819986867,11.587089726351794
170.26481279590945,143.61263221246213,5.575426472796101,11.577273853526329
170.26671771843309,142.94315273512632,5.571616627748845,11.575484543028958
169.1959569478296,144.01832168236095,5.5686853981777436,11.569599419337722
169.19701150687118,143.88892696197806,5.566576280094557,11.560470272501652
170.13545735315122,143.0887310327008,5.563914886353499,11.554379017782843
171.0715508034384,142.96007255685788,5.565004036182932,11.544085105125237
172.14249373977688,142.16099985921244,5.562944448990502,11.53736078630275
172.00892705995355,142.43162465142856,5.562734637570833,11.5307975440032
171.47559858544298,141.3661129431978,5.560420367744414,11.523878522769616
171.20867108619234,141.37046995960904,5.560074642251213,11.515164489947173
171.8753420414963,141.37453327601074,5.561562343833774,11.507037857143748
170.9417780534358,141.24577880624292,5.560584828784222,11.497674583655026
170.94134463243532,141.7833811392644,5.561451670785166,11.489338465102897
171.2062758807681,140.8520440483074,5.564808089895507,11.485746441801302
171.20390044495764,140.72224983501206,5.569558961516429,11.478719634371545
170.4036364883853,140.72710693296148,5.570518316815286,11.4690054384727
170.26916688751555,140.73146923200883,5.572989172982775,11.460280840378003
169.33547481335643,140.73599365856467,5.5756927970379495,11.451231987266363
168.40099976088257,140.73991659695062,5.5805653934695005,11.44338611049442
168.66603121534698,140.61139273277595,5.583035012648286,11.43416757478996
169.59574354723634,139.68319986795305,5.586824702487719,11.42733895081764
168.79496509385763,139.68715461518474,5.591547714105144,11.419429456354264
169.05855229327508,139.69095554270442,5.596582960522975,11.411827601314895
169.18872449959937,139.5618559084371,5.602319169412341,11.403946248311566
169.0533124694905,139.56610901122042,5.607078728457014,11.395440042744958
168.11988882815015,139.5700420238672,5.611771494694744,11.38757401745141
168.11744746057778,139.4411462123556,5.61665422983949,11.379377746303584
168.1148025491425,139.17931015238483,5.621944052710031,11.37114562042715
167.8475176955855,139.7151123569973,5.624667982094112,11.363232766662025
166.91473824881137,138.921922705372,5.629251793195206,11.354490570672148
167.04502853087277,139.19101810663088,5.634475672490676,11.347908654990983
166.5114776664913,139.19559685047207,5.638384087076524,11.338751167308587
165.4463932692361,139.3328392086296,5.642703142290236,11.329997668405685
164.78141347881441,139.20520258669282,5.644276731576529,11.319593713967803
163.85009624962873,139.20974831249822,5.648054646774208,11.310502262356975
163.58330323186277,138.94918207676113,5.650675803329966,11.300669854855009
163.58159512413144,138.15706314874734,5.654092018792637,11.292610783342283
163.5798705242952,138.16076339737705,5.657541218465143,11.285210286082881
164.10857528913272,138.03182428382948,5.661227356597148,11.277814596226268
164.50457832557603,137.9027463812303,5.664907623391759,11.270741621530911
163.70710093487438,137.773502408388,5.668732678895693,11.264041279565621
163.57258768098555,137.2466396685596,5.672603385479186,11.257143554445873
163.30567815346222,137.5152308823678,5.676180103310426,11.250203464044908
162.50861663943954,136.5906892585948,5.679818492904201,11.243721300064017
162.374272878302,136.59332228860356,5.683457814609126,11.238455240046502
162.239741959698,136.4636604125507,5.687486042480515,11.232745382815533
161.3103916014674,136.4675861179024,5.69105236935756,11.224893972112122
161.30811138797165,136.60379957876933,5.695612796349048,11.217432110447177
161.1738777730004,136.60712227418392,5.699146089545834,11.21078671961801
161.03973636247198,136.61073328258232,5.702531893153585,11.203564702821238
161.30319236202547,136.74769465717995,5.705317860581803,11.194490936893555
