156.5,112.5,8.8,5.0
156.00063970939522,111.9995422909147,8.798720581209576,5.000915418170605
155.7843918046566,111.99886548154049,8.797206597374567,5.002269036919019
155.13411261510527,111.99835757937483,8.795732352462473,5.003284841250348
155.35176847639667,111.99788180681789,8.794422210637997,5.004236386364238
155.4609984824902,111.99740420066169,8.792959692795423,5.0051915986766184
155.5702132005723,111.99692135837003,8.791522239660358,5.006157283259937
155.6794066508872,111.99641365144574,8.790122362861728,5.007172697108526
154.8120055742524,111.99609162205516,8.789056714908162,5.007816755889692
154.81273879493563,111.99558781997854,8.787590273541712,5.008824360042913
154.81343027111606,111.99520823492078,8.786207321180811,5.009583530158427
154.81414219471225,111.99473254101287,8.784783473988455,5.010534917974275
154.59784514290808,112.10273785875715,8.783455180016324,5.011485481275912
155.24938846412783,112.21080282996826,8.782114160825499,5.012313142728471
154.4907443471157,112.21022932983931,8.780740383662014,5.013460142986371
154.5998576058074,112.31822024480427,8.779464663587937,5.014429110365724
154.6006468890638,112.4261567941474,8.777886097075083,5.0155043102634815
154.49287952051722,112.53409923288645,8.776477745806558,5.01656252114705
153.95149122325722,111.77382313290786,8.774553690340444,5.018533811123603
153.62655384160942,111.99041946064767,8.77359324271187,5.019231296260134
153.41023190488676,112.42381824216497,8.772351842709925,5.020204280119965
154.06180480576194,112.64003446475095,8.77085031166502,5.021653258516453
153.41183938008896,112.20565588592167,8.769122967719332,5.022638285980594
154.17163432711018,112.96449586630418,8.768071393907091,5.023496645445764
154.17228466308364,112.96396668125159,8.766770721960134,5.024555015550943
153.9557987964606,112.96360700533532,8.765879180739761,5.025274367383462
153.19718794163254,112.63771324471072,8.764586680875016,5.026270084552268
153.08964641164812,111.98610441297316,8.762741448245995,5.027917992440185
152.76494030987712,112.31098173633914,8.761367065592207,5.028949931904059
151.3556145692042,111.98500542833762,8.759981271954839,5.030124715218662
151.35637951289598,112.30982909688194,8.758451384571236,5.031253262184983
150.4895246732713,112.30897305017817,8.756787473938342,5.032965355592518
151.2494917091837,111.54888066659605,8.755335859523962,5.034667665346344
152.00959455986592,109.8126539231368,8.75366421247338,5.036186170975978
151.90209357347268,109.81149735170283,8.751731811076437,5.038499313843949
151.7943277309461,109.9193226375642,8.750318515308164,5.039793722942628
151.7952090219031,109.70122144969538,8.748555933394153,5.042104200857866
152.22977705618035,109.91773223679324,8.74725602997738,5.043000709231011
152.23067042879842,110.45891842233226,8.745469284741278,5.045402867599126
152.66556085899813,111.43453555982937,8.743565201901813,5.046891342114776
152.0156382258939,111.7588519787946,8.741613728686612,5.0491568738961385
151.9079143493004,111.8667686024341,8.740085876619004,5.050299231871739
151.90883496363563,112.19133973990449,8.738244647948552,5.052073699803
151.80134725326144,112.5160318055358,8.736245079923172,5.053614534861655
151.15148943019426,111.75534696107026,8.734132509441963,5.056184637741274
151.0438166114111,111.8630053720904,8.732494525803354,5.057851436905943
150.93616096718756,111.97068679427807,8.730818260092315,5.0594761466887554
150.72011267968193,112.07801838697907,8.72893444942989,5.061803154123571
150.50398222167513,112.18569604392265,8.72719195594309,5.063449544986598
150.6134447783558,112.29326432291467,8.72527055739546,5.065316701816233
150.071851754462,112.29221073775794,8.723422555826527,5.067423872129681
147.57706735847552,112.94231342928727,8.721644197502012,5.0693090500181865
148.6631906458168,111.96477099146469,8.719603908664519,5.071208268402792
147.90455730669842,111.09530459174516,8.71771324069487,5.073961243605998
147.2542703130029,111.09345430269795,8.716040494297525,5.077661821700423
147.5809036858733,111.20057771090804,8.71401128873454,5.08049418533952
148.34170357859452,111.30755939522822,8.712091120401086,5.083627904857551
148.23408962523425,111.41467382896728,8.710197268316787,5.086520796184324
148.6693853641636,111.4135468890135,8.708176631414856,5.0887746760918615
148.67034685545346,111.41214550404065,8.706253648835128,5.091577446037572
148.67137082125265,112.06236220971137,8.704205717236706,5.094163014939736
148.34668338404364,112.60426347715094,8.702030944372924,5.096276558863561
148.5648906506104,112.82021715565735,8.699989715827963,5.098742506439256
148.5659253201907,112.92759036957727,8.697920376667366,5.101194166539057
148.45823689440618,112.92599650528352,8.696088375375913,5.104381895126563
147.48167621105605,112.92461313784072,8.694088395542565,5.107148630012154
147.3740401998799,113.03236543155734,8.692107555797016,5.108896904676824
147.37501553747188,113.13994587512484,8.690156880612992,5.1109889721837005
147.26731309242544,113.79023685188915,8.688302421120513,5.113963116167278
146.61646209434085,112.91984387555598,8.686311214130352,5.116491464621091
145.85681954220328,113.78809760737022,8.684528485041204,5.118347239123205
144.77122638949862,112.9179918171234,8.682712009851679,5.120156595137793
144.6635820798789,113.0256381056419,8.6806967775916,5.122167869600293
144.99058026650118,113.13294481386453,8.678624040002003,5.124862331706717
145.75216114015836,112.37068261880823,8.6767209551179,5.128128059389037
145.42714537610226,112.6952026832517,8.674703349468452,5.1311370642637435
145.97163316266384,111.93306993810997,8.672581088431468,5.133807917626598
145.3203778381209,112.04006636876703,8.67078603824017,5.1371993395253135
146.29963736901993,112.69133969470937,8.669002529959576,5.139143056652264
146.08322271433454,111.9288138656163,8.666989081012703,5.142245060726691
145.97544963155667,112.03586543236345,8.665091302157991,5.145585871642908
144.99780843296327,112.03439967327411,8.663123023917944,5.148517389821593
144.12870443320284,112.03254641464535,8.661390031590157,5.152223907079115
144.0209168738282,112.03092079904492,8.659435501271581,5.155475138279974
143.3692389085,112.13811178802594,8.657457828493326,5.158648760890373
143.587686109875,112.24504330462267,8.655723179367378,5.162365604508958
143.69741315231516,112.35210139407535,8.653886117908534,5.165866449025106
142.82777404554284,112.56867545975592,8.651972712510915,5.168016222399541
142.93773655116996,112.02330681226579,8.649704470234546,5.170469672490539
143.15634644583994,112.78376742190305,8.647813510524788,5.1731993569216215
143.918946423279,112.78163809429633,8.646390423022174,5.177458012135085
143.81078213949866,112.77942362476944,8.644985598043572,5.181886951188863
143.4848420556075,112.7773962835447,8.643503176219033,5.185941633638334
143.5946360957953,112.77556813053425,8.641749230032943,5.189597939659235
143.37764345012098,112.66518764079277,8.639994748576761,5.192489032739825
143.0518463130791,112.11895895680324,8.637911135225618,5.1954832549939525
142.2901703487588,112.22632600791493,8.635877852575542,5.198661325812091
142.40015442655218,112.87854622559902,8.633845282283831,5.201834402214049
142.40115101386462,112.87724282326667,8.631852107658995,5.204441206878752
142.18418735322157,112.76723892028845,8.629832993663578,5.206475795194455
137.17184595450217,112.22101536605885,8.627554715256965,5.2090358301921835
136.40994547876105,113.0916416451496,8.625449263423665,5.21167630437131
136.41096558766557,113.09033424034185,8.623409045614602,5.214291113986809
136.520927274811,113.197604133071,8.621499175223603,5.217764832428353
136.63094440798474,113.30497719057227,8.619508639418004,5.221062447967706
136.631824629185,113.30308015808839,8.617748197017534,5.224856512935473
136.5234470282624,113.3008971092798,8.616395764507303,5.229222610552653
136.96073384025064,113.40832514735416,8.614467501474278,5.232527874639788
136.19817320853087,112.6432343411517,8.612270000598432,5.2353907227293
136.308520952688,112.75140527322672,8.609778406389928,5.237252752685079
136.41855197011841,112.7508253281574,8.607914372761748,5.238412642823697
136.52857856313682,112.85935353219611,8.60605082452152,5.239545872542884
136.5295421199836,112.85866653200625,8.604123710827913,5.240919872922603
136.6394676549322,112.96720193412241,8.602447780304146,5.242024208063657
135.9862075656188,113.29352789268476,8.599956026089412,5.243878257359732
135.00547320167038,113.40099289594504,8.597961300179747,5.247110856817695
134.7884419020838,112.63600264266776,8.595649137550796,5.249779697065007
134.1348200943725,112.74338116473464,8.593705814057609,5.253220476083886
134.13568244935567,112.85065474453717,8.591981104091245,5.256900196903846
134.24523118037123,112.8484360655173,8.591146905126195,5.261337554943556
134.2458503493417,112.8461283851931,8.58990856718526,5.2659529155919875
134.02793703295146,112.84361220387257,8.588964436422774,5.270985278233043
133.48274593707956,112.73262868566374,8.587064749381907,5.274495938893776
133.70190079910336,112.62114640959113,8.585729466461599,5.278973270475356
133.7027307271432,112.50990266328509,8.584069610381926,5.282917853728039
133.48512264214085,112.18027260228544,8.58211640869842,5.28642391819509
133.0487557650246,112.9433899474038,8.580391696570596,5.290491544088966
133.15853174616714,112.94083341640025,8.579497211583405,5.2956046060960755
133.59716525467704,113.04895196094786,8.577152228321564,5.298098025440328
133.81685654083105,113.26598301190393,8.575244418931609,5.301510686446308
133.05213030379716,113.37360276818589,8.5733322628917,5.305037549612051
132.94395460298958,112.49718612895498,8.570886438098661,5.307493016808197
132.39808876626748,112.49587582745352,8.568608530009152,5.31011361981111
132.8367242525339,112.49417009425655,8.566585236810917,5.3135250862050585
132.0716473383215,112.6017421442183,8.564865226709932,5.3172201060709385
132.51057037186723,112.70981019098762,8.562521843153746,5.3199596834161165
132.4022343814977,112.81779974790385,8.560307148826137,5.3228672446503245
132.07497067475433,112.81632070680222,8.558127215881902,5.3258253268536
131.30999008597723,112.81525628315755,8.555651250432973,5.3279541741429135
131.42063530783827,112.81401743351465,8.553279063691708,5.330431873428729
130.76473201600714,112.81198468415195,8.551539408711037,5.334497372154107
130.1081389329243,112.80927487131913,8.550924573815808,5.339916997819766
130.21762194398497,112.80620709531101,8.551007654664033,5.346052549836012
129.99846510241258,112.80336498460501,8.551013406223579,5.351736771248
129.88914022793773,112.80094402504947,8.55041312811475,5.356578690359083
129.23186436483357,112.90854171817105,8.549028536907247,5.36070602368523
129.67064171046727,112.9056891785004,8.548959902787866,5.366411103026542
129.77868876248925,112.90218995760198,8.552332565606797,5.373409544823362
128.78987948737336,112.89902931450703,8.553229614176901,5.379730831013258
128.6807549849735,112.89695917874094,8.551722710515666,5.383871102545455
129.23079739640738,112.78484348142612,8.550653040420164,5.388299466620627
128.68182559298026,112.78295302697103,8.54928866753457,5.392080375530808
129.01210782615826,112.78077264960153,8.548438556476532,5.396441130269806
128.02284957514942,112.66845255425667,8.54726554621505,5.40111581959517
127.69369275622104,112.66683444769112,8.545499297766277,5.404352032726278
128.24399862419367,112.5540935289535,8.545160268074472,5.409779328950818
127.91387812692518,112.55181766134065,8.544978510000274,5.414331064176517
127.6945219154929,112.55008677107905,8.543261139451749,5.417792844699693
128.35656580179838,112.54882602483411,8.540657292854469,5.420314337189579
128.02693148174617,112.54660297299804,8.539174399153323,5.424760440861715
127.58718083098155,112.65499326606908,8.537463529690879,5.428282897467544
128.02783511208682,112.76325862770707,8.537501207371696,5.432088734164422
128.13949292300552,112.98289814824788,8.534586826642764,5.433612175299701
128.25090667990423,113.42300170904541,8.532142213010184,5.434936654364036
128.14220802110836,112.65090069000479,8.529171233901387,5.436560615541592
128.25335468135117,112.98090577278766,8.527228698358043,5.437602804802702
127.81365992809762,113.4211915073949,8.52526219714231,5.438387343311123
127.15393038066753,112.64918902759949,8.522786194667567,5.440134689344549
127.37531495071634,112.8690283615709,8.52064614591492,5.441085112746733
127.15630848519584,112.97821858206073,8.518062622657633,5.443002898916198
126.82728550117733,113.08734474411614,8.51523410869327,5.4450420688058605
126.05715551203858,113.5266748157195,8.513512399987471,5.447514318161021
126.27885957685523,113.19518854357194,8.510701680685962,5.449590746958432
125.72929930400653,113.96483830691372,8.508366260845598,5.452329572027738
126.39121826825846,113.52282760011254,8.506340349416302,5.455142974247089
125.61970466920802,112.74919719073043,8.507136392722963,5.460172638217093
125.50955516813376,113.07769816169227,8.507020002045941,5.464416874769994
125.28844563297645,113.2957725721475,8.508268994793687,5.469238131426391
124.62657822462359,112.52138072170284,8.508493702751084,5.4739267054426195
125.28816627764269,112.73946003181123,8.509321263724024,5.479102640896215
124.40540320378022,112.95813306928994,8.50871271198822,5.48329024080398
124.40557061064655,112.95509089126588,8.508377898255565,5.489374596852083
124.18445699193627,112.95207789330352,8.50875453285503,5.495400592776801
123.41027440844097,112.94923187170701,8.509893579294776,5.501092635969838
123.52080552032947,112.83566481233618,8.509976561562494,5.507081548666789
123.18908800659031,112.94411628691782,8.509670236603583,5.5114257169825835
122.85703625044749,113.05241938407238,8.509827283827361,5.516135011027407
122.856747257913,113.16088724128208,8.510405268896337,5.520596290780684
122.85741804956331,113.27032123039977,8.509063685595732,5.523209004314452
122.85891611068362,112.49408052192149,8.506067563355076,5.525160388443612
122.86060747083614,112.71509115658687,8.502684843050057,5.526122608717704
122.64044835598914,112.82479447280463,8.500089612695852,5.528172706306291
122.97167662831735,113.04487398174531,8.501988757395177,5.530917481328769
122.08689548231686,113.15430113131694,8.499337228015921,5.533589909858039
121.97707602005728,113.2632754798515,8.497444668234854,5.5371726970891615
121.4242690516427,112.37550728512595,8.495243587468318,5.540205058387096
121.4244182200846,112.3734851428723,8.49494525058448,5.5442493428943935
121.09245956491755,112.37160649359267,8.493930619873424,5.548006641453668
120.42796508654173,112.36980453206476,8.492769432290833,5.551610564509485
119.65241197605599,112.36759276223745,8.491733450630036,5.556034104164089
119.32066838765013,111.70084977402485,8.489841172937075,5.558761171579968
117.98979922524275,112.03155007655387,8.489856349618897,5.562791353555161
116.76971109457037,112.80560663630015,8.48937338735673,5.567825012721536
114.77351163123343,112.91533328364989,8.486577921913323,5.570326962028594
115.65941486315106,112.13582681730693,8.490410490769543,5.575655741109476
116.3238887784611,112.24481524121165,8.49407645938718,5.579781193172971
116.10183687939625,111.4647714793715,8.493726231828537,5.584279626944088
115.98708535064672,111.90814035159102,8.500932139940444,5.586730480053615
116.2084406181171,112.12831675285798,8.503116391415984,5.591272463935961
116.54089840564454,112.12516615516792,8.505870752003789,5.597573659316083
117.43139224996241,111.78833764506075,8.506515279894913,5.603118598332869
117.09698161997818,111.00611788763008,8.506916262475487,5.60791079928913
116.98488365823371,111.22690538962125,8.508219013763096,5.6121221397094585
116.20391461982142,110.44409935380168,8.509272562866848,5.61684968362779
115.98176721233526,110.442147039843,8.507409963949867,5.620754311545139
115.31381037001582,110.21788332410681,8.504628119694056,5.623049900052608
114.64421247512382,110.32712881414082,8.505150516893243,5.627671152082063
114.98047589216458,110.99571740462935,8.502216428978041,5.62967946343757
114.42370893061725,111.66457318914425,8.499816561684383,5.6310884428737635
113.97603517167859,110.88209070853576,8.502468136830768,5.633835504311601
113.08373035929408,111.77266671179865,8.500996181867773,5.638765077517845
113.30751814761797,111.88192771119269,8.50006151823471,5.643563535237102
113.41742527734222,111.99105827690981,8.50363391056124,5.648689055577882
113.19408936241145,112.10036968079962,8.503252439453378,5.653592898282961
113.86587855747524,111.98718244792113,8.501291933995416,5.6563643832616695
113.41594265244181,111.76310374626975,8.506685125871114,5.6572824774688355
112.74390357475598,111.31365389183519,8.508462420429135,5.661314945795503
112.52109870572113,111.98335051282915,8.506449606016762,5.664789361253778
112.51985807035207,111.75712566117708,8.508930876754869,5.669561230530169
112.29373397267729,111.53160005300352,8.513266215608168,5.672699590381032
112.1818983187896,112.31369009809593,8.512862808734033,5.67704250274245
113.19058161096034,111.97641989208715,8.512767810672166,5.679159052666812
113.41594434246096,111.30217186196057,8.51039288804263,5.682603491804892
112.85524357315713,111.30084164707397,8.510809991211492,5.685263921578097
113.41435864960313,111.1869781910769,8.513818505251612,5.688743100185792
112.854918354271,111.18552008951696,8.510941135942218,5.691659303305703
112.6312672879777,111.8572220117736,8.509529808711745,5.694395838243656
112.1827491313351,111.51883248237453,8.50904173049076,5.698031603412143
112.74441073724829,112.30319290947395,8.507891079629847,5.70035233456495
112.07223632445788,112.07739864749256,8.505504685587539,5.703029118653339
112.07207884192191,111.85085839565492,8.505819650659484,5.7071807727580985
111.62322744024459,111.39950555968669,8.50536790770734,5.711731898387832
111.28662595390341,111.3982388382563,8.504747227722216,5.714265341248577
110.16413124452242,112.06996689306001,8.503328413749273,5.718654171282116
111.28771936267333,111.84406096379334,8.503078792340165,5.721080706836906
110.16507307608283,111.6181110033893,8.501076995722936,5.723521753685328
111.17558608585959,112.40264343177141,8.502709624411128,5.7276358455535386
111.17573714583557,112.28804088456864,8.502407504459176,5.732007536054224
110.95091185938445,112.17286623914278,8.502254314959105,5.737454945704827
110.38540807185743,112.0585084962068,8.508308953104057,5.741179844194946
109.8202508023449,111.94329457300788,8.512899602646947,5.74646291269636
110.04505113398527,111.71529617111047,8.51390448411238,5.7518541717449985
110.04099297473924,111.71226676381582,8.522020802604438,5.757912986334315
109.92641985835873,112.04753701724125,8.525534424199408,5.764270312981546
109.35997511966542,111.81977510307205,8.529462967612353,5.768209767730504
108.2290088711643,111.59189187250365,8.532218772835222,5.772140890511415
108.56789180791313,112.26721228193338,8.53252849279604,5.777651258568913
108.00104735331075,112.03878990194684,8.535607682017922,5.782252130548854
108.79108542219153,111.92416582271595,8.539250501038415,5.785254723756047
107.99921174493024,112.14767319038917,8.538540472478632,5.790942097861716
108.33847038179604,112.82470622271381,8.539328934815417,5.795487505349173
107.8831569650934,112.37012471594316,8.543863271655036,5.798558022324813
108.11006205779425,113.04806421120236,8.54333967068949,5.802538785114858
107.88506680253614,112.59361001136051,8.539926582399188,5.8046399871855225
107.77247524834613,112.8191392472418,8.538424680875442,5.806951535230521
107.09361660485388,112.02417036033293,8.535937342581905,5.809983912890567
107.32151647184506,112.36311711015722,8.533564770017259,5.8122311553685515
106.64244506109654,113.04270999401162,8.531417451318271,5.8133355278557595
106.18918468634877,112.7008548524042,8.531134950869008,5.816943373611992
106.1884338929284,112.0192858553953,8.532636537709744,5.819541030152007
106.302405014946,112.01743143572443,8.531517189343054,5.823249869493726
104.03253445808174,112.0165210058195,8.533903105176456,5.825070729303603
106.18799258150112,112.12801270136679,8.534740732947387,5.829021752662176
106.0736372530323,112.69264146400184,8.536438323372861,5.834829559952944
105.95815777332881,112.3501604824018,8.540261518837095,5.838384231324705
105.27384171933737,112.23589541250529,8.54537445900259,5.839661176481511
104.36202601817033,112.12168687033541,8.5501879199011,5.840726018141809
103.67870729762231,112.00550402328703,8.552166180029378,5.845648515410624
103.33499774154947,111.89058927263044,8.556919114614653,5.847922624203678
102.87764202569761,111.77454912915283,8.56096814669981,5.852337311254252
103.10512513776965,111.77198160544529,8.561603544078915,5.857472358669313
103.33425999017251,112.2260150346374,8.559126087991434,5.860989997721654
103.10591250800374,113.02244909584368,8.559986825711619,5.863541668469772
103.78793544093787,112.9066535528007,8.563777502517528,5.86715999744337
103.55699629277964,112.79196031437324,8.56947429851044,5.868455724136552
102.87094902925288,112.67567083141462,8.572374812369267,5.8728356878546535
102.98163328874293,112.55920440980054,8.579322451427801,5.877452373044201
102.9817063047358,113.35705358230192,8.579176419442069,5.881245735810314
102.75174841582583,113.24098383563049,8.581972499854594,5.8848253804494846
102.63663569226962,113.23925038337686,8.583535880762446,5.888292284956738
102.40678580202116,113.12296399016863,8.585748357935039,5.892121419711048
102.06288171039708,113.12178191936455,8.587033096636763,5.894485561319226
102.2913773532758,113.00599114425538,8.587842023129825,5.897167005412285
101.14715417438171,112.8903235199955,8.586717238460496,5.899545139686259
101.37422602744681,112.66095859630776,8.590532822966427,5.90031569642562
100.57003785148254,112.31568309069816,8.595555396761016,5.903715088444587
100.33943766102959,113.00235551839654,8.598388540372484,5.905471944931102
100.337972173767,112.88613093867652,8.60131951489768,5.908665096829229
100.10598479071734,112.77006474385554,8.606586625759869,5.91144365885259
100.56402520344545,112.65311739708905,8.608426911398874,5.915858074611776
