3.1000000000000014,115.3,28.6,10.2
4.6389734385902806,115.04852385365044,28.712455639507645,10.30158122365458
6.142770509109518,114.97805001909128,28.715378881510418,10.442528892772884
7.044423874056056,114.92251777534892,28.726207904990826,10.553593380257624
9.467620516972627,114.87585845079866,28.734913267374843,10.646912029358141
11.918482049087674,114.86414707082186,28.70284958197293,10.670334789311745
12.835288746220638,114.5468349595846,28.695242092565813,10.696290376833314
14.66785643099595,114.51887234906587,28.68428232995896,10.752215597870766
16.50493009947392,114.50387911922738,28.669440593941346,10.78220205754774
18.948277440898124,114.50039393053765,28.66444678858511,10.7891724349272
19.89839665493848,114.49702005679694,28.595007997938932,10.795920182408612
22.343042617736508,114.49791159502368,28.580784053866537,10.79413710595513
24.799324654929315,114.49444939487391,28.541382351402092,10.801061506254674
26.89603063318051,114.46687551061133,28.608871191989802,10.856209274779841
29.034604506588522,114.45316234439765,28.606448822746334,10.883635607207209
31.223569125574492,114.43634179204169,28.506471174106156,10.917276711919133
33.44782408895242,114.42080728010346,28.330029597413258,10.948345735795588
35.7063310970956,114.421350750185,28.071107639621207,10.947258795632504
36.77368242749739,113.8133580262114,27.749976933731293,10.954196273637239
39.33543238455666,113.50340249283526,27.42638202271537,10.974119215001712
40.98007513100564,113.4869921142928,27.11532493395292,11.006939972086638
42.31269840999821,113.46576311127569,26.816925668944354,11.049397978120842
44.22546461757999,113.15041428679355,26.52016752832538,11.091966581327718
46.9998986681494,112.83536711719776,26.23239451058639,11.13749480014153
48.29811076277021,112.80770168427712,25.960693977520492,11.192825665982822
51.0268600915903,112.7811883125657,25.70698258238667,11.245852409405654
53.73005641618286,113.0479039979537,25.479477733224094,11.287853016409946
56.711981365904585,113.03421577651486,25.24410706104861,11.315229459287636
57.96283854499196,113.01296482924963,25.02193542836362,11.35773135381808
60.60373343448987,112.99207733701019,24.8465671097629,11.399506338296973
64.60795242583265,112.99801752094173,24.755750046212416,11.387625970433886
67.10674308731603,113.31652472458066,24.83418742737841,11.31461364139297
68.47684570394756,112.79017889466061,24.913311444561884,11.239573601054442
70.67231329606064,112.55411863613794,25.031986858765443,11.147992793296092
71.17188357691775,112.31525458745804,25.160487711842315,11.061900183260331
77.46060707538311,113.72207569938196,24.994925097844266,11.069140773715368
76.96018363634305,112.59869715979517,24.87200759228254,11.068369085605227
78.74533022066383,113.40583891706294,24.662128922539228,11.134292820518834
79.11505909973971,114.21195432877873,24.48083111572089,11.196541851087497
81.99446276186768,112.50395339462978,24.288021373730082,11.272945170026333
81.54022115306392,111.64969984372463,24.086274607499238,11.31610729607907
81.06922842525152,112.49101132420839,23.922441938119647,11.29221152261816
79.47735337559894,113.6108554489364,23.805710464217483,11.252844321967055
78.6697261321531,112.81456704984979,23.777948096594137,11.202404265625287
82.28362522260508,111.740499412478,23.653069979764282,11.16502567449989
89.53431041103086,102.50644474569394,23.836612343003814,11.141022668694022
85.49739084737374,101.37412391247072,23.71801451340396,11.22101447996337
86.0957568952369,101.87890332415361,23.612929733352107,11.303102972272054
87.2139677478099,101.8531511661498,23.55937422982973,11.354607288279686
88.03321685160972,101.83373341204529,23.55836534313648,11.393442796488703
86.7005992749274,102.33819521489943,23.49112778571122,11.477508275096358
87.01436874315912,102.2832338462829,23.410561963416942,11.587431012329427
87.6180515405357,102.2265352753627,23.298602565743654,11.70082815416982
86.8580868410669,102.70116579690597,23.174457285358766,11.847616897298284
87.47207159718185,102.89577956968003,23.043968339626723,12.007129634999083
87.82691006369464,103.36996412521081,22.88386440779729,12.15790652632981
87.34758839119992,103.28128891165804,22.742898336927645,12.335256953435351
86.8775636373255,103.48186098314737,22.58141222162997,12.48488062197995
86.11739390318304,103.95572273423964,22.448942231757115,12.639030091900558
85.09969524778005,104.17194074050445,22.277919807263125,12.758199013195945
83.81404019542134,104.41263530260503,22.093782945797845,12.827899282231332
83.0740280344275,104.38877400215986,21.925231937955093,12.875621883121658
81.508375890255,104.38620786193187,21.769649887351726,12.880754163577645
81.30317251750897,104.41267168489642,21.6344868531998,12.82782651764852
80.02289298427253,104.1757911438809,21.481833124936635,12.758945040732371
80.36016386997544,103.93926444018096,21.346472911495926,12.692816890167096
79.61854765188359,103.98077474359557,21.221625230251984,12.609796283337893
78.33574675824786,104.02783365965806,21.123515482889726,12.515678451212919
76.56998175067339,103.78861125424015,20.94735448383786,12.464453117162915
74.81817352483787,103.532734354083,20.7678733726287,12.450050122780047
73.86146202760278,103.26955933630201,20.588422059456207,12.45318158143137
74.1921966981827,103.28384610516434,20.447529350210004,12.424608043706717
74.00367399720056,103.30421519738286,20.306599996440053,12.383869859269694
72.28260135101903,103.32406062349472,20.142585953469954,12.344179007045955
72.8506442063811,103.35127855960015,20.03055340123592,12.289743134835101
72.40093414421412,103.39294282848567,19.91113454327366,12.206414597064065
71.70425021143575,103.42873110808728,19.78586607231787,12.134838037860842
70.9905549915836,103.46213020057563,19.7039094254247,12.068039852884128
71.24654022536743,103.4993545618568,19.692690714207217,11.993591130321777
70.74810943586468,103.5392475670005,19.690908531570386,11.91380512003441
69.50249462044033,103.56089549568894,19.692426248917695,11.870509262657524
69.52214613761147,103.58075957371823,19.653123214575395,11.830781106598948
69.30922530208792,103.5866155616333,19.582998843075075,11.819069130768797
66.16087230687778,103.07317287361873,19.448422589753168,11.856526469299121
67.67649490507425,102.58395241475306,19.377137106654807,11.848314149265605
68.43269994099009,102.34676758859277,19.341073522749888,11.830568305610583
65.54997627090023,102.33528241941421,19.21125059777708,11.853538643967713
64.14373964335238,101.83648929389223,19.085476538625386,11.87170912359588
64.44959422079648,101.81466387385824,18.96188844220343,11.915359963663851
64.26783547092064,101.5452513859026,18.838410558921275,11.967189556541303
64.32879056102578,101.03881479036055,18.71650037871099,12.008050116535312
65.33234914627451,100.55246456134489,18.64879564397955,12.011044356683625
63.457527932704934,100.52757795845757,18.52739602164288,12.060817562458245
62.31012040967815,100.5058694671087,18.407807802602605,12.104234545155991
60.92333448368403,99.76106468913017,18.290587197363244,12.14844787249927
61.461503703439334,99.73539540762127,18.175775249511297,12.199786435517074
60.559618427278025,99.70524390244039,18.060023175073812,12.260089445878839
60.85648839853289,99.67835346556048,17.9454136177097,12.313870319638642
61.38984780805454,99.41095456606615,17.835265171612267,12.370382932154358
60.729969913154804,98.42502222648733,17.72237042972191,12.432046902392283
60.78346149753415,98.4006969296665,17.61538726096322,12.480697496033942
61.06677833125915,98.38147288472278,17.524785462748962,12.519145585921375
60.87966783317824,97.8848388502781,17.42372010400861,12.561840945006356
60.45845246654916,96.90072154882994,17.317252240583688,12.632278354536528
59.32723180484284,96.86766620089914,17.209763762156847,12.698389050398125
60.563653366393446,96.59673069495325,17.104079078413307,12.76682837441838
58.96155782479119,96.80157920654382,16.997691602305242,12.83007114542473
59.25033646219397,95.3524493005969,16.892482148469476,12.89424403149982
59.301729387447445,95.55479805618567,16.78969629796252,12.961332246638198
59.3539535768296,94.34491562255502,16.685247919198204,13.024570823862538
59.40466816472585,95.2538040665746,16.583818743405715,13.089723788992176
59.45769405191746,95.22756436512805,16.4777669690225,13.142203191885308
59.507564845453665,94.49133954294727,16.37802538195008,13.20629158676945
59.55767420888678,93.5215712837803,16.277806655083854,13.269998574067017
59.84316878921721,93.72668919601868,16.175261507756726,13.328206762924001
60.12752408378836,93.69820986669522,16.07435260050485,13.385165421570909
60.4118607149028,93.67442374264625,15.972840551769279,13.432737669668848
61.857545941006464,93.88425909141552,15.87960560192968,13.479422889191616
61.900353228125006,92.70343980815336,15.793991027692597,13.51274982854844
61.94685166273932,93.14595887830689,15.700994158463969,13.55744920673421
63.15404505600473,92.42694415369209,15.607318403944785,13.603052036756814
63.19991206405155,92.64576754711958,15.515584387851149,13.628822487366659
64.3970448679393,92.63110841033516,15.433319658773886,13.658140760935469
64.89255219230057,92.61492684154466,15.365478432841627,13.69050389851648
64.7072130163045,91.90128209388351,15.27511026534825,13.734653835382154
66.57744459377993,90.51752832157656,15.217380536921919,13.740111310102643
67.76974600443792,90.73650799042008,15.130400130660373,13.761676455426475
68.26327863439099,90.74229355851723,15.060348137918947,13.750105319232189
69.89444118886325,89.37817278535877,14.9985715006501,13.735019604112777
69.93957233589333,88.67424690266911,14.90830920658993,13.774844506828478
70.43250259829486,88.90574623978841,14.83290739017258,13.767075186782723
72.51245705378405,88.91322623327065,14.758269463775779,13.752115199818252
73.22147820605264,88.6990583996176,14.69774200008126,13.727945920176802
74.12624147233002,88.28615612219114,14.6928762643975,13.651420076594203
74.15367673591047,87.63468018214833,14.638005737236625,13.604782744353592
74.40980491102545,87.64550525942654,14.57400203306812,13.583132589797183
73.55273776134565,87.42706386338143,14.500541542590293,13.573116684428046
75.3294526478197,87.01522326371169,14.511766623147668,13.50563417039114
74.91771531519021,85.91772090490986,14.445885096659824,13.47724840862767
77.34013594167801,85.95053683364638,14.476096845862259,13.41161655115463
76.25305955952034,85.97839925404051,14.43719637947015,13.355891710366368
79.31555634953715,86.01496692807207,14.487683371735349,13.282756362303239
79.52969706850575,85.60893503820839,14.500128222288314,13.213367565050234
79.97992774315513,84.31827865350233,14.479282427986696,13.155833669470898
80.85743151685509,84.78891825971161,14.478500788040938,13.09166741077941
81.08804604610974,84.16394860208142,14.454784758672615,13.029067638616862
83.68769678503045,84.19596059176116,14.489099073303242,12.965043659257358
86.27873208902362,84.01221164391406,14.534735347473966,12.89689931477182
85.38929358598088,84.045290253276,14.5725755982263,12.830742096047956
86.03461047311107,84.07859141473295,14.58629510746156,12.764139773134008
87.98268120819174,83.4565662996307,14.595470502463385,12.706417714950828
89.26165418063208,82.62480320623595,14.636336207968448,12.637402801483109
90.10626386588503,82.6596841369456,14.677747083238767,12.567640940063825
91.59776720662529,82.47789519148272,14.719961574615246,12.499044377724305
92.43740473828088,82.51171059717834,14.767570087857928,12.431413566333083
91.9913429661431,81.89918497597976,14.796963511202264,12.362369627333342
94.3419287712858,81.93285300019106,14.833505923132952,12.29503357891076
94.32376208018344,81.9668985801843,14.869839305337653,12.226942418924256
95.59205711320173,81.78539626525672,14.911035471972038,12.160316010000935
95.3648908802121,81.39055167758664,14.936183056573842,12.091635422586199
95.56884534537986,81.4231323308703,14.9567290999491,12.026474116018875
96.40449102197339,81.4551215111083,14.99627738716721,11.962495755542873
97.45135105243617,81.27181435967759,15.038941066431219,11.901833310366374
97.43742494978991,81.30371348275683,15.066793271723725,11.838035064207912
97.4277809200922,81.1241792191635,15.086081331119145,11.770773281737478
97.20784864886767,80.73252919664664,15.1004197148067,11.703021009248141
96.98789538850849,80.97786161438711,15.115689793729938,11.636992615562331
96.97651691808187,81.43386141734096,15.138446734583177,11.572569436013927
96.75776522317315,80.19728341117926,15.15286970156757,11.507242911339151
97.17362893646049,82.12978967862577,15.165599025482166,11.442285753647797
96.11892685696674,83.40941662251578,15.168226801404257,11.411163525546314
92.95609453983305,80.70484362217069,15.180642448570097,11.348827070748484
95.25743541398401,83.44581515419316,15.198477689326836,11.327494993772879
99.22211740778081,83.24877445721881,15.24852618115133,11.301607309857435
100.26551745296875,84.08529277887078,15.263275247715967,11.309809992105919
100.0454393075956,83.87485528419175,15.282760188160337,11.310013631162025
99.20100758642171,83.6662440390546,15.287729682035542,11.306262634318191
101.08126877375523,83.24988872298184,15.31609728368048,11.296997716172177
100.6498622105155,82.83286012565708,15.33637101954063,11.288515520202377
100.43008112770002,82.41457750037478,15.354492846574843,11.28220009357351
100.01560456274986,82.82843423652922,15.340218579458366,11.297714018281455
101.26680425333586,81.35474176827285,15.367726433315326,11.293540513927097
101.27484503661269,82.39785822138555,15.35164486676166,11.317326503949246
101.47538030879794,81.12878517798768,15.372724493860348,11.322571561929827
99.58496533541751,83.44628674793951,15.350515890956936,11.335726649393617
99.15675982641329,83.23669882181377,15.362053620125529,11.332465857225163
105.07725316955067,90.84633613253604,15.352737597668733,11.32533923211803
103.80710856926622,90.43930565776495,15.359231505845258,11.294801750862774
104.85645034238377,90.24285594720381,15.370020231955243,11.26580671751602
105.90016492966764,91.52097205044876,15.390494659286764,11.239058833305242
118.10082710273693,101.86435862786433,15.433396089576787,11.203441937870684
121.02108942817904,101.24380190710322,15.494148007017532,11.179996114751845
120.99224506413077,101.47272821854946,15.551836735114081,11.14420445181491
120.97086923880619,100.20574629144195,15.594588385763243,11.144069276412356
122.19282921429088,100.84967549408817,15.688673049056295,11.12521317825112
120.67417017386998,101.07339049465564,15.75711876479665,11.101907800702119
121.06674151434413,101.29982142249567,15.821540128107879,11.073827967151841
121.24719280962944,101.52208644028826,15.88593519271575,11.054595586745133
121.21807027476939,100.67558620219263,15.944180262435859,11.043759933986571
120.76102996203413,100.89339974046376,16.004929372686128,11.034798615054434
120.95172975713947,101.12147395982453,16.050971068832673,11.006091462690177
