194.3,129.1,7.0,10.2
193.80156465562789,128.59706602343712,6.996870688744241,10.20586795312571
193.80339528024513,128.72972866279648,6.993209439509795,10.21244769924638
193.94182702541715,129.27274875812932,6.988289997531235,10.214183702042737
194.08066127441245,130.09156575649,6.982509904081024,10.207880132563766
193.2674649469719,130.09641285178552,6.97872573244783,10.198185941972774
193.67616665854516,130.10146072478068,6.975779103010341,10.188090195982475
194.62816299679778,130.37280488664211,6.970766839801527,10.18796770463001
194.63185215609224,130.64651768193067,6.963388521212635,10.182937033432308
194.63525364201374,130.51487780797729,6.956585549369604,10.175218888859435
194.4980213960215,130.51959680160394,6.960282989960056,10.165780901606118
194.3622110997351,130.6589977144158,6.961218390929783,10.157664267585437
194.36006792116365,131.87955683780152,6.965504748072684,10.151742093157079
195.0337501480695,132.42383818185147,6.970933934386484,10.145414317157506
194.8962619487875,132.29165257636734,6.975357361582132,10.139232556757467
194.48636160088535,132.1586431045148,6.983560127195998,10.134718857065696
194.7545802903416,133.10961917828917,6.988324050893389,10.126971268651635
194.7503785338861,132.97767027982437,6.996727563804376,10.120306958993272
194.88313922049923,133.11717768619417,7.001806830128381,10.111892785803924
194.6082163506564,132.8499902610559,7.010538328378153,10.10515339464461
194.74085276278853,132.85306027178598,7.01586537397213,10.099013373184444
195.5485588398891,132.71870740508945,7.024023389427762,10.097124078301368
195.14167448775143,132.7204963292202,7.025686030739957,10.093546230039868
194.1889214667811,132.71266819899776,7.036465788357844,10.109202490484709
194.5907598513197,132.70543485165655,7.046068230168909,10.123669185167177
195.3995602870124,132.69691469145562,7.057306825382628,10.140709505569014
195.2609622239252,132.82494038889712,7.0625831001933665,10.156577962049726
195.25145071094357,133.63194910683086,7.081606126156626,10.176056844325872
195.24539738398212,133.49177573925792,7.093712780079476,10.183540897059704
195.2383295560869,133.48470847983322,7.107848435869913,10.197675415909062
195.36670316634243,133.4822879828767,7.124729896354519,10.20251640982214
195.63477730552114,133.47758879690716,7.136548147293123,10.211914781761205
196.58713367126845,133.47199594243781,7.152096791193419,10.223100490699888
196.30669175427303,133.46419870161557,7.163476408161483,10.238694972344378
196.3019798720924,133.5942114606347,7.172900172522764,10.253848484303102
198.5004357896712,133.7230373397335,7.185055655726592,10.27176343350313
199.73541011138488,133.85038759363738,7.199484109155563,10.29310482534607
201.11467110649448,134.94478784285448,7.207033266289911,10.317161244794724
200.41753419560015,136.0432924382711,7.215810568335991,10.336946485549534
200.40941278707396,136.72849834444207,7.232053385388357,10.354268719271444
201.09758816924247,136.72124278301405,7.246107374896886,10.368779842127502
201.23451328856527,137.1447708131476,7.250792978026694,10.357331307186655
201.09363297860702,136.87231421014909,7.254114338960857,10.34536599521898
200.81177096955804,137.01483855168212,7.261214218367097,10.3386293814988
201.22663771046194,137.15703912074522,7.266462830292672,10.332555607950315
200.1095678489429,137.16173947077664,7.274026840157592,10.323154907887494
199.97055514372968,137.30074865452548,7.2737479955068505,10.323440795467048
198.71405280709547,138.27862635993344,7.282016815966059,10.315813270169391
198.71051284319637,138.69855424920075,7.289096743764281,10.310932409782486
199.26307769669756,138.56206249334187,7.297439337819776,10.305547846235733
199.25841541876827,138.42671006920108,7.306763893678346,10.297828275940834
200.22918637257726,138.5710004285768,7.3144515870901685,10.287708928765074
200.086287789755,138.8546028181237,7.321814294091146,10.277373066958331
199.66410131882196,138.85928937487506,7.330990893924506,10.267999953455634
200.9131628459826,139.00361792421478,7.3385382331826525,10.257750676285037
200.90999587180568,139.42631932288796,7.344872181536495,10.247477047365106
200.90842034498436,139.43132635284218,7.348023235179149,10.237462987456722
200.90733466941816,139.57605897757674,7.350194586311564,10.226221331285343
201.04509248560703,139.8599279027466,7.352766705023865,10.214658983125727
201.0440887802085,140.55409109928934,7.354774115820873,10.216100654331193
200.76360521552394,140.42000802363364,7.359723436611061,10.206257901353089
201.73143982003953,140.4246147419638,7.369636945751745,10.197044464692718
201.86334880049736,140.56329330493654,7.3837826257818735,10.197650979693087
200.8886117187868,141.25529767006384,7.385807245987976,10.204677637449224
201.3088321410222,142.3644958455655,7.380410625105319,10.213065882681054
201.30695439682344,142.77801389791182,7.384166113502806,10.221190895676068
201.99558462546233,142.9021697283414,7.39977304407387,10.251452712386675
201.15621543841038,142.75174215636875,7.402743356974324,10.273013179464696
201.15742741221666,143.7247581420092,7.400319409361781,10.284696009989133
201.15919707623402,143.9958656223697,7.396780081327043,10.302105057249081
201.159863893333,143.98729468768437,7.39544644712906,10.319246926619744
201.15716988132053,143.9881226419676,7.400834471154053,10.317591018053296
201.0111010655607,143.98604862791154,7.412648777759246,10.321739046165392
201.00404041590556,144.25939831535902,7.426770077069524,10.336204659384856
201.00296577134915,145.2431261794055,7.428919366182372,10.336011917230145
201.28045586033534,145.37526306943127,7.436079654511487,10.352808370329347
201.55468397137653,146.2129710848149,7.450514630346597,10.366065933314585
200.9837470681805,146.20933456924195,7.4648388175043205,10.373338964460503
201.96628226108336,146.91392274154023,7.4754196177611725,10.375342038480152
201.96376271515544,146.90795818674826,7.480458709617029,10.387271148064084
201.67112666181046,146.76183809372654,7.500315597667898,10.396803724787958
200.67174178376573,147.60166825867307,7.516809806016384,10.416236721530039
201.23022962626032,147.302531166751,7.534844169804038,10.447005880985701
202.22352948719276,147.2847058269783,7.539896020085232,10.482656560531153
202.21569684676197,146.98165100925323,7.5555613009467875,10.518465436117587
203.20963188507466,145.9568948274699,7.569392121514655,10.56627690249097
204.3511901208862,145.9399786684142,7.581612781832299,10.600109220602407
202.47425054596602,145.92290335156196,7.59621563037952,10.634259854306869
202.32433194878095,145.61494483754637,7.607652367764131,10.673375968367003
203.4752686384808,145.4499035974389,7.619279561641737,10.714270876922297
203.6128499590592,145.42907122931868,7.634121846519899,10.755935613162704
202.43717472316405,145.40694686301669,7.658373910216018,10.800184345766677
202.57118555437611,145.8209343172032,7.682317494071745,10.848105176233181
204.76062593749182,146.8254741563695,7.699848214221127,10.890684191544935
204.16190684907087,146.80678634217867,7.72114667419841,10.928059819926625
204.30123496538636,146.50662214514153,7.7374493373802204,10.938470422375245
207.54930073801165,146.78687393788707,7.739863776858967,10.968743744586847
211.68778267930026,145.88170526204718,7.74783264871095,11.003738363174643
215.0918645578173,146.16746759654922,7.7604717564116985,11.025326986756214
220.72944047797498,146.1479882712241,7.7749645507863585,11.064285637406414
226.5307116277098,144.7957054040562,7.791726473834733,11.087473474238104
232.04458136633775,141.35720355541966,7.810819245674873,11.097527395046074
236.67688023214362,138.05014046146565,7.816263690926604,11.132913973567108
240.7203370260011,133.38701828899454,7.820270954721655,11.169582526034901
244.32079429394278,129.4612535843946,7.826301795986681,11.21358777665736
246.72444655182528,123.43107442365347,7.835963251841657,11.23153116908971
249.5884831463229,117.38844471664186,7.836285768589143,11.257010149970386
249.58979938600856,115.11308370757608,7.833653289217821,11.279410942539068
249.13745588378072,116.16872306751613,7.831783804567833,11.2834306972389
249.2866706199343,116.16192016230356,7.83556993268553,11.297036507664053
249.28616225986244,116.30165062934091,7.836586652829288,11.320061410018244
249.28272812281133,116.59224477326069,7.843454926931479,11.344579867849433
249.8867045239172,117.49593531676715,7.848866300164311,11.357245044003344
249.58069996348803,117.48953273351744,7.853627458149813,11.37005021050276
248.96715367624427,117.62870013815424,7.86512716818784,11.39561361734151
248.9620515573659,118.06950305053915,7.875331405944587,11.427444488612474
249.10960026402338,117.90668868283555,7.885367365326388,11.447939851322905
248.95157295252838,117.74990532722987,7.895809480658466,11.455894054876309
248.64004129811457,118.5093911553044,7.907057682886558,11.466460165226021
248.6325741387124,118.50561883554522,7.921992001690827,11.47400480474438
249.39205898764203,118.5026351324312,7.936119346810292,11.479972210972429
249.23367065844005,118.49615641784789,7.945950441445205,11.492929640139039
249.07287730235956,118.48282418953735,7.960230590705986,11.519594096760096
249.0703419134129,118.4714622783919,7.9653013685992615,11.542317919051019
248.60663164385505,118.61235726863637,7.967579804558147,11.568908639614328
246.598836800525,118.90182579890782,7.968465852051505,11.607618292789395
247.213465321327,118.41861201673451,7.976917221541242,11.645764548815722
248.2960815757056,118.40630816063381,7.982722544555189,11.670372261017127
248.60500728259342,118.39321452314607,7.986109772870192,11.696559535992606
248.91648668997894,118.37786310749763,7.985299001662981,11.727262367289496
249.8452904470457,117.90656231810318,7.996854954970272,11.73528221235798
250.4602416725342,118.05158293302355,8.014320528153249,11.757082988557253
250.30133761971499,118.19682297191488,8.019663765437805,11.779067779128399
250.1422330580758,117.09218207543857,8.02498466159236,11.798131982214219
251.07994325754197,118.17451412763222,8.029165055460053,11.826335469426944
251.38632011141297,116.90610973741424,8.043941740480362,11.853022678813563
251.38130923590586,117.51900250010148,8.053963491494605,11.884906906127691
251.53259919833343,117.03292433031953,8.066452800459583,11.911855544231168
252.62785030771988,117.17856879009003,8.085761191966096,11.936253854730092
252.7834005306601,116.21907980022796,8.0910411158564,11.95694961582996
253.09472465481326,116.20435488430562,8.101958775901512,11.986399447674648
253.09205437854305,116.34314731983466,8.107299328441885,12.026227243278333
254.20439634903624,116.80797805422922,8.109362697374667,12.050886050168836
254.19088833877208,116.46916027320384,8.136378717902959,12.091490313248135
254.17399681935012,116.28620515644525,8.170161756746891,12.137816833625447
255.28413259132003,117.06150146338757,8.195852613498817,12.19148307737773
255.26605131673105,117.04015303383014,8.232015162676733,12.234179936492598
255.24832414639448,116.85517614481381,8.26746950334992,12.280784993518935
255.06922195766973,116.6773350373775,8.301024935285945,12.311818262878063
254.5730027081386,116.67742583317575,8.316420481166874,12.311636671281587
255.05100995883888,116.67721189521184,8.33821243318988,12.31206454720939
254.87641265930355,116.67924325680555,8.361101017748812,12.308001824021977
254.2132872657043,116.68167619844229,8.380845854665044,12.303135940748488
255.18386316985013,116.68553017478374,8.400986701914308,12.295427988065597
255.1759451927167,116.52556256532567,8.416822656181116,12.288262228089453
255.0033101797919,116.35752366671403,8.434836547700264,12.297083890982243
254.82768594686576,116.02529240285253,8.458394324207328,12.306165040014749
254.979429932477,115.19160233052669,8.483127918089195,12.332437359144883
254.96442304559915,115.19299340748707,8.513141691844874,12.32965520522414
255.27638871321665,114.85169915895929,8.548192974534025,12.353261084355587
256.24753678016725,113.68269867475021,8.588503668616642,12.378220753459164
256.551252780216,113.83070547632913,8.644043097488597,12.413692864786032
256.85759964138424,112.48078633468315,8.697250122928459,12.44992815697236
256.9950290347463,112.45001225705974,8.756778961582647,12.51147631221917
257.15022872767804,112.07249321330772,8.782695228380097,12.593883094401281
256.7814426551982,112.036397164252,8.844262223692555,12.666075192512743
256.75211364404623,111.99379434062287,8.902920245996429,12.751280839770995
256.7326608506074,110.92068349766629,8.941825832874214,12.843097141750281
256.70422867434,110.71286901075419,8.99869018540893,12.914278976958729
256.67636577516157,110.50365988400137,9.05441598376575,12.98621947824087
256.8204022783392,110.99587374447948,9.114843949182276,13.0472946725997
257.14552622440493,109.92060462342762,9.165469693500816,13.095212005353709
256.94376712109334,111.12659520205324,9.216978864897708,13.147294094686714
256.56506851168723,110.39567820963005,9.267057361218235,13.194490634549743
257.6072638107207,110.53638420213932,9.313934911642407,13.268290007613059
257.5891428542673,110.51112391358745,9.350176824549216,13.318810584716767
258.1065615806578,110.49526342235345,9.390804765774627,13.350531567184797
259.164175905288,110.30319823299652,9.43346028069582,13.375014585201724
259.3247979838867,110.82913866120101,9.472945567536186,13.405322060905824
259.12826786870005,110.63233223147273,9.504158190974813,13.437087313427835
260.3881218225194,109.87991543120363,9.524404418557909,13.490518550982227
259.8269126741657,109.84965748037456,9.554816527416062,13.551034452640366
259.8260956489682,109.46521303429594,9.556450577811136,13.58906253792426
259.8217247947257,109.6224191562081,9.565192286296071,13.640687874670384
259.9971611145562,109.95191085215437,9.58128971254207,13.715644614591783
259.9992157746828,110.10893060919648,9.577180392288955,13.769985393591446
259.9933740039294,110.44151408296771,9.58886393379576,13.843098238862252
259.9805376664414,111.7286650264208,9.614536608771727,13.86193157247288
260.3402394943826,111.88887354103012,9.637457175259478,13.912676654439311
259.95553307407204,112.79346112473802,9.662237097281357,13.965083783521496
258.63749409302386,113.71364037237814,9.683625768109145,13.992360496290312
258.6344290437339,113.88352061100832,9.689755866689003,14.026898541031656
260.11938753187843,114.98212552999503,9.719250277196485,14.079247243155603
260.2942571919552,114.58928415485931,9.745725540956489,14.112500825599952
258.590107513091,115.70180878414368,9.759568805373346,14.150422295905567
258.5838342253861,116.42715210060284,9.772115380783136,14.211614095437165
259.7146021556827,116.59335048245691,9.78523880356763,14.258327212291967
259.70908299260986,116.94374676596918,9.796277129713252,14.317613298996111
259.13189036268056,117.1133104273362,9.807286994814646,14.35961110784783
259.8840592824306,117.47885594047496,9.830738798906678,14.392414903366356
260.0654290065645,117.27203126199262,9.850836776846956,14.423226834122953
261.41348549211966,117.84338585342473,9.84021223988924,14.431441265895568
262.5646333104979,117.82899099331786,9.839449567966604,14.46023098610932
262.3691635341076,118.39598945409533,9.846375398373157,14.478275231676832
261.98139445894617,118.75914903382518,9.853106399023293,14.520763221889899
260.6262128683096,120.27594451315511,9.867338261849598,14.568465198597906
260.6239895635315,120.24695543906658,9.871784871405744,14.626443346774984
261.9720698208544,120.808767542558,9.885177091185751,14.66405602597462
262.3561779323383,122.32643044764174,9.892708729489936,14.731721660895237
262.36160358007214,123.27455292491621,9.881857434022306,14.780612283652827
262.3624814656457,124.02784596875581,9.880101662875168,14.832376391944331
262.35670471207135,125.17633625547435,9.891655170023927,14.877456140368048
260.98799129447843,126.32915470143834,9.890538869856659,14.919141935885598
262.16933986746557,126.89537387153075,9.878844328286014,14.9622048979026
262.174931448983,127.07674723818153,9.867661165251182,14.991748654266132
262.1728465506112,128.62971154919663,9.871830961994796,15.026225071091343
260.79148358879667,128.61000291292433,9.882557529194317,15.065642343635933
262.1640304497671,128.97964989985616,9.894901225461558,15.114187632117497
263.5372860723531,130.53765940755568,9.912422446334544,15.157062863626841
263.5278796119277,131.50412653787973,9.931235367185318,15.203153117314049
262.92221833919126,132.6761597649407,9.95210287693634,15.23999673463566
261.71825191312934,133.86076799834842,9.973677984107901,15.257138012772563
263.11281439556103,135.24184129720157,9.972988153754955,15.283426549576708
264.50379870174515,135.22373974788508,9.982159072262037,15.319629648209675
264.3112575378454,136.2198060947958,9.967805309187561,15.324677408757514
263.1092553293757,137.59448934442185,9.976181072658292,15.370211005218957
263.097192584832,138.9575935371372,10.00030656174572,15.444709629116549
263.2854855545837,137.72938805372294,10.025353808077806,15.491321480931155
264.08282703845487,137.9108032010526,10.041706991899414,15.531250224162822
264.88308576203866,136.87815482350936,10.055740334176601,15.578358492443394
264.8865082468324,136.89164180805167,10.048895364589017,15.551384523358784
263.2721695939999,136.6935506490344,10.045068849006936,15.543503863737458
263.2704012549951,135.26124371456078,10.048605527016537,15.580961266058244
264.6874194195203,133.24769164001526,10.046106183861617,15.56301257815552
264.8863647030177,131.43414185200655,10.052407522466302,15.552385003778065
264.68935924625225,129.4267627123275,10.042281294316144,15.525771866325927
263.2782404601702,127.62322924945009,10.039567317840625,15.500758229544127
264.6958139731202,125.62174403703963,10.026404573473107,15.472322537889958
263.49185812262243,124.02322573812886,10.019380138713766,15.449444288038404
262.9018256570112,122.01759053103122,9.99336920998618,15.440461835733425
262.71324139419625,120.39436186686912,9.969085373972218,15.475300270905825
262.72164716778207,120.00200240701531,9.95227382680059,15.456877450297664
262.9291925409512,118.3925751828705,9.938192756262916,15.467654492182765
262.93812282914075,117.969049710967,9.920332179883795,15.512834005898007
262.35365426671757,116.34843780137129,9.885316002385498,15.543515685503673
263.3563414162373,116.33297092875343,9.885898896817636,15.574449430739396
264.57255928871695,115.10590282796049,9.863472519233968,15.618576264949613
262.9672396524712,114.49986579289266,9.858462982440194,15.624782031603337
262.96963276494324,114.48823888715205,9.85367675749611,15.648035843084555
262.95985979386086,114.0616804976852,9.873222699660884,15.696682060716423
263.13545466504814,112.83759909400322,9.925331657779083,15.725052665123446
262.71058922054004,112.83759107664523,9.965851387267739,15.725068699839467
264.105946498759,112.63302691552067,10.012159385302322,15.728908085735348
263.8848891575269,112.22744914286865,10.048146930287228,15.727809356080922
263.8627789279637,112.22855085859655,10.092367389413697,15.725605924625102
263.02521203068284,112.23049087764387,10.137791102978268,15.721725886530454
262.8053289096904,112.61502258604452,10.169424460021503,15.76892823961229
263.79981990420316,114.24019079461391,10.227334263001895,15.793618689682924
263.1667936112699,114.6413873645351,10.26121151506604,15.812675772375437
261.6949407167739,116.0519668153677,10.32383936319425,15.872594811574128
261.87626897179064,116.26574412998679,10.374723870160128,15.858581199335354
263.3083860973386,117.4729248144251,10.409771683726513,15.929318743026412
262.6581330976234,117.4585686328503,10.462751142680837,15.958031106176
262.64157989951934,117.44861644640292,10.495857538889048,15.977935479070778
262.6264850211377,117.42064199247362,10.526047295652326,16.033884386929373
263.0236267970306,118.23023727696481,10.570516338048874,16.092199006311727
263.01055340940604,118.21714494823395,10.596663113297936,16.11838366377345
262.7864023481576,118.60366097242866,10.623124837890417,16.189032411192986
262.564065382807,120.24991907095855,10.644444574647647,16.283349765685145
264.25651207843276,120.42514389591635,10.660670778755884,16.358040065189552
264.66466892002967,120.58553821944551,10.697442729275716,16.46379423498808
263.7865154382089,120.56422128571386,10.738707614086072,16.50642810245139
263.77050255776476,120.52621657181867,10.770733374974222,16.582437530241776
264.4078412859422,121.11488740029132,10.791415418030347,16.700455372707413
264.61820613216486,122.14845381179954,10.804604720440638,16.80291752396917
264.5997353668403,121.90251930057244,10.841546251089735,16.859096847126285
264.8037067489833,122.08609216799042,10.870763627163386,16.929111252649818
265.6624165456164,122.93249577901207,10.90818294794999,16.991142944659366
265.64460220897047,123.11032189968164,10.943811621241876,17.07576735071289
266.0698036329283,123.50916548655829,10.977718378356409,17.162389781989766
267.8326779612167,124.37003975293302,11.004242381344225,17.216777579022565
271.60728551915474,124.57011110017089,11.025163129616317,17.26193699420259
273.5939019522111,124.98675431734286,11.068957907019925,17.32132336952893
274.92203361185386,125.18111726587989,11.100518649114244,17.38056814935151
276.47814279078034,125.39579482813963,11.134078195366046,17.400609868275584
278.25855108380745,125.60792492712285,11.175377717845848,17.4266141838759
281.4211259435532,125.82010182288067,11.169161974722687,17.453612819243695
282.77629772609174,126.02132462521234,11.168752684545096,17.502822927063626
284.79071072007434,126.27035061306455,11.211455615186049,17.457163053426537
287.93511798272493,126.4935699865267,11.25653581350732,17.463145358189585
289.7130147537114,126.46612398130513,11.326899738881037,17.51803736863273
291.27833304488627,126.42256598861616,11.383240881546358,17.605153354010675
294.2227725716351,126.3880662829869,11.442470792394495,17.674152765269184
295.8084633651208,126.57884518690355,11.488189348246248,17.75218069212491
296.01254511139604,126.58795204414122,11.541559944009755,17.733966977649573
296.92808902898946,126.54834420083625,11.559092742935784,17.813182664259493
297.3885285405115,126.53419446151602,11.565509944123768,17.84148214289995
299.00369742336164,126.30522354746533,11.58446011086577,17.83523998065245
298.9844846569638,126.07569070364069,11.622885643661451,17.829897745563738
298.73808805610054,125.37925118932212,11.650706466434958,17.82785963734196
298.48791563865336,125.3705503311312,11.685642763495471,17.845261353723814
298.4587628292109,125.79457204726829,11.743948382380363,17.92973442467584
298.2249630387572,125.99192345766434,11.743032445116427,18.00354712205507
297.0397377197943,125.9543979190639,11.765395529710394,18.07859819925597
296.7875849239987,124.26680920986432,11.798572377845492,18.155874413462207
295.35179864438993,120.68621262926983,11.833014077478852,18.224240425690915
295.3289366657731,120.42199621695488,11.878738034712562,18.27820530436042
295.30861570529845,118.72439099300894,11.919379955661821,18.341049015869174
295.2896668296442,118.21004718225333,11.957277706970311,18.41436504497908
293.85084907070586,116.49006803121276,11.958323992566832,18.498302576066695
293.6077356787617,114.54045780575788,11.96383212942069,18.551773850700283
293.5929368303906,113.55340564854342,11.993429826162856,18.599399340054166
294.0695628941401,113.04355152728857,12.005852396599627,18.653432884628117
292.38326900794294,109.40389672452207,11.991398936843538,18.674796992695942
292.3713920733552,107.93512420199188,12.015152806019103,18.708685313035936
293.35492950654157,102.57459638322187,11.987496006274807,18.762941584119215
293.5911959906917,100.59898872708459,12.000171796264262,18.832486830076732
295.0607066817064,96.6998365905955,11.979985231159917,18.847231591254445
294.8309741672184,94.0085698507469,11.95309520185663,18.879859429879676
296.52476006674357,91.80452558474731,11.970284055378636,18.910398551428663
296.5182804631683,89.82382918477275,11.983243262529221,18.974631559790627
296.49914860634294,86.3668801902968,12.02150697617992,19.051872495573438
296.4697413090834,85.61786953344418,12.080321570698983,19.079464286281336
296.44546007120834,83.63980569947566,12.128884046449082,19.103183053409225
296.9344032072667,81.92457993284593,12.136452814409932,19.084541946397103
297.1739385973297,81.92572348128502,12.149955668913499,19.08225484951893
297.9118933099686,82.18045198387426,12.15234591287578,19.06556440075379
297.9141597992637,81.93376687465202,12.147812934285602,19.06637982639344
297.90950872924094,83.41790842054249,12.157115074331168,19.05304132117409
297.92075974998625,83.40784134195889,12.13461303284054,19.073175478341295
297.92225412225343,83.67388112422762,12.131624288306119,19.033466951964947
297.92335588468114,84.15742329438443,12.129420763450796,19.049824884660175
297.9215376963781,84.40024806248415,12.133057140056831,19.056106372251804
298.1634130392227,84.86334381518297,12.141393570325697,19.11408909877026
298.4050420106711,86.30811142790641,12.151238552227998,19.183171422118196
298.3868560504703,86.28248096291696,12.187610472629586,19.23443235209708
298.63229980005934,86.22703593177094,12.192421141285418,19.34532241438914
298.3572724612598,86.68737309878082,12.245023447868661,19.419552822401094
298.35293249849883,86.89713057915698,12.253703373390595,19.499497155866802
298.0846412723574,87.37097598508339,12.289474371074672,19.55342925321175
297.81812551437093,87.58177346762899,12.320277565000564,19.634062610167582
298.3294454116185,87.78620925345784,12.305565731618742,19.729155019066546
298.3235144401601,89.27263727727657,12.31742767453556,19.787192539380474
298.33172726395327,89.24918701580555,12.30100202694925,19.834093062322513
298.3305246213473,89.47073253753851,12.303407312161218,19.897654689629643
298.32525636038656,90.19764693626261,12.313943834082693,19.966777322825997
298.33031103681986,90.16823104080734,12.303834481216137,20.025609113736554
298.57715664183337,90.43216251697557,12.319726904462506,20.007329794673527
298.0707744651427,91.15206666171372,12.31333623904704,20.09625403339255
298.06297819597665,91.1478236602171,12.328928777379126,20.104740036385778
298.07699807692387,91.13687937859554,12.300889015484652,20.12662859962891
298.08996185059107,91.8869564665425,12.274961468150305,20.15963471608609
298.0903651865666,91.88394083206174,12.274154796199277,20.16566598504762
298.08589511442744,92.14933318527106,12.283094940477543,20.146068738031182
298.07801040039146,93.15244944053048,12.298864368549514,20.184013490730393
298.0666002842552,93.41129895324082,12.321684600822145,20.178196516421476
298.0663795086163,93.39678259772924,12.32212615209985,20.207229227444614
298.06087892412916,93.63808239505192,12.333127321074087,20.237254912243284
298.0295777503532,94.39231055779909,12.395729668625986,20.268588041209693
298.0118971640913,95.12002415737325,12.43109084114986,20.35754549397963
298.0077467021152,95.08245236076918,12.439391765102114,20.432689087187754
297.73787404693985,95.31471941468594,12.46113482862361,20.486157226183447
297.7206872200939,96.0670477079631,12.495508482315513,20.539024344208066
297.6966215673634,96.0253468856982,12.543639787776476,20.622425988737852
297.1668414319537,96.79572840318623,12.557957081081808,20.649527420033046
297.16077187127337,97.05242099507659,12.570096202442386,20.65941380609549
297.14355186736464,97.56908714681168,12.604536210259914,20.673333385739948
296.8854440022978,95.48955693898755,12.596333087004663,20.637042974276515
295.83920924720945,92.86361402161495,12.59386590267648,20.65158707275968
295.3129202051331,91.06005345271419,12.598621838686897,20.591330692063032
294.00908857287413,90.80382283136963,12.590857825798293,20.580706479270823
294.2678393445059,90.02603907401928,12.596150447435512,20.567891499268992
294.0091405783441,90.31409358897177,12.590856944582248,20.51447350454086
294.5401570658572,90.3609651556311,12.572419545128698,20.420730371222184
294.79242059315766,90.92210484444924,12.5879675958284,20.338601204187288
294.0133885119535,90.96115013938852,12.588726525736785,20.260510614308714
294.00088570330314,91.4975438482918,12.613732143037483,20.223600186042937
293.98028204763045,92.01642806621058,12.654939454382925,20.221441520933215
293.98008911274974,92.02988417486335,12.65532532414427,20.194529303627675
293.9602911233047,92.01419921146518,12.694921303034299,20.22589923042402
293.9344914404387,92.25887002455664,12.746520668766419,20.255767925764637
293.9236070750623,92.47826366974532,12.768289399519231,20.337512033144517
294.18275865710723,91.95062645366428,12.772117641506576,20.348523653151904
293.91800503266205,89.59191074657296,12.779262843686364,20.364696646939098
293.9066650188122,86.2067081186803,12.801942871386181,20.33965757022636
293.8963693989721,85.93218662751991,12.822534111066233,20.365968957449
293.87329505751893,85.36742566707426,12.868682793972651,20.448539285351135
294.1028356901264,85.0675857493528,12.935101180564098,20.522719468987642
294.08254401761076,85.02344803710449,12.975684525595415,20.610994893484264
295.40084797272937,84.98610498827074,12.987851250556707,20.685680991151774
295.3684983013983,84.94917551398609,13.05255059321883,20.75953993972107
295.3404343906473,84.90772244728451,13.10867841472073,20.842446073124233
295.05272958786065,84.84218197967976,13.148598746599317,20.973527008333722
294.51965438200835,85.87748943842597,13.138470240286708,21.05546992687571
294.50331179729704,85.88416566882914,13.171155409709334,21.042117466069353
295.32472545965584,85.8426407989276,13.146990819803182,21.12516720587244
295.5988204610079,85.51330694000444,13.139198472054883,21.243437268762865
297.2369465553489,85.17540775752941,13.115229580095688,21.37718841759246
296.97096937420764,84.86849230829978,13.103529213640938,21.44736458731451
296.4288584340521,84.56560899716979,13.098726723993362,21.50861902459504
296.96248127929016,84.56441929587959,13.12218480748028,21.510998427175448
296.9340302293396,84.54701292455684,13.179086907381372,21.545811169820936
296.900518335654,84.51110990703162,13.246110694752605,21.617617204871365
296.8627471841992,84.53683148078332,13.321652997662179,21.56617405736799
296.8463779810963,84.51522401404576,13.354391403868,21.60938899084312
297.1082809703599,84.5223345741917,13.381781687461029,21.59516787055121
297.6358155392018,84.54397330266963,13.429603114274418,21.551890413595377
297.34368057182485,84.49325124601157,13.462271500268027,21.653334526911486
297.3111877383898,84.45936925456564,13.527257167138185,21.721098509803344
297.2742380621262,84.45222031660336,13.601156519665366,21.735396385727917
297.2433708455221,84.43589211203395,13.662890952873422,21.768052794866726
297.19482909747774,84.12663615903564,13.759974448962256,21.827765972110203
297.15899256771934,83.28002874780191,13.831647508479028,21.83696916873599
297.10654903176084,83.2815403461534,13.936534580396051,21.833945972032993
297.0598281675241,83.27884965688772,14.029976308869593,21.839327350564364
297.0285942399704,83.25203274805416,14.092444163976863,21.892961168231473
297.28166456898754,83.21754537647749,14.154224651953713,21.961935911384806
297.7999395906996,83.50284265762862,14.25768002669767,21.96134405816654
297.75905842208545,83.49679548524772,14.339442363925947,21.973438402928345
298.0076522350539,83.47050939447004,14.415543268333181,22.02601058448367
298.82775579341705,83.47238854419331,14.50142086781624,22.022252285037162
298.77695410497336,81.4677537581681,14.603024244703606,21.99430632148575
299.0271050840166,77.46956323327214,14.68074635372622,21.898350431749762
300.9880888822679,73.14826731913755,14.803863767275239,21.872902952765628
302.68893354283256,70.86840724524181,14.879418681314956,21.796297453665037
302.60704512960734,69.72543356423793,15.043195507765445,21.763693703530386
302.2680812215086,68.60261763125048,15.139251465752938,21.68183813666577
302.2321459638426,67.4500238468957,15.211121981085022,21.658130277579815
303.07886293289886,66.89430598282743,15.266860206994426,21.603451229701687
303.34225432545065,66.94362646838475,15.32322672830765,21.504810258587053
302.9949775735195,66.6535243696709,15.43520118382709,21.50243540767189
302.9604887039431,66.42062946077874,15.504178922979863,21.383826044344097
303.2434221444106,64.0577756904618,15.522039767638091,21.4397117802326
304.69740798559894,62.57795987468993,15.538459448766083,21.474952048271646
304.6749242860185,62.2869178905624,15.583426847926926,21.471346906849856
304.9279069263709,61.387085840659864,15.663839712010418,21.511876572290134
304.8909832244523,61.34176621760957,15.737687115847462,21.60251581839073
305.14771800435574,61.02234851035428,15.815154876085202,21.6504139128568
305.98154434801904,60.43174277728064,15.926356731614716,21.645722350433307
308.0117059759136,57.75656973461693,16.02905331761535,21.643614353459647
307.7225678785257,56.903201050710905,16.010949340174793,21.56121120462234
308.28067510359057,56.08327505291773,16.084370383000003,21.416609960776178
308.59463868769495,54.0242787734516,16.05025187124411,21.377941924537875
309.828580214715,53.78481136469043,15.952980370007914,21.264223853859253
309.8802179453605,54.16029141960195,15.849704908716829,21.10256815724276
310.2015732587425,54.25234597953974,15.79211519688988,20.918459037367167
310.23044603577944,54.64403282449167,15.734369642816034,20.716429923048608
310.2541801100931,54.74643177688775,15.686901494188689,20.51163201825644
311.43530561199077,55.11508884824538,15.61808603266467,20.34767676110903
311.69934758029444,55.48057815353351,15.659707285374267,20.186403339849686
311.653234403157,55.82445014060491,15.751933639649073,20.066563653336207
311.6232144990168,56.168425837441234,15.81197344792951,19.946179766833602
311.84404403076303,56.22415072125749,15.937005666019383,19.834729999201105
312.34401683110997,56.2623305220452,16.071082265815395,19.758370397625683
312.5352335868631,56.56873032966159,16.256664512939345,19.71358654102306
312.14911208883024,58.01930048192037,16.458564347255884,19.664162045251402
313.1621032321239,58.033025000983315,16.724009744219842,19.6367130071255
313.0639697645489,58.92695514512616,16.920276679369888,19.579057271824603
312.9480317027939,59.22769619219636,17.15215280287989,19.55658782621842
313.96891522574,59.23083359916075,17.440015692389423,19.55031301228964
312.69068280460704,59.51841518869162,17.64868092961776,19.5620997344873
313.45598430624796,60.09185045985045,17.88955495503179,19.596213877966935
313.66581627992014,60.34621312309143,18.064788932165293,19.682386475962737
314.45482165178794,60.34296285880496,18.283969793972762,19.688887004535683
313.14750098700483,61.258253464604884,18.487890285903312,19.66634642116266
311.6271128951101,61.192606376284616,18.500717128996694,19.7976405978032
311.013027587949,60.52770904510947,18.51316182367532,19.911709340509947
309.1212722648892,61.10655313873287,18.637526901674786,19.97373634263651
309.11897344114084,60.740791120783896,18.64212454917151,20.09243488919265
309.72401960432245,61.89730427098877,18.661566123240757,20.238476389647698
316.9772152232478,64.11512660883317,18.9721758186546,20.12445698616108
318.051331865138,64.48251407418138,19.306159494670897,20.010236295413808
325.04879754322474,64.11320888717097,19.041086310770527,20.124762207058595
319.96926882448645,65.41852625662877,19.25357194045448,20.000770420091158
326.95554554204375,65.35832897374104,18.989136507179392,20.121164985866628
328.6342388556884,65.29983921814897,18.73561763189444,20.23814449705075
327.80546723406763,66.81492129712228,18.537489931441378,20.300765245261815
325.57896954262435,66.89122866459961,18.675946278211526,20.148150510307136
329.056822778175,66.88542553522072,18.498278031099368,20.159756769064927
331.3138367101783,67.15237033920693,18.27888166276808,20.23938594618897
331.0879668317403,67.15716442030032,18.119376733923072,20.229797784002173
332.4006667383518,67.14584305824114,17.928091121380312,20.252440508120543
334.29545830144633,67.45338559615978,17.773319766463672,20.243157394162
334.36749344168436,67.7908041505491,17.62924948598765,20.171481003185864
330.4141011466902,69.36728387703457,17.739733793818267,20.017098581814107
330.9574446163734,69.45095975453783,17.85121533077667,19.84974682680758
333.3187580902652,69.5192878042997,17.91465829067646,19.713090727283863
333.65785952787087,69.53805234813875,17.833591009039303,19.67556163960574
332.121537151091,69.91118257904017,17.930014724651873,19.524545385392347
328.5251128861788,71.46037664361093,17.989802916636496,19.39826573035072
327.62881170949237,71.51316617939713,18.002219778452908,19.292686658778315
323.81106638758314,73.89613267640401,17.942584997461974,19.262215464647262
320.80755251700856,74.24101379729336,18.044630999164664,19.162951396813195
317.59211860307994,76.33306075614877,17.97924968292295,19.11283420716533
313.21541460988647,78.13546000925382,17.90166770134466,19.04043168814134
308.8264353768304,79.93319290155586,17.884362499012017,18.9630713709152
302.9502822597305,82.3193171103491,17.939567296416485,18.869663528046793
299.48560926864025,84.622921997979,17.85774033479464,18.936569048655233
294.4843378146936,86.68637971355625,17.93208485056939,18.897735308373086
292.99078148860934,88.48753458088028,17.996259008592766,18.80295176669922
293.8778081556248,89.09126378784603,17.974555821991387,18.763726784387373
293.8970005796221,90.28474850091703,17.93617097399685,18.709361239404664
295.44002580388917,91.11554708299953,17.758520005063293,18.792803763000062
294.6536112298492,92.24930360569319,17.590871758413744,18.84592724391863
293.47972108009407,94.3062784549079,17.625396490363457,18.78017478872025
296.9522021796986,94.61877413724899,17.614407186207664,18.733014498625835
298.41679884246116,96.33271426244251,17.56977541660222,18.766608115342336
298.09935969694135,96.3110874440395,17.62792637245128,18.809861752148343
300.70906499801737,96.61132899763624,17.61356809405511,18.78771779203888
302.4555481570755,96.92488676691562,17.5871654906944,18.73836287260603
303.5781320500464,97.53267312125733,17.648240738409605,18.675911680751142
305.0366654317171,98.7022397700693,17.613940903322497,18.64299192573063
305.0147355875135,99.02340266579331,17.657800591729757,18.57615221691866
289.29651849152737,98.38840973001697,17.461926324252047,18.695872326309534
289.39476206273514,98.04758731119978,17.26543918183651,18.803629941420457
291.77214000028874,98.86421490699055,17.090146133768524,18.88767330997859
292.7234403131552,98.8145783352936,16.900356690237242,18.986946453372507
294.23183838686845,98.76943358438305,16.73075375259395,19.077235955193608
294.6049261365683,98.7373046723997,16.552694483640042,19.1414937791603
295.82372002715715,98.98698638952757,16.380079975224973,19.208373663095212
295.90391486905725,99.21981434769873,16.219690291424765,19.307210298991883
295.9768351574148,99.75815103800117,16.073849714709564,19.357397573755357
296.3330814926808,99.46607047181745,15.923198647993997,19.379717102306465
298.09001596399645,99.43230972673015,15.76775614205429,19.447238592481046
297.60541557672053,99.40303741537717,15.620452755175288,19.50578321518702
297.681507463025,99.08310689504212,15.468268982566348,19.588889732306086
297.74093925058384,98.77462541347369,15.349405407448625,19.650301465596893
297.7565888376271,98.77974602321788,15.318106233362151,19.640060246108494
298.04760312190206,98.79885059970731,15.28995967924954,19.601851093129653
298.26306022691284,99.12931786998068,15.41187703380334,19.493748117158248
298.4802058025716,99.47930670443489,15.530745362262039,19.34692992802603
300.08383746205624,99.5535356213397,15.640478452707685,19.198472094216374
301.7216066733759,99.9004670799693,15.67888392001423,19.0569331586148
301.43025332703826,100.53092698477842,15.710835628543338,18.89752331728895
300.60978091777883,102.20232120512,15.705379515512021,18.84753673970606
300.0746342548439,101.97819732992367,15.679802368679725,18.74784925374761
299.2964136407793,101.97628540640063,15.598330947571608,18.75167310079368
297.19136762320113,102.80109615169059,15.450767814610304,18.73617229825787
297.00009547250454,102.80678839643704,15.291245026318009,18.72478780876498
296.80733167096395,103.34139142233258,15.137478839183906,18.734169337404527
296.8325859681265,103.3748958621706,15.086970244858795,18.66716045772847
296.0475393449965,103.6971371599353,15.051848981298958,18.557749365472418
296.0290050126539,104.54519824878604,15.088917645984154,18.46004107291649
297.6543754506239,103.99089566123214,15.029545348235654,18.504856721960433
295.54451868365487,103.74282147471075,14.996284406661495,18.469383285564223
298.15548227189447,104.59286981845175,15.079658926834181,18.360877107077783
297.05002531093834,100.12853989837284,15.169746926999363,18.27602677981017
298.07347692447223,103.89780920837846,15.244263863132138,18.16245873100105
296.4903336786239,104.22966263568992,15.23174562192009,18.028552665196212
295.9682749417994,104.29328927417303,15.220833051695235,17.90129938822998
295.45137179834853,104.09757598707631,15.20392441962981,17.767368502939902
295.2205157425233,103.64157815416353,15.1426390661433,17.633369238491287
294.74702916721844,103.44181887115853,15.049778005525042,17.512970698887333
294.268721085604,103.24318117909952,14.973319002369978,17.393708499813364
293.5554986576928,103.30115066498466,14.859440498105103,17.277769528043073
293.8616979721994,102.85395621716748,14.756832938869945,17.152576284121338
294.65731299459554,102.88959530722387,14.68414012044222,17.081298104008578
294.4188295024083,101.9300509478667,14.657215438107107,16.984820155884393
292.15553658624987,102.22499358036382,14.666236078159825,16.896886578919514
291.3731989317456,102.50401425924781,14.728734744633819,16.839570768663044
291.6371386031256,104.51931770598529,14.701695470444639,16.815684423754796
294.6422502747439,103.04208567338065,14.691836962342313,16.76996607139695
294.8842675867124,102.58782144737084,14.706959360044216,16.68018048013881
294.347049328268,102.1391722660352,14.785400603659166,16.58148356953614
293.0618464300423,102.43027222153867,14.867218752137465,16.497001188123832
293.75831148973623,102.48459075224346,14.96742075404082,16.388364126714233
292.9735669798076,102.54176568276594,15.044060405749192,16.27401426566928
291.70757983853156,102.59730774318444,15.090788339634281,16.162930144832284
289.72694255067734,102.90313906145643,15.083661405505085,16.04731769701801
286.29608890397446,103.19922484743586,15.027753170539302,15.949261519942798
282.8918683276399,103.73975973441621,14.95272918239133,15.851543908956
280.98775380612403,103.78368349597412,14.849467845134178,15.76369638584019
280.53508461167337,103.82496511148855,14.783005174481188,15.68113315481131
281.77094652857795,103.62051529342199,14.728963841479027,15.606496290783038
281.07034852128925,103.65987100152834,14.685671869292392,15.527784874570326
280.147159120694,103.69062039672775,14.613798474585913,15.4662860841715
280.19869956686017,103.94374629823837,14.510717582253646,15.43747883318628
280.95558480040484,102.99259393355915,14.422973509415153,15.438415036876936
281.939877793149,102.26847366294106,14.350198378970141,15.464797436830597
283.60201519613014,102.0334812807105,14.33833990738373,15.461579867809437
284.8012236071013,103.47246484831004,14.304731623284514,15.421382978021981
284.8376949279089,102.53664377728896,14.231788981669277,15.405861570341575
284.60321786316894,102.79690768098864,14.230365416766366,15.35571145732501
284.36480467873054,102.58292858504701,14.237625534059582,15.3141033976247
284.59843104360294,102.37479226372956,14.23940083067429,15.261348013900157
284.5557087337341,101.94353509643724,14.324845450411964,15.187409925743232
282.6602555246154,102.19796954415676,14.368321700712155,15.146969801296347
280.76635267845734,102.44983024302132,14.408238713089876,15.111734488559522
278.8953336663477,102.4562302521361,14.401734513062427,15.098934470329993
275.88845685922666,102.47234940362091,14.328083362983564,15.066696167360348
274.30718233664936,102.95366604066024,14.224593775576002,15.037216788299476
273.66338018167914,104.12908947678666,14.118822979634947,15.00866175918239
271.8647522463088,103.20526218660022,14.017542366289424,15.007048097512133
270.53000539911534,103.43120432394902,13.923010525673371,15.015834745315024
270.3457518545505,104.12593200996763,13.832222528914956,15.004264630942185
268.30363741314676,104.36569424690745,13.79753109902014,14.982397969585021
264.67548322068876,97.70152953633104,13.745715097830118,15.064751940920756
263.09578715845663,98.81823780460593,13.704568214928045,15.117434695346976
261.7236782964304,104.76780192235942,13.704472021404069,15.110333436004597
258.28129329963724,106.38693317786814,13.730151436129004,15.072979861789142
255.06462836093786,107.09938873259682,13.764094116282003,15.019366008884441
253.23495509077304,108.04204360492174,13.769023222589121,14.961264981245915
249.5717888633349,108.30258957230856,13.799860993701516,14.896141464207517
246.18067858526996,109.00950337798288,13.75049657909822,14.848630847005529
243.42376350824583,109.04210308582287,13.817518965400458,14.783431431325548
239.7439540197234,109.29797281439589,13.913966295557627,14.725640202109979
236.5295322382719,110.69345170375246,13.978680912205947,14.662166257505989
233.1071186899098,110.2724149427095,14.004306933299224,14.59501296950776
229.27461793718086,110.75226288915731,13.951950575484489,14.543241531114814
225.68657680029162,110.56016949830433,13.891086185024447,14.475119146305857
222.3542761286793,110.80069391257638,13.801755926786177,14.44433242452596
221.05045282917482,111.0285431684945,13.719300708013543,14.43698421565333
218.40167918793776,111.26874177381261,13.653836978384717,14.403504589359022
216.43640620953852,111.49168566773878,13.576290867562456,14.402960364575637
215.58470429168136,111.04874273553538,13.503313208275054,14.400655481481573
213.8319880074013,110.37879171273882,13.465612331543518,14.411882485090318
213.61488656228204,111.92502020838964,13.457350161172592,14.416680918054842
211.63992061874734,111.03761365492488,13.425607119257766,14.421860723213593
209.65378876659196,111.49005619927543,13.420037014961677,14.400938703091802
207.68829877294328,111.71665965677727,13.376949439310716,14.389294850637942
205.06136625296205,112.1661537083578,13.342537923081444,14.371686173508833
204.3605201813103,112.19490212989855,13.424645894093652,14.314189330427316
202.33004437238114,112.2219262431583,13.523158555946429,14.260141103907834
199.6534801451919,112.24717523840116,13.584354722952868,14.209643113422116
197.8943753587232,112.25275678739457,13.573165201455295,14.198480015435287
196.80934862777121,112.25458864126549,13.539118480691702,14.194816307693467
194.8665813023631,112.46750457344737,13.462685349827412,14.209203085738638
191.83326128631984,112.46006998558322,13.380180118779851,14.224072261466953
192.3033616732127,112.23146063254995,13.316259249600314,14.243151015230367
192.3360489896935,112.22443225265798,13.250884616638695,14.25720777501434
190.84593371430074,111.99663348534303,13.174971221277998,14.276213317337634
189.14280626764707,111.9893561797299,13.095832090119773,14.290767928563898
187.66084940149364,112.85383841763112,13.017311395727537,14.300337410875208
190.50373533202037,112.85208967588214,12.967339720176142,14.303834894373177
190.53084438417653,112.84411041377304,12.913121615863792,14.319793418591377
191.19591666054416,112.41714843211862,12.87943847451415,14.30940977430988
191.23058367631108,111.76014336276099,12.810104442980299,14.3290719887901
191.46171596153087,112.20830465569375,12.778481528612165,14.294032715067573
192.06763849078067,112.44782351248732,12.855387865644918,14.244578799991189
192.2365128520654,112.25868692805716,12.947685349035098,14.192805762891837
191.98731383870816,113.14745408323797,13.015366359748416,14.13813951653473
191.97955517147804,113.17010813339157,13.03088369420868,14.09283141622755
191.1521446206425,113.39071550193897,12.963780485946842,14.082097756615955
190.96765213853135,113.61628102456912,12.903529066057192,14.060203095467585
192.28362407794077,113.1996965653743,12.839139983268627,14.037520415180458
192.3186293716501,113.19902611443234,12.769129395849983,14.038861317064377
192.3537083497159,113.40965751918746,12.698971439718358,14.043031512813137
192.5982778988825,113.61260429896527,12.634203374288198,14.061508986160467
194.11195490734056,113.61313897214575,12.572183086021383,14.060439639799506
194.13178651282294,113.84059313437254,12.532519875056623,14.02813554495605
195.00482496464227,113.83449948311889,12.47228202743013,14.040322847463367
195.66634434218417,113.20147378614898,12.411284352745442,14.044333161004054
198.60713788884303,112.3703820764124,12.406337027922898,14.027476646621471
199.0082503560415,112.80703884110632,12.442945235421673,13.992996259129324
199.87071910115515,112.81155001878088,12.395875842901646,13.983973903780209
201.1448524565066,112.60854008801756,12.359013548740883,13.971426362549796
202.4269918849985,112.39792103438381,12.30139636351252,13.97488752452475
202.44992563559282,113.03758093495026,12.255528862323889,13.94627357576744
203.91324161881903,112.85416782704792,12.238899869711483,13.89738508102354
205.55476111507227,112.67121919152639,12.273318697156629,13.848600124572652
205.9775362352204,112.69018236173416,12.256716838516173,13.810673784157105
207.42080263640827,112.7141173855389,12.265476592683957,13.762803736547625
207.03189596844172,112.72802478246012,12.217279762639945,13.734988942705172
207.26927336067013,112.72897103203125,12.154318332308458,13.73309644356291
207.71069495573832,113.13434490487734,12.092973453915917,13.74384700961464
210.9972095981006,112.51942296945786,12.078792881799432,13.743906746839569
210.81411567418,112.9301370988611,12.035280525139683,13.741878897035
213.08776040563183,113.13268655454965,11.986620641394714,13.745746311035962
212.50409010780027,112.92844490161036,11.929237993681589,13.745988535789117
214.7288173470295,114.38168972807156,11.960279618978436,13.690723676165556
217.5457133168679,113.59310388743518,12.023877164098133,13.640069790353648
218.74615983021755,114.02563049006251,12.066130648743375,13.589398755547135
220.56959076168985,115.06688395186552,12.082985333249596,13.542289913858259
221.81440249844582,115.08579136212774,12.033044045855434,13.504475093333832
223.46651618105986,115.50193895936437,11.970555712417585,13.482614656808167
225.11209965378387,116.7147186172835,11.910337345613586,13.480266774952904
225.5433174920822,116.91345161104533,11.853624144925194,13.485662025383375
229.1875775369911,117.10674899102307,11.801660211330681,13.501098162995845
233.62451396000972,117.32712048888817,11.759322576310202,13.461788585948224
238.7918166364524,117.34901871769473,11.828248784725238,13.417992128335097
239.35765446121857,118.57232286366002,11.898264188073433,13.374765942165546
241.13946707530098,119.39666400965504,11.943782842443605,13.330147597968853
242.3676116144306,120.21287601258702,11.893795153458019,13.301924518287313
243.9942552196935,120.42105308651058,11.838936226032075,13.285373905827656
245.21358859134037,121.8290948315217,11.792235715909346,13.259917687838207
247.42700132336148,122.43019416728328,11.738023829157115,13.250249991939603
249.8325869800208,122.63005651786945,11.684678419103692,13.247010782706033
251.63664650939972,122.63119923069159,11.636732454908588,13.244725357061762
254.0210496878981,122.83871376765929,11.605114026659825,13.224461943855339
258.5515407207223,124.81054327165391,11.604723886935515,13.220190729746125
264.46193115966577,125.01804089509811,11.59991503989897,13.1990612172194
263.4865574902687,124.61969478746072,11.58337284279374,13.20883761813449
265.65158058840956,123.24798201655446,11.58010804344069,13.198856816447005
266.2608844257245,123.44813862105005,11.540905696448318,13.191678716668381
263.73044410430646,122.07392648166903,11.500713663429272,13.193371554585239
265.5053316510499,122.47951504098111,11.476847440733964,13.16572974058146
270.41953054454365,122.48876605040668,11.422213435946722,13.14722772173034
273.7570411474946,122.50697135162953,11.373437018222674,13.110817119284642
277.6604617525819,121.55754118447186,11.335047894904,13.067564431886009
280.19259446918784,121.9650731251333,11.303435621152392,13.02675488278777
280.4090939431674,122.15768190635752,11.256416051234446,13.027516698380417
284.4721419683194,121.0102807015295,11.220175018341394,13.010931960204765
284.8813030703299,121.01311921198196,11.170625688977854,13.005254939299851
286.6311663133777,120.6321306988872,11.122366131576952,13.000239314668322
289.90818374535917,120.82709270476538,11.073160722060804,12.992952329644151
293.7474555906366,120.83520992978421,11.029150369216973,12.976717879606474
293.96185310396174,120.45798099576525,10.981116185499618,12.969654061778327
297.2138619232393,120.45907772762457,10.934928424597837,12.967460598059693
301.56199906672543,120.28800988307655,10.95770624111838,12.930507065264738
304.1949312593276,119.73973390950314,10.996211851435204,12.890408299085616
304.3882559824841,118.61968368531848,10.988445536138578,12.85720996135642
304.79019275454755,119.00481673664306,10.941052384917999,12.84342425161349
308.0200137709018,119.38542092936684,10.894794508443077,12.836731649252249
311.2409013071963,119.38224476893359,10.851890230859837,12.843083970118762
312.7656167711011,119.00573723315732,10.808919129101204,12.84448408515852
313.91361295874106,118.25959241857217,10.763720193436464,12.836244754585413
317.1130680129847,118.27561255967865,10.727410430002825,12.804204472372433
318.62867068021103,118.09769735134361,10.681670002291655,12.786851775699825
321.44182672877344,117.17141048920253,10.637918705068996,12.778571900014615
326.98465302268716,116.4445564995364,10.69220760098125,12.746954348181553
327.71404917739915,116.46340121743376,10.720302077014747,12.709264912386844
327.9171582843254,116.11107157218625,10.685675297390866,12.67074133442456
329.6061808068488,116.11763162655724,10.641504808056503,12.657621225682568
331.4753247100857,114.83144610766837,10.598315404310995,12.643423381550477
336.8330093644142,114.48024863819822,10.572001845963925,12.608642061848702
339.4243003465286,114.29289105632326,10.536104016075136,12.615736930288653
340.53722114285017,115.21011204039304,10.51314861850483,12.617033458043192
344.56398901811264,113.2108273291283,10.529102187448688,12.580858220838266
348.3914681336992,113.2263443090986,10.570475256264737,12.549824260897715
349.1080767878289,112.87672294327876,10.60398165293189,12.515705140074093
348.5782117194973,113.06571628232815,10.563631478334674,12.504411899062148
349.1478987333086,113.07153299697089,10.521847866265677,12.492778469776672
354.27117191268746,112.17704700320438,10.495435105243358,12.456726600571203
354.471939781637,111.4668764457349,10.457914903776881,12.42100556977966
