376.5,101.5,25.4,7.0
372.34061660392905,100.97401377216973,25.316417150273292,7.0519724556605565
367.8739164277665,100.93079329789957,25.370787698555574,7.138413404200849
363.6543538677686,100.90019548939225,25.383344034249014,7.199609021215514
359.88910929898236,101.13121941633703,25.458686986652715,7.234570913003852
355.9103435007738,102.60211973703436,25.436373666367984,7.2852121153723886
350.9582569699958,102.32127405713918,25.353087199859612,7.3475304987595145
347.47136168681357,102.55705144346187,25.33592609748684,7.375329416738187
343.77218694184324,102.28917300680342,25.23983206132876,7.411456721648513
339.5484390242222,102.52261307270956,25.2054450328267,7.443510875938827
335.86452927547344,102.24651337702902,25.08762360696227,7.496667539075824
332.16700411047685,102.73191667764219,25.007382665323217,7.522566440733782
328.15948515509683,102.96048257783474,25.059391513571143,7.563123956755693
324.45118992917367,102.94932281596084,24.98814905000892,7.585443480503494
320.2794516492808,102.92489216614652,24.85565955571973,7.634304780132141
315.1212910401673,102.89490281800266,24.72236604538204,7.69428347641986
312.42053288345363,102.87211270181163,24.658999010993966,7.739863708801923
308.4473837263862,102.859052405748,24.657361614848945,7.7659843009291825
304.6876472143647,102.84362968087281,24.718731591563436,7.796829750679551
300.98845039650223,103.08847830198356,24.637257432076623,7.805790361472194
297.981309259842,103.07333446116064,24.67966201374256,7.83607804311803
294.2185799525266,103.3306608811217,24.722743252983516,7.820250361555239
290.7196477729259,103.3338506571997,24.73251669646353,7.813870809399214
286.96095923602303,103.32526827718253,24.76232605132462,7.831035569433566
283.0130969806512,103.30315727772637,24.65938869861374,7.875257568345891
279.3175769819909,103.28002443755999,24.5615309471354,7.921523248678653
277.07503562329106,103.29087958895197,24.558204310590945,7.899812945894692
273.34664529970297,103.27476911158803,24.54103798903345,7.932033900622582
270.39510485723866,103.52133092404686,24.46077000111283,7.937522681775665
266.42334157652385,104.02840781112394,24.443301894272373,7.918493241155248
262.9835337492552,104.02311038011695,24.365476383705293,7.929088103169256
260.76615326881443,104.01369230357433,24.33588650417968,7.947924256254482
257.29839888015215,104.02407798109076,24.327928320846276,7.927152901221633
254.0592043580191,104.01161945985294,24.365280300925857,7.952069943697268
250.40772513023308,103.99863871150477,24.22133383702701,7.978031440393603
246.75759389073826,103.98069296853882,24.098509206263707,8.013922926325513
243.83670004374204,103.9627747937082,24.01506575168965,8.049759275986736
241.6010232493032,103.96465383061863,24.04735494290106,8.046001202165897
238.3644150434989,104.2186771808054,24.103454342464747,8.031578887334263
236.36582248785703,104.48364724820622,24.147317218716086,7.995804031911657
233.68108916187884,104.74624184438919,24.081278580172906,7.964751684136585
229.9845695614055,104.52390454300935,24.08507354748548,7.916810004653989
228.00940628849904,104.78395223318604,24.101101637798727,7.888501931238069
224.50707745231665,104.54953424661262,24.224823652660163,7.86584250027753
221.52243452028713,104.81303616230878,24.279874438738705,7.831691592050234
218.34529050330138,104.31270918272622,24.225008469401523,7.846321858398634
215.2309661548515,104.79492937225595,24.051221324954657,7.866871608777105
213.33956875588845,104.78699404772148,23.91097332946908,7.882742257846047
210.2129011233153,104.75799467958277,23.811738069459008,7.940740994123486
208.20959732316413,105.00841142734282,23.911932089248,7.928209196167516
205.45652475939053,105.26855898161033,24.033460425044204,7.897424705064428
203.9681308562425,105.28503235048169,24.066115332161917,7.864477967321695
201.0018211564213,105.30387297100619,24.11213487054993,7.826796726272706
199.04244427210318,105.32300144850258,24.106769179913105,7.788539771279906
195.82685450977263,105.08241443583711,24.171442001785746,7.779982511780993
193.85153743279912,105.07130554932078,24.19806980435368,7.8022002848136225
191.66020167546816,105.05385614809799,24.159100744590532,7.837099087259224
189.46584543285775,105.0300015362558,24.125401452479327,7.884808310943621
186.9850168953641,105.00223416068593,24.169297637167052,7.9403430620833495
185.49799063072328,104.99335690350999,24.182767052376928,7.958097576435227
174.15297253297345,100.71100323740858,24.15104662501887,8.125633982799346
174.64586473341993,100.12742379623297,24.158420476475424,8.299634612801007
174.916887253997,100.04161930083231,24.116254247338365,8.471243603602334
175.19443966637826,100.45734069692114,24.06356161158681,8.64462518944663
173.7187751169171,103.92372318215446,23.985994827146378,8.779283946826318
172.2140845896592,103.85653092091007,23.95849814245522,8.913668469315104
170.90826190415078,104.05563404977855,24.029200901725,9.02365073392755
168.6194816775758,104.00778394542594,24.005918484842347,9.119350942632773
166.89436204851026,103.9687123282688,23.867959854436098,9.197494176947053
164.92190975817508,103.93393524987349,23.71676441024944,9.267048333737687
162.6743767871961,103.91081032115208,23.61216491511572,9.313298191180477
161.1864479132249,104.14246827480117,23.52569196989756,9.360370732742416
159.35529151747568,104.39912217595096,23.618151270968756,9.357042000503855
157.77804629501628,104.65191484428682,23.705068483817424,9.362718869177185
156.20772873080256,104.91596679282189,23.769944769430396,9.347241445909445
154.63956346504023,104.68418689862226,23.82653632248304,9.29751140456337
151.30394853479223,105.73360619292328,23.825964908990617,9.251534746419328
150.07380076029264,105.72437161492172,23.724368100729535,9.270003902422435
147.83514036066362,105.69572104868946,23.60055130222625,9.327305034886951
145.84388209223218,105.3807015271366,23.49929336533982,9.446872268774042
143.8606249962687,105.09434971525404,23.376616340050116,9.508426990387054
142.35794735468278,105.06498129188043,23.319159992135223,9.567163837134279
141.55189872828504,105.0168937858587,23.399204520043245,9.663338849177732
140.2327777830532,104.96207205249202,23.469595576722405,9.772982315911086
139.23710608471688,104.89746132659897,23.39471897351584,9.9022037676972
137.74623564134907,104.83682295297109,23.269848292937738,10.023480514952952
136.7810754296448,104.78548166385166,23.127751464776296,10.12616309319181
133.2241748061753,104.73014220018003,22.991640917215737,10.236842020535066
131.98395626659297,104.92345527642517,22.882978012350083,10.36803586485088
130.15487617292027,104.86226659240849,22.91131067371299,10.49041323288423
129.07303579019325,104.79937684808176,22.99050623327764,10.616192721537697
142.81878112577618,100.26549420194627,23.2975051439134,10.767461355494953
143.54510932333693,99.65131710264889,23.439861758733073,10.932473547462262
143.47573379759723,99.04562839934431,23.57861281021245,11.070519989584545
143.67106270731975,98.9686411879299,23.72908612163575,11.224494412413335
143.29810182690957,99.70874637464524,23.928960286479068,11.382426826913758
143.28502853596206,99.36685281519081,23.95510686837412,11.514454903357926
143.57707510616146,99.30516732944349,23.925471326125713,11.637825874852554
143.2738265597792,99.24392581523074,23.97578895354207,11.760308903278059
143.83234936812514,99.19100678726967,23.976866452337397,11.866146959200197
144.12474540730628,98.86427954396903,23.952998829188388,11.958676990588172
143.53096670122898,99.08149370929016,24.016186743847157,12.086433408693848
143.49992845127056,98.74664571288031,24.078263243764013,12.190786644481335
143.47322125536468,98.9745094599136,24.131677635575787,12.303134816725429
143.1729805897025,98.93329335172807,24.16134075750204,12.385567033096502
143.73005380369972,98.88679549273128,24.192571325703625,12.478562751090065
143.7274925327284,98.84488819835421,24.197693867646276,12.562377339844208
143.7056131500428,98.81466352033044,24.241452633017445,12.622826695891748
143.98639244368562,98.500078635097,24.257882748324786,12.674007763765655
143.7004556374303,98.44717144776413,24.250637897901967,12.779822138431376
143.99088360174852,98.41013604527157,24.250623492953885,12.853892943416485
143.3819846890521,98.3637737728921,24.30417847444906,12.946617488175425
143.3972135898624,98.34595097180306,24.273720672828496,12.982263090353525
143.12624542995954,98.33190667937296,24.230976241104816,13.010351675213709
143.99901089468514,98.32971514305527,24.239035321260484,13.014734747849097
143.98965324497172,98.31662646052281,24.25775062068732,13.040912112914018
143.99525286710337,98.30131765438074,24.246551376423987,13.071529725198147
143.99516895852852,98.2944897674566,24.246719193573696,13.085185499046444
143.9739805830693,98.29229356151721,24.28909594449217,13.089577910925202
143.95944400529237,98.27912979735162,24.31816910004601,13.115905439256414
143.96337845189,98.27799714320187,24.31030020685074,13.118170747555885
143.94852156585554,98.26736137983166,24.340013978919657,13.139442274296337
143.92740289659596,98.26332168860402,24.382251317438843,13.147521656751596
143.94212318713926,98.25516253537039,24.352810736352247,13.163839963218866
143.9322193667348,98.24024025506276,24.37261837716113,13.193684523834126
143.9371139421037,98.22697884724822,24.36282922642335,13.220207339463203
143.9268347234251,98.22679204242037,24.38338766378059,13.22058094911889
143.93721139839627,98.214828996951,24.362634313838196,13.244507040057648
143.94467509465798,98.2123281384124,24.3477069213148,13.24950875713483
143.94165346737805,98.20583102617621,24.35375017587466,13.2625029816072
143.9245340361734,98.20228823414193,24.387989038283933,13.269588565675784
143.93983524279764,98.19408629575777,24.357386625035453,13.285992442444103
143.92125200364555,98.19588750229398,24.39455310333968,13.28239002937167
143.91110970225304,98.19325590292429,24.414837706124654,13.287653228111052
143.8909932151925,98.19693559187343,24.455070680245733,13.280293850212795
143.56854910822534,98.19007285389088,24.507444930983525,13.294019326177887
143.8838980983831,98.18551830639154,24.470276476621653,13.30312842117656
143.2786293534354,98.1686366218431,24.494547286223536,13.336891790273416
143.5776719794696,98.16064176444752,24.490537720632883,13.352881505064614
143.8804760004027,98.15247771838534,24.479220865443615,13.369209597188963
143.5799716602661,98.13490727444704,24.485825872287332,13.404350485065553
143.89552434819097,98.12737231910234,24.449826963314223,13.419420395754962
143.58698341279768,98.12580444086483,24.472079294989264,13.422556152229985
143.9039496130642,98.11735385754778,24.433361731960353,13.439457318864077
143.59501639896285,98.10302614380338,24.45629943055465,13.468112746352894
143.9072539989372,98.0890320360492,24.427587102999098,13.496100961861238
143.59922240609316,98.08025088235816,24.447834362570404,13.513663269243319
143.90463663247806,98.07127771030765,24.43342519850786,13.531609613344328
143.30063995445693,98.06221467313654,24.448393079022416,13.54973568768656
143.6094387598378,98.0663649154136,24.427842521659723,13.541435203132426
143.92564564695218,98.0698113423103,24.392026975654456,13.534542349339027
143.63245443834703,98.05727893891704,24.382463373821604,13.559607156125576
143.91551940553353,98.05351064136858,24.41256707832671,13.567143751222485
143.31981937000543,98.05243491420798,24.410343531822427,13.569295205543682
143.59697806157504,98.04694730989934,24.4528417296481,13.580270414160978
143.88355386624224,98.04432298225052,24.47732766175918,13.585519069458588
143.58019759189182,98.02722679895787,24.485947548098167,13.619711436043891
143.86829375524633,98.02796384423647,24.508563235162335,13.618237345486694
143.26065390200938,98.02360746035134,24.52560313329373,13.626950113256948
143.54371265171497,98.021072363374,24.559009117636506,13.632020307211643
143.55164307040303,98.02328231289621,24.54314828026036,13.627600408167215
143.8459522216815,98.03418079955838,24.554326190925405,13.60580343484286
143.5367966085987,98.0194004988751,24.57304876775826,13.635364036209431
143.5457059487178,98.02283598186014,24.555230087520126,13.628493070239347
143.85699723847603,98.0192890725327,24.532639154037188,13.63558688889424
143.5411438764325,98.00504196497099,24.564569266067313,13.66408110401768
143.5550403318811,97.70767803232052,24.536776355170176,13.658067295447099
143.55221378437938,97.71633142294012,24.54242945017359,13.640760514207887
143.53867247616094,97.73531193195299,24.569512066610475,13.602799496182147
143.84691258396558,97.73246014405834,24.55279526062271,13.608503071971459
143.51175315406277,97.71930162250924,24.623501939811106,13.634820115069658
143.5230036131848,97.72388828855844,24.60100102156699,13.625646782971259
143.52402740599643,97.73204887399459,24.598953435943784,13.609325612098967
143.52850316362,97.73438894492959,24.590001920696615,13.604645470228942
143.53655025602538,97.42960577741407,24.573907735885857,13.614111324317037
143.56521911348239,97.71477955851816,24.516570020971844,13.643786917670852
143.85380083091292,97.72298568186605,24.539084324534574,13.627374670975057
143.2406952484825,97.71781898283486,24.565831982616626,13.637708069037448
143.24037033141528,97.41077429371265,24.566481816751043,13.65148957668718
143.2842490709748,97.70636952948601,24.47872433763199,13.660853206070245
143.5733969516807,97.70591018448891,24.499834719063102,13.661771896064444
143.85730610206986,97.70730014103127,24.531753160341957,13.658991982979735
143.86270658610837,97.41456823601492,24.520952192264925,13.644290760003202
143.54811886641608,97.41248696201103,24.550375906210537,13.648453308010971
143.58363022653853,97.69678799544106,24.47935318596565,13.680113107403121
144.17563098091176,97.69679671430096,24.49484336792986,13.680095669683299
143.85105612638625,97.68276662259413,24.544016479803236,13.70815585309698
143.85664231309508,97.69324188863955,24.532844106385575,13.68720532100612
143.88581510212413,97.3952959007619,24.474498528327487,13.682431980152096
142.98070517962051,97.39307822896507,24.485578785341445,13.686867323745773
143.26265671893606,97.38791007191662,24.521630243726815,13.697203637842643
