220.3,1.1,6.6,6.8
220.54415402738468,1.4482066114623664,6.6006338153704815,6.805234628663633
220.22480970363534,1.8715242917327677,6.600925857082285,6.809794742505282
219.58628496304382,2.8262945662245933,6.600721516215142,6.816134926597009
220.54515662597447,3.463654005364967,6.5997319162349,6.81925186557028
220.97136246032866,3.460790380519856,6.599344834546702,6.824979115260502
221.29085536419055,3.6712663002789845,6.599630597293673,6.830208322722775
220.54474204599012,4.09586390516891,6.5996130306027405,6.833724086138244
221.1844617537056,3.668162263639097,6.599571837418397,6.836195221033467
221.29166070906945,4.519336608061435,6.59844536620347,6.840018048290832
220.54568956407155,4.624004035369568,6.597190361826684,6.843997092870651
221.29268284733672,5.156393022183229,6.596701192046278,6.846002974064707
221.2934528491968,5.474755224515109,6.595161188326104,6.849420574700624
221.4008857354581,6.432971573362867,6.593705527864474,6.853678885553548
221.72164893582993,6.750792679396778,6.592541656928522,6.858399203293453
221.82881496972524,7.496277419483624,6.591719774190657,6.86200101848899
221.08128637117912,6.960041711516661,6.591899170218971,6.866702576520119
221.82910137504808,7.384623164137872,6.59168684902206,6.872064063586825
221.72202303145406,6.633558720774747,6.592131144869713,6.878206210930494
221.72124697400005,7.485470648488395,6.5936832597777055,6.884914213690837
221.7208671774677,7.910239744892222,6.594442852842399,6.891164738872531
221.7198651921575,8.976546451049265,6.5964468234627995,6.899131297286545
220.21991233400033,9.401612387613959,6.597331877120623,6.9058624706304546
218.61160055430844,9.397346234551536,6.598913150547665,6.9143947767553025
216.46582031729136,9.500322315915088,6.600552045747779,6.922938692969902
215.60574880338123,10.24706111819056,6.603438307164159,6.932060759022406
213.9937866768549,10.35015834592816,6.604655404012377,6.940713447294168
213.88436369424835,10.991048776252597,6.608498253599353,6.948951280402064
211.40791628719364,11.739732164941044,6.611920240024685,6.957945798407272
207.9607872663513,11.626922925404987,6.61366515330298,6.9681732422166895
206.34327290692949,11.406800548567896,6.614990191920594,6.977257505194067
205.48009643802692,12.05132697232577,6.615385549996654,6.9826728424751145
204.83260783289842,11.939728468721498,6.615344248770547,6.990033431103148
204.5077774361547,12.691879771954511,6.617149560945649,6.99739361436592
205.2645075595713,12.796806811374001,6.616366440262706,7.0036362678341195
205.26495732239457,13.550414710537781,6.615466914616213,7.009698894056034
206.13052988711527,13.871985453997429,6.6144323407426615,7.015348865474683
206.2387878418482,14.733992144577998,6.614252761515788,7.022026126225104
206.45488674936632,15.055678435523593,6.614932329095127,7.027969618257401
207.32127559696733,15.91876382818567,6.614500384929087,7.034144583969184
206.99646037709448,16.023613724637332,6.61423000451461,7.041078397785907
206.2369588121481,16.670781188346645,6.616063478810466,7.047174603736101
206.34465736111852,16.558666229016694,6.61753027129931,7.054540631966323
207.1039628353222,16.662974506783584,6.6179430412265665,7.062927464766063
207.86306947935893,17.41891240537282,6.619724361080021,7.071046275514547
207.86267437522957,18.28342647819136,6.620514569338763,7.080405743935547
208.73156881832202,18.931849963114047,6.622393493366883,7.088309631749936
208.84010032751877,18.92745319290409,6.622943470667435,7.097103172169855
209.27438813303522,19.686325040350965,6.6254087903785335,7.103681106078004
209.92706581901777,19.79006949878648,6.627472914032668,7.11409543847686
209.92614116551923,20.549649626925046,6.629322221029776,7.121636699993353
210.03455108575537,20.65351799818959,6.630750894948887,7.132148471855684
210.9074307658478,21.523067472134205,6.6324859839044095,7.140543973106836
211.12391975406055,22.284082594574283,6.636701391613417,7.148690572697339
211.88825495944948,23.482154124643053,6.639577720842664,7.1592638182853126
212.10563354147618,23.476239192456923,6.642830161574361,7.1710936826575695
212.87180314208305,23.580266651151728,6.645191889807957,7.182281755189008
213.4173323768841,24.233640470578322,6.651417370555222,7.192274856755066
214.4049618705726,25.10633926171316,6.6535818525950825,7.204587025078135
215.0634675179353,25.431523325976684,6.65622257499615,7.21404490511431
215.83272444277114,25.42544493923105,6.658639928989765,7.226201678605578
216.60141577542632,26.191446364496663,6.66379744554054,7.236739009935479
218.2548319254863,27.288713924207737,6.666133331059074,7.248316014272326
219.02622130277607,28.05605493345996,6.669168870566947,7.259448289855247
219.357813201362,28.05099494403158,6.669147765427179,7.269568268712016
220.90517949222303,28.819977976553535,6.671395554389446,7.280092389010255
220.9056304153266,28.92637352460376,6.670493708182287,7.288715563196033
221.57038563984088,29.697975385166934,6.670194652091924,7.296258467164261
222.45778347965734,29.694374249508094,6.668590045610755,7.303460738481947
222.67999236016948,30.02326791832189,6.667644706591991,7.310882033862662
222.56991481099453,30.90732255055939,6.665962262719336,7.317473107167893
223.56883870105665,31.34781946683398,6.665340354505983,7.324135217690217
223.90283862302815,31.34513688876615,6.663366193356049,7.329500373825878
223.57087706940456,31.565244424330764,6.661106160096303,7.3334073963679165
224.46011436574412,32.34003451724276,6.659319937766781,7.338429534599796
224.46116708013284,32.33751023572565,6.657214508989339,7.343478097634022
224.68451892816876,33.1130845715657,6.654873840648116,7.347600023011085
223.90787672678834,34.111256491774796,6.652698360864406,7.351133174435892
224.68671079504392,34.44310917067685,6.6506332594883135,7.3541148316896585
224.68784535962766,34.330344399539456,6.648364130320838,7.35740180195913
224.8001512435564,34.43952659567169,6.646010002077184,7.361295049308486
225.0234941373232,34.660188447503906,6.643885891221858,7.364533022322369
225.2468743353676,35.43645236878946,6.641720398634006,7.368087342004447
225.6925634861767,35.43434841717695,6.63961550142229,7.372295245229465
225.13773964239212,35.5434724349541,6.637510883243813,7.376397670824697
225.69476498826924,36.653821886825874,6.635364750258538,7.379507884619117
225.36228751017202,36.651625042759086,6.633134303784326,7.3839015727526895
226.03054628488334,36.982387870353804,6.631185386477453,7.389660233621147
226.03129174177684,37.86913574898193,6.629694472690463,7.396060330900385
226.03101375037335,38.08748006522974,6.63025045549744,7.404498223145381
226.3631968506117,39.30972145546866,6.633997435348503,7.409763770535995
226.58524383451814,38.97086667178223,6.635597836669271,7.418931784208386
227.25241800807623,40.08595919173763,6.639348769528666,7.418912210923577
227.1393435621918,40.86458434997628,6.642421041414912,7.423198233624279
226.69217418274366,40.86364189827458,6.64398697346992,7.42508313702769
226.6904719670982,41.30639375938444,6.647391404760826,7.432571162487819
226.80101969753557,40.742548157764375,6.6497159659253136,7.443162255531641
227.3576081191169,42.08080388976096,6.654655696344853,7.45013056813566
226.90847940059342,42.07620414776694,6.657665251699372,7.459330052123702
227.5795235217724,42.295568141505406,6.659603916780149,7.468611033793008
227.24225178157909,42.849840240014274,6.661604334925988,7.480971940509934
226.56819821313323,42.73190997431264,6.66327094773664,7.4924257178996765
226.67753827131267,43.84816992902852,6.669203717869457,7.506034673384752
226.67463996896188,43.27819855204603,6.675000322571006,7.521370125273327
226.78357670541627,44.17116627439989,6.68238169475657,7.537473441319897
227.3443078831561,44.839408004522205,6.689048165794331,7.554744572896174
226.77511862298596,44.8325270122405,6.697409601111269,7.568506557459583
227.1104020692181,45.04978643096946,6.7059031468314645,7.586694678791342
227.90067092454316,45.72106219867869,6.71278971500731,7.604792525223731
227.6698062848197,45.82482689009819,6.720181048749461,7.624432115237115
227.32515442978118,46.384703541164484,6.7266989483782496,7.642655163851605
227.20848652482653,47.288016625115475,6.732049455145173,7.659911421088959
227.20557159274517,47.84950744596616,6.737879319307874,7.6786365907741585
227.08733107475894,47.95347847656273,6.745632272700939,7.69942261216042
228.00012304849108,48.63069926579437,6.753472387792648,7.720049080614127
227.99458201675264,49.53889999258275,6.764554451269547,7.740662139220004
228.44938958572774,49.75826028713914,6.775450210772396,7.762196998833792
228.09937124513135,49.51889133894616,6.783566867736766,7.7796548790674205
228.9054263322196,50.5490890514305,6.788762757338169,7.798652964670392
228.66968835773164,50.65629056236772,6.797390124162076,7.8156742338719605
228.55025758053725,51.34162877945268,6.804422277231386,7.835974207618911
228.8954164200908,51.447765181961906,6.81088430078045,7.8559613034858415
228.31138795744224,52.13586754572351,6.815559882039154,7.875814188808751
229.00632400708201,52.24219718476069,6.824057544520449,7.896216537694519
228.30201077430854,53.04843530743343,6.831580150973853,7.9183614612914885
228.41241886562182,53.153860711879744,6.844748345645001,7.941495029696508
228.5256113986281,54.080951257347685,6.852921420171683,7.9637790630746155
228.7564203403765,54.422201837198514,6.861379207471462,7.9863914095679265
228.63211621684394,55.351824368516,6.874460236080887,8.011364094578997
228.27406037679168,55.93094863882567,6.882187380857759,8.03375644617235
228.62425391045016,56.86594088171304,6.891607037762707,8.05658989165595
227.9077546473333,57.09126368901494,6.901942323303042,8.080165357283272
227.89916720735033,56.8399987076473,6.9191172032689545,8.107404930671139
227.77098572353577,57.66291425532513,6.9371325028752535,8.130007511475082
227.52435869343904,57.538173872968216,6.952403532420739,8.140496760864918
227.99465407354865,57.41003634828639,6.969421667489077,8.157369586406688
228.83338475975467,58.84274026349486,6.971544941287821,8.171249720922521
228.8288157606833,58.710227812842795,6.980682939430543,8.196083350332179
228.8235141534158,58.69737656529104,6.991286153965569,8.221785845435686
229.41905357942315,58.68405008472106,7.0066977995328115,8.24843880657565
228.80656876940043,58.912350900234344,7.021853370693163,8.275762795103105
228.92233182377572,59.50535005370775,7.032961061765537,8.302933487271064
229.52063811240666,58.640195092843186,7.052532315795247,8.330586045191996
229.63347596437498,58.74732993897052,7.0708410246533395,8.360300765732081
229.62715768056296,59.343633479528584,7.083477592277389,8.391412056135096
229.74336309939378,58.593307386769034,7.096499417793797,8.419468262586062
230.1005363157061,59.190785528130554,7.120393963236971,8.454913609976044
229.47014786675842,60.286295535022184,7.146074478176509,8.487067085513292
229.33742091741235,60.27023297784622,7.163592380762267,8.519192199865216
230.20097180630975,60.380359106475574,7.1775294322699,8.547659775364016
230.06808994130344,61.23674571325284,7.193904503070444,8.580607176294354
230.05956367177347,61.344905156488124,7.210957042130376,8.614454963310719
229.92627566563337,61.704514022744746,7.226563409962955,8.648146164140252
229.79326837712748,61.68846664891328,7.240831327472693,8.680240911803196
229.53505520950108,61.92565282033521,7.252303494695323,8.710822736989476
229.40157652415695,62.28958020207741,7.266122326813259,8.742383589215914
229.2677099385399,63.16209329174531,7.280002221271946,8.77433034730819
229.77397658983188,63.27516107826422,7.2857687368435915,8.802769728809265
230.02614811200283,63.1328661943617,7.291646135444503,8.832249275142875
229.76657287469894,62.86380208272904,7.299469927074769,8.859050815430697
230.40161817643147,63.490209275400986,7.310411738227486,8.887268844704586
230.26834114210183,63.34684021579446,7.320143528613516,8.917184685644393
230.26238577177168,63.073558831617646,7.332054269273813,8.948858124428732
230.25280337182807,62.2845137073347,7.351219069161038,8.978170078400534
230.24787032241542,62.91568838015111,7.361085167986358,9.010301872152127
230.37139094653162,63.54936037564214,7.3735989241937485,9.040732903369157
230.62569821184846,63.273827190990374,7.385445359125994,9.071338307106766
230.7490423682347,63.25564312513648,7.39965479126991,9.107706438814558
230.87457688985893,63.10705087252808,7.41027848872606,9.143198203326783
230.4718313117021,62.95695783740577,7.428522745528131,9.180968640400893
230.45904415447436,63.33092733705742,7.454097059983629,9.22292362876533
230.44995382445518,63.84099926121589,7.472277720021975,9.260238414494768
230.44245953472102,63.55800992517936,7.487266299490284,9.29573937107184
230.4312797088572,63.4069509130234,7.509625951217926,9.331824537380687
230.28972520214936,63.39188879752068,7.525778815899097,9.361948768386133
230.1491874624752,63.778083269807595,7.539168404955656,9.392617494687634
230.9469886778893,64.5693527591141,7.553839526756879,9.420352068704041
230.26793390100082,64.95990121559184,7.566711745705599,9.44639755664545
229.45160145631633,66.02631214559034,7.5814136769343055,9.470859640835567
229.71198785275413,66.95804916828637,7.60119867894308,9.49933787753895
229.70217871724788,67.08075394956414,7.620816949955619,9.524970734476401
229.8288306088062,68.15533723569776,7.639272383108722,9.549877892367295
230.0922878810989,69.09453524738855,7.657249435465405,9.578602458283184
230.2195026399699,70.03771452301963,7.676003511310647,9.604529062131169
230.4855978961115,70.70865322732975,7.691594627008414,9.632105723463534
231.1635310965971,71.3793877319013,7.70858759680423,9.663496085087436
230.74594488290097,72.73868749572385,7.717755676773928,9.698244382184178
230.599833381876,73.27298109223398,7.733956987092601,9.733743956089011
231.14622056978365,74.36304772773578,7.748522994950926,9.768291452432607
231.00407709930366,75.45727121391272,7.7552029235687066,9.800700578816254
230.71948243831812,76.41246302737183,7.767958498599496,9.837835066189083
230.8541379244101,76.53501776197405,7.777646530283422,9.871724600852602
230.99137054539025,77.21668944087253,7.782862049899156,9.906785050935527
231.1290975731953,77.47744892190532,7.787715283075393,9.94588066644255
230.28341136163957,78.58316871704147,7.793147737989199,9.982361033767084
230.28377287674618,78.848425861231,7.7924247077759885,10.015130096988619
230.5620984301816,79.95977569554434,7.800043780590084,10.049511147101848
231.1269686110588,80.22648699075546,7.801463255756795,10.081668475140143
230.69700533722886,80.50794797441628,7.81146350593252,10.085364039474591
231.25955072163674,81.49612741643037,7.820491731168025,10.093713395036193
231.11179768643254,81.489698864255,7.832191314945492,10.10657049938693
230.96457085284797,81.76786375844874,7.842448482971755,10.118633709285245
231.81134062913694,82.61022291521772,7.856212648624052,10.141219113977499
231.80868891265652,82.60384491978982,7.861516081584924,10.153975104833304
231.8047141799435,83.3101144256212,7.869465547010997,10.168475792367982
231.94156642644435,83.29948784894295,7.881522815987324,10.189728945724484
231.93835800531983,84.14873170335889,7.887939658236428,10.208963251607424
231.93351268805387,84.42518100321736,7.897630292768313,10.229441835546341
231.92848881914884,84.12443085047124,7.907678030578377,10.256616040313611
231.77800893421247,85.40752242575441,7.920891320674268,10.28015120773897
231.771112126955,85.53752574079286,7.934684935189258,10.308470379393343
231.91092849375977,86.53272171009183,7.944040510443378,10.34099660284112
232.05297092176585,87.53129228337882,7.949598350738389,10.371354330417295
232.04856316517365,88.67490090529196,7.9584138639227495,10.40574718205513
232.04608927522065,89.9622942700356,7.9633616438287715,10.448838651814855
232.04385878640204,91.39925515067374,7.967822621466007,10.491112867607455
232.18127184668256,91.37965627554577,7.98533955527312,10.530310617863387
232.32424896884777,91.5054176754578,7.992619109027671,10.572021616124255
232.46367281221293,91.62846923640969,8.00776610222998,10.619913174153137
232.45977162871685,92.64042196961259,8.015568469222131,10.660866778424978
232.44857864338397,92.76901325552197,8.037954439887905,10.699421632015955
232.43958784131385,92.30345324416916,8.05593604402814,10.740446981031473
232.42902446740294,93.02379424813203,8.077062791849995,10.787886957966633
232.4157514021509,93.00425955344805,8.103608922354036,10.82695634733459
232.55493084405109,93.1386640110846,8.124988053160065,10.857885446667865
233.1441229450901,93.41866651308436,8.148864244616421,10.899010639435538
233.13652230664457,93.85142522385495,8.164065521507501,10.938262744304131
233.5842392252361,93.68236129438053,8.175960194482695,10.97394776653353
233.4195978968588,93.50905880423058,8.202056325245326,11.017366220841472
233.41165917951818,93.49004091408248,8.217933759926556,11.055402001137661
233.55422805060573,93.31708503802056,8.237924367868494,11.09618540314441
233.6978354269022,93.14316097365494,8.256793273254624,11.13794987389659
233.6871175041356,92.19741303884166,8.278229118787815,11.187232887470628
233.98235602019545,92.33172528482585,8.30404188005923,11.226753292197793
234.73882553330114,92.00837607558975,8.336987018774071,11.255098044699523
235.03443350287895,91.36545765142337,8.36608131644913,11.300314419370897
235.0167896547749,90.25660513660301,8.401369012657282,11.338719579948252
235.15449735403448,90.24220555426619,8.43845335740993,11.367518744621883
235.76405008431396,89.45234186030214,8.473560838855043,11.379479955044872
235.9104264783657,88.04113050564567,8.495123789792698,11.373061012987883
236.05657044390657,87.4150557557693,8.517408579138982,11.36691963102842
236.51527928934186,85.99982654848063,8.544527914623261,11.36376696654122
237.13021014873004,85.37019916364632,8.57564204344499,11.362045888611743
237.11308971834714,83.46911504008082,8.609882904210798,11.375456846607758
237.72869594389093,82.18812290500009,8.644667841394362,11.405446340226916
237.07693905104043,82.00603207699113,8.678051276341677,11.452095408556414
238.34347411221452,81.0385030083013,8.695371931134225,11.4743604630805
238.33821077839056,81.3524773538456,8.705898598782127,11.48526384606443
238.33125451265312,81.66933053902467,8.719811130257034,11.491091098518474
238.48819818955957,81.50171642871987,8.726009016267113,11.506234079305113
238.80397332235913,81.5054070599735,8.735298723039964,11.49885281679783
238.9589968638264,81.50865868564671,8.745710932096479,11.492349565451422
238.94857579735364,81.3438603757925,8.766553065042007,11.50141568477884
238.934904971861,81.35047823207675,8.79389471602729,11.488179972210322
238.75918380962295,81.19687165059378,8.82407878496426,11.474134879637203
238.7403029806988,80.72055939848016,8.861840442812612,11.462146002791247
238.5599319469429,80.72715985540341,8.900609589068413,11.448945088944752
238.53560291308892,80.24728316123934,8.949267656776366,11.441482458448915
238.1867205134174,79.1191039490268,9.000857090981745,11.436227104892277
238.16214945281325,78.96202195911825,9.049999212190086,11.42653972798195
237.97266176925606,78.15450194802173,9.104468778466128,11.419050745983332
238.27389127943712,78.64799334417854,9.152570775768558,11.407909480166511
237.92191803184414,77.67572352603783,9.204729476990963,11.397085734557281
236.7580263805566,76.86625047066309,9.246469495189354,11.38314378503769
236.08669182297865,76.87420389074788,9.2809692348912,11.36723694486812
235.58389485342494,76.06428749495589,9.304489065588639,11.35027955576886
235.5722300263656,75.91057501173565,9.327818719707338,11.33022634956578
236.2145891199557,75.59276978133653,9.3532880036543,11.310743074800413
237.67341073890378,74.78255431785075,9.384574339230088,11.292879794287556
237.8243651041166,74.79171770901698,9.41055572747319,11.274553011955119
238.30410135952337,74.8010450357529,9.435165871740026,11.255898358483249
238.4551815659166,74.81076348447206,9.46114270388075,11.236461461044929
238.93452319212736,74.65639453981454,9.487229197710134,11.216942768276374
239.57877984024768,74.6663821798861,9.512219999683987,11.196967488133255
240.05821154067746,74.67590695985939,9.538767198709122,11.177917928186684
240.04506716942169,74.68562038274342,9.565055941220695,11.1584910824186
239.37470031062097,74.53115970996598,9.590883422694358,11.138685868941538
237.22482458575547,74.04763345544143,9.615770255766678,11.119231158761734
235.075936386978,74.2222785245156,9.637394516532819,11.09887580036636
234.0771144508328,74.89043618515313,9.661238400639471,11.078427137880439
232.25345809941098,74.90004803949186,9.689192431634558,11.059203429203007
229.11367223399884,74.91020311557233,9.714274721526486,11.038893277042071
228.11291547675427,75.41396179138269,9.7401624498001,11.019188818529098
225.95734230489074,76.4117462002817,9.769364383224604,10.999902036255316
223.47367685061423,76.58687645651652,9.793456497355544,10.979190776747133
221.64726758831225,76.43196538369035,9.820530640223696,10.959399796787123
219.98827390507066,77.7617138752638,9.84112773358429,10.937815032138275
218.98664285112727,77.60709177114379,9.865996587382892,10.917327031363595
217.81961076715365,77.61723664204514,9.89138422965229,10.897037289560878
216.98166785994005,78.1222029428658,9.917766489142133,10.87680682088198
217.13311404584923,78.79220536401438,9.944881112944092,10.856829961065987
216.12925677285511,78.63705009751324,9.971824035384907,10.837011890143685
215.78408268367815,78.81189220173133,10.001673151121356,10.817577213016262
215.27380919011333,79.31732684153701,10.030952162723533,10.79797590893238
214.1005746922053,79.98798252225892,10.063336187137692,10.77899881686108
212.76373884975078,79.99813635205682,10.090579383117179,10.75869115726528
212.25445556767934,80.17392880647793,10.116386439363827,10.738026084388451
211.57790793636894,80.68031009578534,10.145453367499115,10.718284756637775
211.570989356949,80.52518944428343,10.15929052633896,10.697365467581996
211.89130615697223,81.69456792856805,10.18076047708141,10.67597092677385
212.87241340861434,80.87705683219659,10.204888693754715,10.655707519552225
213.85163372168088,81.38316728735944,10.233182503681236,10.636853827256354
214.0057763534445,82.2216776238547,10.256173277341622,10.616213340203934
213.16683364568874,82.3932601159068,10.277476366883592,10.604364821293643
213.1543870591003,82.73394412433127,10.30236954006049,10.585934169410052
213.31085316347256,82.74434292305327,10.321011075708078,10.56513657196606
213.1342114072701,83.0845337201639,10.342753123902959,10.547837906164819
212.46649118743372,83.7568922338039,10.3517390068985,10.529575435562059
212.79380928436927,84.09590315153761,10.360037526127854,10.514488313195073
213.61741794395783,85.26555395337992,10.369621807851804,10.494708950771983
213.11186429504252,85.7731267950236,10.387131354162008,10.473161019004978
210.9608942127588,85.94606562318766,10.3843046007278,10.458419279446227
211.94188034079505,86.78117431161024,10.407475619261085,10.442487964772559
210.4396012762664,86.7900845809491,10.433280929178022,10.424667426094864
208.94203357822116,86.96716302520043,10.448521781817577,10.401609931308933
208.27041481303215,87.80563954593329,10.467858860047702,10.379532455028057
209.08644514938595,88.80910510502487,10.49045362348494,10.35818786021866
208.90964895093398,88.65404385237133,10.513095995830703,10.33736034096762
208.5694493606596,88.16705513709594,10.531540017004609,10.318405032456058
208.22738112139928,87.84653742643064,10.55374029308151,10.297504251342891
206.39795008650387,87.85768576264954,10.571747178664385,10.2752075789051
206.05799003394608,88.03339591611544,10.589833982862215,10.254703922432187
205.56431629790757,87.03056105582432,10.584553453402986,10.275117639941818
205.07608780385874,86.84745241270134,10.567657092032011,10.310217143031569
202.93027311094704,86.33300456633488,10.55096291216247,10.344884320604594
201.11582849083297,86.65018972472856,10.531184723239265,10.373908081844732
199.7976715048221,87.13551636338052,10.512735002073397,10.398791189486209
197.98057224150128,82.64607801860022,10.495498009043178,10.415053421670478
195.4965782484145,83.14457521967825,10.48447872012888,10.413860474531981
194.01118767283344,82.4765738383312,10.469598976055217,10.422902839343488
191.69299607921067,82.9789633313054,10.462914377116526,10.413066950434606
190.70507880743344,81.98122681502392,10.450436377227742,10.42022743955426
189.71464777545992,81.65086066287184,10.443491476922016,10.418357422440826
189.06015538590006,81.98036677645412,10.4278312207375,10.421667712928395
187.41528505690658,81.4833830639298,10.407919170191173,10.422739325417039
186.59375181492302,81.48068623922553,10.397654752107712,10.428132974825564
185.76442152500286,81.31597723360676,10.403371355771108,10.426962190827743
184.7725461459748,80.98748232451446,10.403156170347204,10.422630027852312
183.618159584227,80.82493612053781,10.397807536244809,10.417133613291599
182.46762728877704,80.66145888919894,10.385955447223582,10.413671407409193
181.48150647327526,81.16007871899504,10.377155885509767,10.406952344175707
180.82049740323797,80.6667285802549,10.379465313879805,10.40387108787756
179.17674773914013,81.16533729807446,10.367815108381777,10.396398512346545
178.0271824360819,81.00357330443892,10.359666074302753,10.390315122446845
176.87556263181918,80.51228179332496,10.357207603665037,10.384741825033426
175.89571702056963,81.00955723037505,10.341351063183266,10.377964832423652
174.91795362426777,80.68153741871578,10.3234861330197,10.37620721481976
174.2689926742254,81.0117369859467,10.307060049288191,10.37298207226607
174.44106132663362,80.19187197027266,10.291197648399699,10.37133758397413
174.44866558296232,80.35787237076019,10.275989135742298,10.367333585669464
173.63132587760074,80.19774949381767,10.272210343280287,10.359887698917486
173.79695030909397,79.87052764613334,10.268475001905404,10.359304351062962
173.7966953980056,79.70998560143954,10.268984824082183,10.352943527199912
173.46740245665376,80.20641295602738,10.272866411063086,10.342145261608344
172.32477684717279,79.88364965051878,10.267419673131979,10.33318674208468
171.67057015054164,79.72344520937948,10.267777303887703,10.326581683736634
171.51216282553432,80.37856361815095,10.25767710291645,10.324004270137356
170.5378421855053,80.21412311984436,10.246037282101362,10.32617174993833
169.72536686052095,79.88715184658139,10.238173129260797,10.326988375340589
169.23581784659112,79.7276114758554,10.237918311559186,10.31961816827213
168.25698764433957,80.21986169063831,10.237598573644817,10.314107809915075
167.7700288531451,79.896911408372,10.232803492385054,10.307533265348575
167.7753052767451,79.57153351707042,10.222250645185103,10.306174851532965
166.96830642287523,79.90144570730621,10.206908954995017,10.298086230233313
165.99886298899958,79.57896474756345,10.192820874363811,10.292056500257992
166.1687271700765,79.57953347602232,10.178268839440065,10.290919043340228
166.01125355020295,79.57882776909261,10.168289079095914,10.292330457199668
164.88070747180214,79.5809143853006,10.155846138668524,10.288157224783674
164.0740411641379,79.58362775368518,10.146544958568029,10.282730488014513
163.42981220837257,79.4267640456181,10.13783140108622,10.272165036895556
163.2754487297877,79.42640652633692,10.12257148002897,10.272880075457913
162.14975123250107,79.26727073604977,10.107677583259616,10.267396100126128
160.864166043176,80.23954932149321,10.091393598215904,10.26342970200957
159.7397778759981,79.9154689726126,10.078400310108641,10.265370507638506
158.776056835469,79.59160979645821,10.068238495735558,10.267220894803492
157.65307074474245,79.26809780659353,10.054599475472205,10.268641674042444
155.56138921888746,79.59268824770734,10.044070906970882,10.264674887231946
154.4356218441872,79.10882773614657,10.038968960689669,10.265265897918464
153.31276506960165,79.43138996954895,10.028548781038143,10.264751067920162
151.22019638425027,78.78816536209932,10.02598585101652,10.262677113365795
148.96634244011983,78.95078011921761,10.02489345867939,10.259504762029064
146.55116215009417,78.95326493105652,10.025410675678016,10.25453513835124
144.45748427828076,78.956205311126,10.027817809595454,10.24865437821228
143.49215132455325,78.96043729841888,10.02729766662357,10.240190403626515
140.59874350176085,78.96431764140942,10.02311627493192,10.232429717645429
139.1539493335487,78.9652413489378,10.018910923152347,10.230582302588692
137.87109056450117,78.96677392084638,10.013136834767426,10.22751715877151
135.46770970819523,78.96692102601355,10.000458158065554,10.227222948437163
134.67050592571286,78.64231508890622,9.989417903876216,10.23425569499023
131.94737011700823,78.64244537757342,9.978262403908074,10.23399511765582
130.34666072302662,78.4813713986302,9.97124743832738,10.235299700187849
128.10699166788993,78.48164316824814,9.960053223772995,10.234756160951962
125.7101638478955,78.48145515325736,9.945227491584873,10.23513219093355
123.31572963701026,78.48094596873555,9.929067700737047,10.236150559977157
121.88136662540724,78.32127395356322,9.916948986439037,10.235400730599151
118.84925935793129,78.96177307603602,9.90327462570401,10.233958042640259
116.77714904636545,78.64265775160312,9.89206938250078,10.232892404377624
114.54339543294698,78.00792330681108,9.887238974565859,10.224550541169753
113.42970300968449,78.48853788524218,9.879917114656049,10.22105282992246
111.99595863171773,78.17136175340022,9.875759606304094,10.217261479320698
109.61059070900194,79.29283107972923,9.86231148078531,10.206942013106184
107.70584700195833,79.29335981536866,9.848981831440502,10.20588454182731
106.11797144515889,79.29479255060255,9.841344339379534,10.203019071359542
104.84721178122604,79.2976782597266,9.837489301057454,10.197247653111443
103.25657121278178,79.30086110351267,9.838579299001276,10.190881965539281
102.14392830221999,79.30415292565289,9.838313947304485,10.184298321258863
101.35099348401768,79.30716752143547,9.83504564893363,10.178269129693685
100.39874863954279,79.30923264543688,9.833454265609557,10.174138881690881
98.80958757393398,79.1553979790874,9.835881200376509,10.164218694744793
97.85966427893476,79.31488528884309,9.83089954631866,10.162715449242796
96.59496685627617,79.79251016351967,9.821348752438134,10.15957031458877
94.53851149221538,80.11082008202854,9.811098319082506,10.157282963952115
93.11858967210298,79.79432231799865,9.79824185578377,10.156345135673359
90.5875839718248,80.27208281939787,9.792303212673065,10.151064766062504
89.00488895057342,79.80288566942454,9.792005918436798,10.139752864987415
87.10812186438935,80.1240713403696,9.788917639541431,10.130151931641228
84.42350631210377,79.81253637747943,9.783017209755675,10.120853441614864
83.0029683399775,80.60794620342247,9.780604734661761,10.109749578254606
81.58027465625193,80.45251709207874,9.784429655747381,10.104878640234777
78.26927220900734,80.77206058543226,9.776459233604108,10.097217874159375
75.75140114769083,81.08849598872985,9.764762105904579,10.09527697385579
73.86581251694831,80.45550096046688,9.752965394059002,10.100275705938206
71.6628751149493,80.92903965079154,9.746897049564332,10.09861471425159
69.1466606814568,81.40400726435657,9.73907322992793,10.093726865863069
66.16015557457365,81.0915731289817,9.7306213258701,10.088967545262914
63.803978273825265,80.778651672791,9.723918735339815,10.085602832040681
61.448469340343806,81.2507706366665,9.718280188927341,10.084696186964745
58.78324003935074,81.09601560414585,9.704966978414195,10.079866733623765
57.218787643935265,80.46786589820991,9.693362884185888,10.079962591471954
53.770830064646105,80.62555438953441,9.684197035055659,10.078452927355126
51.4232242352312,80.94137758149913,9.673949846377612,10.074201056426746
48.29247868642723,81.10104660569901,9.666108626847656,10.068329623883875
45.477200807431466,80.16261147996069,9.658186460719437,10.065707233987267
42.970095579974696,80.00911289317465,9.663101625523709,10.059623451927544
40.61976944603369,79.69894789768178,9.667804697597521,10.053826883472157
37.3320372248402,80.16763351871079,9.669287719104972,10.055595844396935
34.35408709121792,80.01486718116107,9.676319584957861,10.04803018258103
31.0692531532639,79.70251004619523,9.671077329636406,10.046562535252786
28.87713550891573,80.01932960104486,9.673534356974134,10.038891748604751
26.06420285848028,79.71146901620796,9.667161175833167,10.028808642499454
23.719590686505256,80.18306034663634,9.66676801609796,10.02354948237973
20.128642618497647,79.87286313779376,9.659973099196312,10.018840330246045
17.007706424950154,80.50054909485287,9.654465213894376,10.012944470607186
14.042118929701314,80.34476981096445,9.654068002643184,10.012315027765647
11.386086094298467,80.34567605211637,9.659214274365482,10.01050254546181
7.953029061223949,80.50107343052369,9.656375208276827,10.011932931021613
5.766289834946383,80.65841375142723,9.659018934895496,10.00945476963855
2.8046722527914083,80.97142413106997,9.650350211701484,10.007844945879798
0.473070639582418,81.12178939282482,9.632926391326265,10.01915622548964
-0.4546452899774218,80.02399321755449,9.616702381562556,10.03115006233302
0.4868285488541817,79.55630169313493,9.604994180050566,10.030913373096526
3.2794853041771352,80.34177504433053,9.629968611162932,10.018379987860385
1.5450551489311781,80.1858751062952,9.668113719805305,10.018296663762884
0.4549803827653198,80.17198609806209,9.660831687105748,10.046074680229122
-0.47576341592650095,80.31921459763967,9.645441076993444,10.064430715656627
-0.3155701713760397,80.62678019766527,9.637912008674968,10.07501435717033
0.003431021591942418,85.31232632915007,9.62571837393867,10.091053362195685
3.123166319028236,84.85025057124732,9.645505720410997,10.07631618679945
2.022922530666701,81.56425102173635,9.654670367044778,10.074346495553536
1.2346356126461773,80.78539143057593,9.665437754023994,10.066259228812548
0.3001779399287443,82.49837018665926,9.655120893584208,10.085560760749406
0.3079541416170448,82.64488651702212,9.639568490207607,10.105873661953122
-0.4686582115779796,81.22736485529342,9.625703429364073,10.12015540439007
-0.1477150855926146,78.39974938769278,9.61066096462713,10.133792254487256
0.014295942731511246,78.86472957570813,9.600035600403832,10.144021955731395
5.011306745257949,78.08596193353985,9.634436705925939,10.134616191540594
2.954314774887738,77.30488126383347,9.66915659904868,10.127829820331186
1.6927761472655316,77.60902618132569,9.678338491273918,10.14801382610152
0.44291314536113013,77.75994775482201,9.660447697265848,10.160872778836007
-0.6514792191246492,78.38337012817172,9.646897470060411,10.172505149952007
-0.48896301393761554,78.0648622941685,9.636451346531679,10.180348244267746
0.7656260685183058,77.74884330257254,9.643617461267736,10.18330015754771
0.9174369019524882,81.68712755685544,9.65469990778824,10.174334483703616
0.7679990809685471,82.79062868661222,9.63883573986067,10.170510893458225
-0.010031755171082679,82.94219958093555,9.622767353841237,10.181795116471294
0.31134768071122476,81.99305908862932,9.608702719988267,10.193993387348813
-0.4666125676709658,81.20319765753126,9.593050590130185,10.202143622922474
1.2632130044832186,81.51957580382044,9.589518291770444,10.197772575062041
0.4858723964020948,81.98879740504081,9.573863254541415,10.201531124656064
1.4300892739276305,81.0463349609227,9.56868558314069,10.203199929241935
0.9622366056464022,81.20222951515483,9.562932558915765,10.205230274373495
1.4383027221948188,77.11790228885208,9.552078436887259,10.216141097720172
0.9739002359474256,72.24330606261758,9.539611025416978,10.23885224921681
0.5106325766382147,71.13547715209597,9.524400272686107,10.257102570444996
-0.2680663168751716,71.12954342025503,9.512003641204487,10.268970034126895
0.21025710329458924,71.11794263443652,9.497197540387408,10.292171605763901
0.3721899575536334,67.97052110143852,9.487406216883047,10.30552697148537
0.3795168768388564,70.95049327015505,9.4727523783126,10.314001090871002
0.8454593712382552,70.48467964046195,9.48294353262638,10.303552207144595
1.321909690885926,71.8932166317121,9.472116918541904,10.312700300276894
0.23083375477084367,71.2577894831897,9.456305550537547,10.327575602901963
1.3367323667379436,71.56345548454193,9.442331223889095,10.34419299942199
1.6514815576575774,74.5522745492369,9.440855463589084,10.332769774654988
1.8034194294765866,74.55659877045457,9.450787982348396,10.324121332219661
1.0257828302418606,75.49414402084959,9.43690172620335,10.33202217696701
1.033853402761367,75.65067131368063,9.420760581164338,10.332700639812522
1.1980785129925406,75.95699604060094,9.405794886755372,10.347020238078658
1.3596885082409749,78.92869380098948,9.396043796523937,10.359533822344847
0.42744468635942034,78.76522670674942,9.379480013779162,10.37295943974034
-0.1915599586557155,79.22759694107407,9.3636775555259,10.388577782303699
0.5987596335268464,78.59032842281815,9.350257077773104,10.409339853525667
0.13635831516026808,78.26858666244216,9.334399881391661,10.425716818867887
0.14239834637767412,78.10552100476087,9.32231981895685,10.438293455777567
0.3038368196032861,77.62845349346364,9.313000055876914,10.45175692825817
0.3078901664600364,78.40702140898554,9.304893362163414,10.462710641136516
2.350243664618435,75.26416270775306,9.297750695586727,10.475252151693601
2.5011561734200383,71.02642608856328,9.309665668035246,10.479745658676553
1.0919132401338967,73.38552325123457,9.302130904978416,10.471585716049173
1.5662236155189202,73.54294389278368,9.29476972836215,10.470497624335529
0.6326308109904941,70.55924522818384,9.280250003779171,10.479161397009078
0.0125515307667321,69.61175340399173,9.26633210736211,10.493030360096435
