191.1,134.1,15.0,8.0
189.71279339812781,133.76351251078452,14.969823715720446,8.03389287603573
189.7282836240736,133.9279588267791,14.938843263828844,8.066054492038978
189.7420683151136,134.27136236361778,14.911273881748844,8.101543541457344
189.7544457617644,134.07100814221616,14.886518988447271,8.14090277587667
189.76539916351578,133.8687164637821,14.864612184944507,8.183828055069203
188.86752034404452,134.7506580301505,14.850020639870026,8.230294106349458
188.8767970626744,134.7266081381015,14.831467202610268,8.278393890447447
188.88814711838745,134.70451397230573,14.80876709118418,8.322582222038998
189.07211245818826,134.49887488112967,14.804454627664528,8.370242188309136
189.07611501890963,134.47318068674173,14.79644950622181,8.421630577085008
189.08043882249228,134.2687303913349,14.787801899056491,8.46540110076006
189.08554569664435,134.06466409518686,14.777588150752349,8.50778443239663
189.08147667304502,134.22469697298467,14.78572619795101,8.55403935282289
188.89205272182517,134.01756933526144,14.797341974505402,8.601062502383998
188.70368240180275,134.3642792388981,14.80587435218368,8.644059219843774
188.67929384554364,133.78525654094756,14.85465146470193,8.694897177156104
189.0200781407131,133.75730135344955,14.914415090776105,8.75080755215214
189.18256841059676,133.73122501923882,14.961948494083066,8.802960220573583
188.77109150731653,133.52916076698,15.036673511680055,8.832974330609472
188.37274678646872,133.88446266663715,15.081872405984752,8.873861078686112
188.34776443411727,133.67360412807582,15.1318371106877,8.918459299359823
188.14478214863573,133.64984705626898,15.159174681924455,8.965973442973535
187.93501251248156,133.63078184450427,15.198868480020298,9.004103866502913
187.1589879370495,133.61591511744967,15.22656007941988,9.033837320612125
187.15200992031217,133.60424937513588,15.240516112894525,9.057168805239694
187.14436021576014,133.58878215992354,15.255815521998537,9.088103235664416
186.93942836700742,133.57151631657663,15.282307256379086,9.122634922358175
186.37012415761137,133.56287381018385,15.267846578385681,9.139919935143773
186.38113155158595,133.55299119017798,15.245831790436512,9.159685175155534
186.01648970668163,133.7384929065299,15.20623913340049,9.173119915874018
184.69476358921165,134.5019288842102,15.161190169507153,9.182534359846645
184.52845371431465,134.50089811596848,15.110255420992846,9.184595896330107
184.55242586987504,134.50134210772433,15.062311109872125,9.183707912818448
183.62330179450458,134.49860701142674,15.010118769329702,9.189178105413605
184.0189898662855,134.49663445124492,14.981534295375711,9.193123225777258
182.89460091900497,134.49273596310556,14.944116481208896,9.200920202055954
183.2934502967237,134.49006535885823,14.90762078738737,9.206261410550635
183.12091990235893,134.3018004069779,14.872539027472959,9.202648765667316
182.38062761656172,135.06284189848077,14.834910535741761,9.198778845987212
182.5863875712053,135.06189854166882,14.80231182317556,9.200665559611071
182.6039076586422,135.0666053643682,14.767271648301762,9.19125191421231
182.62547055713296,135.06974438405902,14.724145851320285,9.184973874830662
182.4626037521497,135.07513580178264,14.67286016749816,9.174191039383475
182.2952312795676,135.07970195566145,14.631540829313114,9.165058731625827
181.38063653160444,135.0862010957654,14.584293993587098,9.152060451417935
181.5895660170847,135.09055602461456,14.540790582443988,9.143350593719642
181.61345054560672,135.09383564286495,14.493021525399964,9.136791357218826
181.63536751507564,135.09595654087894,14.449187586462127,9.132549561190869
180.72871965024183,134.5398569265252,14.402540073023532,9.128782844034609
181.12294003991667,134.5438838354284,14.356541763060534,9.120729026228203
181.32883321961307,134.54470800162179,14.315146627587744,9.119080693841479
181.3487727107605,134.5450026967332,14.275267645292914,9.118491303618628
181.36872066381648,134.54506909494282,14.235371739180934,9.118358507199362
180.47031054677987,134.73264648068596,14.189584779072032,9.111725174549516
179.572565595734,134.73333898981406,14.146484675260721,9.110340156293335
179.7765887505904,134.73389678399212,14.105481674496918,9.109224567937197
179.98177280032684,134.73779121514556,14.061518253131597,9.101435705630335
180.00153774231828,134.74269925258716,14.02198836914873,9.0916196307471
179.4767176462318,134.74305571892492,13.977090094595965,9.090906698071619
179.3130309167667,134.56324595259338,13.940308600139057,9.086371277347594
179.50873075977503,134.38820060763015,13.912431129991264,9.072939751405192
179.52805893978805,134.57815510104214,13.873774769965241,9.055905582831446
179.54371816219765,134.04264913826222,13.842456325146031,9.040906123010481
179.56206607216467,134.04481710049544,13.805760505211987,9.036570198544018
179.39767585529154,134.05187494061107,13.773891238816788,9.022454518312797
178.6950088502649,134.05817668088068,13.73950389704964,9.009851037773537
178.88407806295376,134.06645482442212,13.720563674419543,8.993294750690662
178.88956405590423,134.07607627696422,13.709591688518612,8.974051845606468
178.8961984381651,134.08363950020512,13.696322923996915,8.958925399124661
178.7166720762606,134.45220889324784,13.697685690255916,8.93716652813907
178.36514473642904,134.82087583158147,13.68604960717505,8.914523414215799
178.19487877993797,134.82731798205447,13.669792393346254,8.901639113269848
177.13833543352638,135.0157538522298,13.644918452817215,8.881094145144525
176.9774392743019,135.20126931044297,13.61110538149754,8.865668618486803
177.1636688524902,134.14704506953154,13.59348093089143,8.845108865687166
177.1737537205227,134.1549701313944,13.573311194826378,8.829258741961453
176.66018746175354,134.16175457396858,13.539489494087183,8.815689856813075
177.02244396402259,134.17145889175563,13.520800044139854,8.796281221238965
177.0292251962696,134.17928815334022,13.50723757964581,8.780622698069795
177.03536807203582,134.18580959121044,13.494951828113349,8.767579822329393
177.2114324255527,134.1927851760994,13.494253049069842,8.753628652551445
177.21151212237936,134.198824568689,13.49409365541651,8.74154986737228
177.2098114639292,134.0293260737157,13.497494972316836,8.72956721828376
177.3861576505998,134.38629166167652,13.495632303915398,8.717295452241643
177.901370758697,134.04357278846732,13.516991887914795,8.701542665197506
177.72179722484307,134.05432891316795,13.525485651180675,8.68003041579625
178.59005393974877,134.06415146742873,13.541071218948588,8.660385307274693
178.40535900565374,134.07333234207212,13.56013643011982,8.64202355798791
178.21666750431933,134.2595933641122,13.587215995061412,8.619804951634977
178.02866658550587,134.0926925368233,13.612879882105638,8.603268655630071
176.9659956585923,134.80289352782984,13.635542736287965,8.584652673380239
176.95453680407567,134.63104713777432,13.658460445321206,8.577871038668333
175.89894812723557,134.64154117026305,13.665404166513254,8.556882973690819
176.94175924387787,134.6420304856021,13.682518202317498,8.555904343012722
177.108509942721,134.29875913451326,13.699714294782058,8.541052064888817
177.10156458645227,134.12480098814353,13.713605007319511,8.538262551663388
176.9229277110794,134.47459305372544,13.720010783347465,8.540414369935174
176.7410382850981,133.94914837998354,13.73278879481217,8.538301195925325
176.55437692853923,133.94905807070563,13.754953872576651,8.538481814481125
176.7291661378264,134.1201551927041,13.75687001548522,8.547782131967168
176.54395109884638,134.1187746584648,13.775619484653138,8.550543200445741
177.95593225207978,134.11909903024923,13.767734684669623,8.54989445687689
177.78197027832476,133.94163754652945,13.763778670667039,8.552937462803788
177.43410593142622,133.93892230855633,13.755763763451709,8.55836793875005
177.44168022814273,133.94052571344844,13.740615170018643,8.555161128965844
176.92607375387828,133.94457464014476,13.717146855924305,8.547063275573201
175.5287832814228,133.9442750442533,13.70316763051243,8.547662467356126
175.7124030788126,133.94454127292386,13.686797538069458,8.547130010015021
175.19535035209375,133.942711931647,13.66906154191463,8.550788692568702
176.08421437608126,133.94364770419585,13.643374917363285,8.548917147471
176.09496171834144,133.94681185410835,13.621880232842926,8.542588847646002
176.10337716024216,133.94892128634064,13.605049349041515,8.538369983181422
175.9409796331198,133.9515083319568,13.58061076233457,8.533195891949104
176.47673508010928,132.730808843143,13.55543334605455,8.533150088279251
175.96873621953844,133.9521770323431,13.52623899782675,8.529195205074487
175.6331011544847,133.78191451842116,13.50172853651786,8.521829937210171
175.47245617632154,133.2643981638401,13.475622159065223,8.514673645035396
175.3153260191217,133.26605624400221,13.443000674340041,8.511357484711159
175.32837740743042,133.26750968722462,13.416897897722615,8.508450598266341
175.167882105918,133.26493008726678,13.391997769891992,8.513609798181998
175.52905446549173,133.266136800587,13.360856651129598,8.511196371541562
175.37268375150197,133.0926132103228,13.328507103685224,8.513152576646082
175.21649968272152,132.91790117626442,13.296239853458632,8.517941256975327
176.43560860917907,132.57098005856875,13.267622018887769,8.523326344268376
175.24774392076247,132.73932841806806,13.2361440162971,8.53051639375889
175.4356754104602,132.56764246709236,13.203812963225834,8.5303563693861
174.7650728336588,133.2493695743311,13.172856376528898,8.539063895208338
174.7814906614638,133.07547497079798,13.140020720918885,8.544134483789312
175.13942603400255,132.90086128662347,13.108764110289096,8.551054784914475
175.4965454176169,132.72425544280748,13.078425901069053,8.562316193542118
174.4868232403893,132.54757331674497,13.047790029621675,8.574000408016724
174.50161755817552,133.39380748433834,13.018201394049262,8.588592668773893
174.174959597394,133.21552286998002,12.989100231782505,8.603953355575669
174.35892557625237,132.01378927710985,12.962193190566868,8.620246125808295
175.22402988170273,133.0294154305667,12.936433829275112,8.634332918425322
175.2384170073688,132.85247196707732,12.907659577942978,8.647484878204343
175.25125247142205,132.6754184511231,12.881988649836506,8.661073472143897
175.0939022952829,132.49798033208378,12.85633296011502,8.675593668222755
175.95750413033255,132.3211952297645,12.830175261954246,8.68895467847362
177.16124118312698,131.46257097706714,12.802946814565964,8.706027713725053
175.81359355268603,131.79443287490395,12.778990605438798,8.72211678555373
174.80736778670115,132.97653303673445,12.752577467662505,8.736591909929858
174.82205852525345,132.9701407647361,12.723195990557887,8.749376453926597
174.8367259293855,133.13370993636272,12.693861182293826,8.761654848391288
174.51036124299077,132.61659509018796,12.66824074323477,8.778359822968127
174.3539720271598,132.7786092875841,12.641956111001592,8.793394492070961
174.53818149033356,132.77291355331946,12.612450187146235,8.804785960600201
174.5527059917272,132.76714455547116,12.583401184358946,8.8163239562968
