216.1,197.9,29.0,18.2
214.71117683250486,196.53203597208002,29.288822399536762,18.44710412038644
213.10013044381552,195.98132653763378,29.499167954672647,18.795586183718225
211.51098036115528,195.4603668518924,29.629528494995633,19.075520648951603
211.14833832183726,194.95049245289218,29.586147015187706,19.32660388850811
210.77694238781476,194.84596500777812,29.556711059462316,19.535658778736213
210.45261090929188,194.76622119380957,29.430085995181997,19.69514640667331
210.1140532321223,194.71332898948145,29.33116314589948,19.80093081532956
208.61653350509278,194.65669866697695,29.22098198396506,19.914191460338568
208.63471944747718,193.80796293305488,29.184610099196277,20.05861830177679
208.32867285480955,193.73986417308663,29.018325362874194,20.194815821713295
207.58580331400904,193.7042979793308,28.9478352005006,20.265948209224984
207.26055196489457,193.68150016827892,28.820114279448173,20.311543831328734
206.57844575054813,193.68036093396776,28.63025909713603,20.313822299951035
205.15515022616256,193.31015782135572,28.38015184648536,20.28005395031965
204.46018451782842,192.93285158142723,28.23049290592934,20.2648712515645
202.65865156921166,190.6408143130388,27.997274909684762,20.24540511616766
200.0535891931203,190.65285406945281,27.863819027764933,20.22132560333961
199.03537762701515,190.65104952837143,27.61745655526929,20.22493468550238
196.85748810719429,189.19315824327373,27.429934492077994,20.11184985380916
196.20106134356655,188.82179623376433,27.23783610473285,20.102097915527615
194.42710118938808,188.10787502457248,27.03889942013585,20.03119753672981
191.86783559017826,185.57903137520623,26.941371877722233,19.872826094629048
190.07846082150058,185.24452437849695,26.814910945941634,19.800797994220368
187.5655201537306,182.73485172432453,26.675390309843085,19.65474133092667
187.2661810141948,182.82378684633244,26.540703915570244,19.47687108691088
184.39936393636964,180.70642048758478,26.447433382007432,19.341425287496328
183.38909701811815,180.76013753100602,26.293878461719856,19.233991200653865
180.94600770976643,179.33027136746213,26.136073966235216,19.21144746363415
178.47869289898495,179.33221817389745,26.046248323739817,19.207553850763503
177.11643527334937,177.19798337292656,25.90540952730572,19.177992381147455
176.12799068151494,176.89300287386564,25.74122424342188,19.074261890085076
175.47094730703708,175.54099353987004,25.63638658326366,18.94043173984841
173.41491187106098,175.60466203068572,25.514580524819404,18.813094758217076
173.44636751100143,176.71502106559788,25.451669244938493,18.697407371696425
172.11393539122838,177.16259178587757,25.32132438018548,18.501068207211862
171.43795560963142,177.21333331476137,25.286161264492684,18.39958514944423
169.065632137146,177.24209011401683,25.191393611345333,18.34207155093334
169.12284936421457,176.90566683904422,25.076959157208194,18.32597489759288
167.83377954978184,176.94238603041853,24.907398181730553,18.25253651484424
166.22325198890013,176.9790977421991,24.712880014647467,18.17911309128309
163.95328164778127,176.67342328702145,24.500368778600592,18.111540299026306
163.67463001853565,176.3808527585929,24.383123142201445,18.022132460993
163.74634944958376,175.41095678538164,24.23968428010525,17.948097274127434
163.17041578638253,176.10930505110156,24.05584232513543,17.887110024059865
162.92510284324808,176.13890491310698,23.882439264183958,17.82791030004899
162.00434271907173,176.1703540626685,23.742782859186853,17.765012000925935
162.09209379830546,176.20790470604064,23.56728070071936,17.6899107141817
160.19131333336858,176.25072678840704,23.449160621705385,17.60426654944886
160.56712844688954,176.9508401351203,23.347586014504014,17.50415109570341
160.31889321498494,177.0146177847896,23.197209725910568,17.376595796364814
160.42538325784798,177.36506111621426,22.984229640184488,17.318145616085722
159.5441165064569,177.39618037054018,22.832154154233375,17.25590710743388
158.3312703193124,177.44479471807335,22.718478746369527,17.15867841236755
157.4616402790079,176.19373093745432,22.563253823303327,17.134825968705226
157.21403392806403,175.90713100613922,22.429749873332785,17.07930917947716
155.74201132041284,175.65924303448,22.24504098832491,16.94933430273353
155.8138797060628,175.7263982558238,22.101304217024943,16.81502386004591
155.91051272115067,175.73664291737413,21.908038186849268,16.79453453694524
156.28972612418895,175.75812272411923,21.762655820277864,16.75157492345506
156.3579437530652,175.49136443854354,21.62622056252537,16.674990578643616
156.4343947284346,175.1804857983013,21.473318611786578,16.69000505860435
156.206286418988,174.8868929802287,21.324901975590393,16.672557439660146
154.46905748115634,174.9183803258093,21.187006863291625,16.609582748498973
154.5348545076087,174.95079890486838,21.05541281038689,16.544745590380767
154.8469563825094,174.98570074155083,21.027016891233156,16.47494191701586
155.19905103104546,175.01585673680856,20.917054251520476,16.41462992650043
157.29286688952723,176.82204991629038,20.87021891462297,16.35149760759338
157.64608159433374,177.45276245210107,20.753575347850052,16.269644221652225
158.56785597488448,177.7914354566611,20.669963658227182,16.178943903025008
159.49127510934358,179.8531697107367,20.57473614127752,16.142567149467105
159.53644604443664,179.31874473166906,20.484394271091404,16.047806503903164
158.7397502836463,177.90427327226027,20.34120706870447,15.982451549441409
157.3487917157311,177.93471938345377,20.2452242718915,15.9215593270544
157.68730368015784,177.67795788460595,20.141302131080533,15.861980536707584
157.71808492606402,177.41454629432295,20.079739639268144,15.81828121294393
158.05528263631507,177.70768133902175,19.974201189285274,15.800868094065523
158.3821236838974,177.9904980994146,19.887461571002216,15.802177050161436
159.27455828787944,178.29074527972665,19.799464130200175,15.76730661192471
159.30969805754697,178.31209731181445,19.72918459086515,15.724602547749107
160.1983283528657,178.6181256144749,19.637653825709418,15.674455884255451
161.09349805675208,178.91249874311438,19.526341409788344,15.645385290927054
161.67504319298462,178.92050825505342,19.47821037971726,15.629366267048978
162.84553833309266,179.77418664818205,19.36311449414,15.59143027677083
162.61422019647387,179.8033919642987,19.271677115593896,15.533019644537566
163.20886576268583,180.63935098894288,19.185796924036502,15.51621800654901
163.52586640104494,180.67302469549404,19.101897658732483,15.448870593446717
163.29421624855289,180.69242644058122,19.017493308514155,15.41006710327233
163.32012505947588,180.18635402834497,18.96567568666815,15.330682021188672
162.2834844004849,178.5858755468391,18.864284902601607,15.269630831127634
162.05247834706498,178.61148422725867,18.78519446985458,15.218413470288501
162.10425386306972,178.36234106680985,18.681643437845057,15.177657118760095
160.80866210990095,176.76139029734114,18.588954656617975,15.15891191261994
160.06020234550013,175.9728849529138,18.48077543083353,15.130823846888525
159.03556216102785,175.71918911894286,18.398461266675795,15.10531688155481
158.03028285533276,173.87979158257914,18.284191877924915,15.065662954035407
158.06998426863095,173.90510614506618,18.204789051328515,15.015033829061329
157.06389005445746,172.34632745535242,18.110043378490023,14.972190056710623
155.2828662077679,171.0549613600532,18.000126657222204,14.932090522561257
154.54644455278859,169.76599939162557,17.906345805349684,14.8989741896979
152.7667579830823,168.4934657198304,17.824224536871657,14.842974099080704
152.8163170115829,168.2469251507604,17.72510647987045,14.818027209762317
151.31319537933535,166.20344607740552,17.634852795247085,14.776322757647451
150.07407525893555,164.42815689071867,17.5430783671085,14.728880594507647
149.85898625687466,162.39540502217906,17.46145025811381,14.699935426655271
148.12972993705316,159.86483253656414,17.34949337799946,14.660409655374632
146.64431009119846,158.1226438793124,17.274226974591002,14.59099652557393
146.41489951830263,156.13665113056734,17.22766049319925,14.519881005597112
144.9398550233599,154.14466174477465,17.15669095063065,14.475781733910416
144.94708866629412,152.68186923244684,17.142223664762263,14.391224025304382
142.98792407456042,150.96484598352936,17.059804560709136,14.324615771558978
141.2830290714756,150.24684523821236,16.985477236917443,14.267424120780976
140.8035559424652,149.7876330047699,16.953129103704985,14.19455419643263
140.84264098731774,147.82264117487793,16.874959013999973,14.172846067008816
139.4044699119602,146.35615490621305,16.796937885985617,14.151455325609206
137.9669249941663,146.37318592200745,16.72702693848833,14.11739329402042
137.73137857503673,144.93451167256708,16.70892633388494,14.059581135725827
136.0625830363987,144.71046507140323,16.6306989206414,14.019700267979289
136.09510918022244,143.02148713955475,16.565646632993918,13.994883595929725
134.42896991251692,141.58396683389242,16.50505431115969,13.961749186758416
134.2248289179173,141.61392807765327,16.430120575469115,13.901826699236736
132.57392777663148,140.91251917634855,16.364376332202898,13.861410276487033
130.68774816331862,140.44478816032498,16.301538182986928,13.838072964573794
130.49026444708494,140.22694495272216,16.218462330997113,13.795716095322229
129.09748160482482,138.58484445954326,16.147647170386584,13.747472762360765
128.17446663008508,138.36592282431724,16.096960591804564,13.711136900797433
127.01809769943887,136.72680661535435,16.04569275417175,13.679761340227843
126.33275410379882,136.7476329673716,16.001896643612465,13.638108636193339
126.34795590737569,135.36103744846125,15.971493036458721,13.590473923067925
125.20553753341045,134.90782841882486,15.91186745750854,13.559107051588377
124.99628367728461,134.70052007398445,15.862919406404238,13.50626797791322
124.09812555758495,133.55803589372465,15.795885642885299,13.462048834785055
123.19857643198968,133.34181368724285,15.738675042930106,13.43041603496221
122.7422707960088,132.2218062369374,15.725938798590963,13.357062144820754
121.1610540292107,131.08941753289884,15.65936296867597,13.315404293247036
120.96905147778658,130.4230152029519,15.583792610593342,13.269482570348368
119.86027990820133,129.5288283440549,15.513062310165823,13.227237536463955
119.66230751733114,129.08747717738862,15.453138292104907,13.198202270193933
118.33404394070936,128.66115781694708,15.382874710219577,13.141910746033982
117.4575064499605,127.32654207072048,15.326113894662562,13.096388542905125
117.4783806614655,126.90456658761195,15.284365471652592,13.03866446273055
116.39078254835489,126.69011472597117,15.213299895689323,13.018315825575188
115.30916178061864,126.47876630225907,15.13746286359629,12.99319695948632
114.22054844080392,124.93695154034394,15.08355339297374,12.9532358729638
113.80000117673126,124.95192199620844,15.03516749411078,12.923294961234815
113.59966724827385,124.29775339760165,14.992333915697387,12.901127852463771
111.84449237310713,123.21216958283988,14.962883887075442,12.859920620140185
111.64174307891562,123.01200732283394,14.927033359518655,12.818896024212282
110.33792462115524,121.48706559210963,14.893911854659867,12.787894661884765
110.58394200955999,121.51025518610611,14.840985499241661,12.741515473891818
109.07011521903523,120.65438111699127,14.805909013175702,12.703132145198346
109.1000485186445,118.9298012095061,14.746042413957158,12.661372416096931
107.81713239733631,118.94712900578362,14.703338858535098,12.62671682354187
107.60343841966666,118.74877695835981,14.69719733056552,12.589891435080638
106.5374270159727,117.24294962724765,14.665031409960486,12.571681878114772
106.12937472473236,116.61864254166271,14.617052587269331,12.524170941526965
105.92162812646085,116.63559003090015,14.602020852776246,12.490275963052099
104.45048746481604,116.00963448367256,14.536108340407486,12.452961127939362
104.48025231471696,115.60304265887872,14.476578640605625,12.409923177581053
104.4949164022994,114.33816016027477,14.447250465440769,12.380769685660908
104.50523738012491,113.93673601316588,14.426608509789727,12.332503076774286
104.51965150324885,112.4797203009622,14.397780263541843,12.275353698618776
103.68307748034154,112.49846759651946,14.378609079137409,12.237859107504237
103.71352308807684,112.3109828815807,14.317717863666827,12.190654682207905
103.73695882957809,110.8527988758354,14.27084638066433,12.163796553310068
103.53460904967422,110.44798979799074,14.256250113964594,12.134823055984453
102.91884756200194,109.21483382999064,14.23197562397375,12.08954006131382
102.93013468434818,109.23777778971751,14.209401379281273,12.043652141860054
102.94290059714217,109.04567564623117,14.18386955369328,12.011464099065758
102.54699439054778,107.82414871368465,14.144735648130927,11.96167900790544
102.35927670706127,107.21781530249122,14.106114030377457,11.932174876112782
102.98663232897619,107.02797625228752,14.090335597079129,11.898875373009664
103.21156547167239,105.60295769847413,14.052661428712394,11.863567661456932
103.43883955757927,105.62126644223024,14.009146622673622,11.826950173944718
104.0669278414961,104.40475383606429,13.982257566827922,11.80140036230078
104.48459752287086,104.0186802095988,13.964777801123716,11.75568801818642
105.71729183826506,104.0419751868935,13.946887455947133,11.70909806359704
106.3340043424373,103.6592183479766,13.934108938659314,11.66084741405971
106.54527266472046,102.25801263477729,13.917472548799346,11.621957057513939
107.36823108538714,101.26118256052246,13.891596433846257,11.590566298048255
107.79217231046712,100.67668297442215,13.851910533477264,11.5472706455624
108.99927322656086,101.09897008648763,13.854379204109089,11.508253255704554
109.40668489344675,99.90841795961326,13.843921432742613,11.476260822237368
110.20100515490464,99.7281432380894,13.861282416836945,11.435309888532581
109.97921222194941,99.73077664120646,13.903764380172815,11.430043082298447
110.76581246095775,98.51882756439495,13.937272981135221,11.443877617452861
111.57025461735614,97.90527804134213,13.938077264088694,11.463710216745806
111.58055117211548,96.4714351527482,13.917484154570031,11.512094163818817
112.19934167324436,96.85277572064136,13.889578001929962,11.555862927777671
114.03060855579751,95.8428290788369,13.858572387264672,11.558240572252682
114.43286350957446,95.64694584967575,13.860182707397241,11.546946916731775
115.04699722569448,96.05288518093013,13.84062026909191,11.540871583512835
115.66589298409498,95.84906406541987,13.810325950261616,11.546014748543113
115.85051184920925,96.04928495684639,13.843200101104832,11.547684846761815
117.8194870778087,97.87372416925307,13.93174785039008,11.522654807784228
118.22025737189419,98.2991032778415,13.937443415372051,11.47913274376032
119.62164385720547,99.12537482826146,13.955660132551008,11.438583750235528
118.63595612330458,99.148695381786,13.913930083595375,11.391942643186441
118.83302919713232,99.37441690341979,13.920998617508822,11.341714281487775
119.25014655828686,99.99875103713556,13.887776092483271,11.294564309981517
119.6729489776327,99.82240315955963,13.840617305618732,11.24803703921983
119.67762677963394,101.23513340600535,13.831261701616253,11.206715638235927
119.48870431241288,100.66395229056661,13.812191013582122,11.158331001684635
119.50086894245156,100.68581223077886,13.787861753504755,11.114611121260127
118.9184320353729,101.69438078762795,13.768511277543034,11.071181157760346
119.13592753118144,101.714042055851,13.727253537066794,11.031858621314264
120.52636877451351,101.73369519013342,13.693542590857325,10.992552352749403
119.16541563113599,101.95147711582398,13.676419507993195,10.948278411313897
119.18782922039581,102.55940720411607,13.631592329473522,10.903324663246652
119.39439686359195,102.38612968594826,13.607331782179465,10.861004960484042
119.79365862986546,102.40451704411403,13.5844248983096,10.824230244152504
119.2310427460433,102.80779294026226,13.549096636650331,10.791385138058473
119.62951825310438,103.98055898868446,13.52368671803124,10.760476327723266
119.64106263297913,104.19178330427373,13.50059795828172,10.722900376187523
119.65984723893732,104.0179481684765,13.463028746365353,10.686668984069222
119.09516061995303,104.22711720099224,13.444215440121281,10.651059767108622
118.3459261974375,103.29152980797465,13.415260530745455,10.612954860135208
118.3627989773571,103.68818730145617,13.381514970906279,10.581210858807827
117.05405682202426,105.22141197785189,13.34078374096348,10.552722123854622
117.82098583021794,105.23803711155391,13.321525818729624,10.5194718564506
117.65250589313732,105.25427532246677,13.280677005968785,10.486995434624875
117.48077417473613,105.27169673229474,13.247493854996472,10.452152614968933
117.12535461205944,105.28318880611776,13.207204717554395,10.429168467322869
117.14446815860619,105.29861066783408,13.168977624460902,10.398324743890257
116.41747317466942,105.12211254321906,13.129083271145978,10.377849912823178
115.68880911063285,105.13152863493575,13.096331140049283,10.359017729389778
115.7101880352347,104.95402586457135,13.053573290845579,10.342317070233335
114.61486277782306,104.41200607866972,13.019587991509287,10.314038734956837
113.70050940485308,103.32067235335273,12.999368677637893,10.277994913817182
113.53763425731967,103.51468434591224,12.956235584059877,10.258854317342998
112.26133680677319,102.61162624990075,12.933501511293212,10.225449813751963
111.35259081500914,102.62850399696926,12.915960318770434,10.191694319614948
111.00584455000215,102.45680068872882,12.877085812996679,10.168917418201982
110.81747563882537,101.1962134526072,12.888613032095376,10.133617667661186
109.90374289760587,101.57834515836907,12.892024233503713,10.098975968549697
108.64333439773478,101.40847704350533,12.862767406169691,10.074415937266306
107.74710208860571,101.0595888319031,12.838018782553142,10.045307063720903
107.57084668820605,99.80164311249266,12.827945512535612,10.023110006823758
107.58409636418966,100.18008806270463,12.801446160568394,9.990350222716451
106.69566442900617,99.65377169607541,12.772711997849402,9.9596241361233
105.4526067767066,99.66369418737166,12.737616348676886,9.939779153530786
105.65095311087323,99.49909260641971,12.700230276454244,9.909675719324074
104.23777173475813,98.6151819821383,12.660698863815597,9.886313114843851
104.43510350676972,98.62340540499483,12.623279636293205,9.869866269130808
103.02791539368882,97.5664146636191,12.586474033804695,9.845461380394525
102.68943449020593,98.6405832207912,12.5525754130578,9.829705549188358
101.63897751325936,97.23232304511885,12.525594116908755,9.80903223381018
101.29358275508108,97.24543014295463,12.508594913482002,9.782818038138602
100.59937723872716,97.07660215336703,12.48419501123297,9.767271283574596
99.89936420018229,96.2093200258099,12.473934349005471,9.738977114542307
99.88823794593752,96.22125899747819,12.496186857495024,9.715099171205734
99.88085398998295,95.70557400035673,12.510954769404151,9.690764329748314
98.99960125822419,94.48167738453684,12.514809488176184,9.6764465187444
98.81536092925907,95.01602063393474,12.531735486734558,9.662423998064142
97.58785925320632,94.67278833375815,12.52564196636751,9.645718063425203
97.24107674474732,94.85525053703559,12.51677255116207,9.632010872932065
97.42534084044044,93.45808297667963,12.499099983385781,9.619501004764208
97.08876858282197,93.63624878348021,12.471488227075632,9.613547526936568
97.10363424863937,93.64162613113955,12.44175689544086,9.602792831617906
96.76907769517987,93.64715624439006,12.412428390272762,9.591732605116865
96.77438984176182,93.31110484937844,12.401804097108874,9.566660285230654
96.4379673683908,91.92322741139304,12.378624090811828,9.558315349045065
95.58505555308861,92.10163921510474,12.346855204986433,9.549010244907622
95.42651062914872,92.10958629690339,12.317068612103327,9.533116081310325
95.4354811773605,92.1207296481946,12.299127515679773,9.510829378727928
95.27161834768582,92.13096807412118,12.281338421570645,9.490352526874744
94.59730615814622,91.9705906892403,12.250343824015621,9.466202552477977
94.60971489723862,90.77775260362486,12.225526345830854,9.443661463116001
94.79303033840469,90.61871811660066,12.202174346210937,9.418451554452172
93.61109602367388,90.28855949329302,12.168504454567557,9.393757795037434
92.77259973289299,90.47184262398434,12.137588710107943,9.368773198859058
92.60888938644004,90.31424670072774,12.124313927005765,9.343269569364233
91.60366012635609,89.3042947074048,12.094337693866716,9.322738802703157
91.28025331490821,89.31074749186577,12.062603641081505,9.309833233781205
91.46459474656304,89.32004388522272,12.032494061895834,9.291240447067306
91.8106825157014,88.99355658779811,12.01592732826498,9.268606237270673
90.47736611859037,88.16158198564706,11.985137780002098,9.24666647751968
91.33060583577011,88.34025437543097,11.960375927443582,9.225665214312045
92.51721464562978,90.69917888859518,11.936480657480688,9.206460887496524
93.03469906242047,93.05142019202262,11.906314657609219,9.191058171287898
92.54817492182057,93.22610942647962,11.876712285281162,9.175896586883168
92.72955975661414,93.73482080089362,11.84745473085136,9.159010183527064
92.57527793914124,93.74325793997698,11.823234020708718,9.142135905360341
91.9211270738466,93.7515986529368,11.802998297868811,9.125454479440696
91.93291563176847,93.4251091049716,11.779421182025077,9.115335703162955
92.11104437843935,93.43228217923145,11.754183386095368,9.100989554643231
92.12450400443836,93.43982558997874,11.72726413409733,9.085902733148657
91.97137539812182,93.28079859692019,11.70378808392355,9.074223456458855
91.8188181520491,92.30207580977094,11.679722624617035,9.056589322045593
91.8241241860243,92.31199404019647,11.669110556666634,9.036752861194534
91.17593614871076,92.32021922698937,11.653362587769374,9.020302487608731
90.20441555843178,92.16341207081778,11.631292630861854,9.006398277041004
90.38004132315979,91.354172439751,11.60699149574603,8.99012556747359
90.8772049844473,91.36256253321669,11.591591276101587,8.973345380542225
91.04787450516775,91.20870025068326,11.576048730241094,8.955273450028638
91.05931882781132,89.916011234359,11.55316008495395,8.9385669477556
89.93236755339088,90.89741331458485,11.534625631998502,8.923565931700772
90.10713348798424,90.74222754222461,11.509195972611964,8.90983526662107
90.59320838996071,89.61785817505962,11.507501672453893,8.89417782542971
92.05846513756327,89.46502546804331,11.485807920473365,8.876641045770734
91.25927788782079,89.31231216576897,11.471281066841634,8.859487379696045
91.74845769986791,89.16004622885396,11.459146541851641,8.841944220491321
92.06955395104546,88.36362530072195,11.460154523587567,8.826784866527797
91.26698153026675,89.0155764282766,11.458464597870712,8.808350425237919
93.1952113894607,91.4296247378644,11.454464375720725,8.79582817635972
93.35223586517007,91.59799879365202,11.461186511586785,8.779851152069275
95.11302050838067,92.72763010856775,11.466350792496904,8.764873519630486
96.39510129709635,93.85637684247325,11.46575352851302,8.75049882608603
96.71604567512263,94.98525099093192,11.46426502363435,8.734151408277258
98.31669048293647,95.15299224486378,11.462060671416337,8.718577426754505
99.27397636456038,95.16219188706734,11.46520037664535,8.700178142347411
99.1131942347081,95.80984728828534,11.467400358809524,8.682324450072995
99.11171931528203,97.09267109398431,11.470350197661665,8.66951204528543
100.70625635089314,97.10040267483777,11.470665277109791,8.654048883578529
102.30150283596925,97.10778277175842,11.467064886593333,8.639288689737219
102.45996084735549,97.27425073768582,11.468539827048662,8.624743721110228
103.26270713623674,96.64243019527525,11.453917899623448,8.615688285661513
103.5893682161168,96.64899390056854,11.436196599427102,8.602560875074934
103.75268508251528,97.44592787064701,11.426874937880546,8.595253291170172
103.91086828155989,97.4483929298604,11.427557101478328,8.590323172743384
104.70743320091505,97.29644761280659,11.41931652045084,8.577235955314464
105.18529749195297,96.67068878942843,11.413495212785678,8.56221056952323
105.3461689197267,96.83707335935017,11.408051232475259,8.545740304916762
105.18798297757897,96.52910617377336,11.408479166185899,8.529786774900778
106.29644729742108,96.6936882194103,11.401363973042168,8.516310318846946
106.92857220828968,96.69957805510498,11.398539417284859,8.504530647457587
106.45661524739036,96.8646295218337,11.397096949633866,8.489546510483322
106.45591707618208,96.40008458604035,11.398493292050436,8.474087511117446
106.30076951473107,96.8804531067137,11.394172297537986,8.457198822014169
107.71463203829057,96.73190519928951,11.394888651733812,8.440023370049786
107.71653604437488,97.83976717482598,11.391080639565223,8.422291583675095
108.03117687589267,96.59198717586789,11.38909471097396,8.408668643814089
108.03159602863497,97.69662887611163,11.388256405489352,8.393133134879987
108.03236254854343,97.54785438390883,11.386723365672427,8.377558904557628
108.190076833828,97.39895822776856,11.384137324894057,8.362508687047386
109.28400073731973,97.09421451036316,11.384169713332849,8.34688749459468
109.28502232145173,96.94611666770841,11.382126545068846,8.330786454173818
109.75184989248615,97.4203215747395,11.384469470481449,8.318374707593051
110.37504945854396,98.98696209319706,11.385390645372286,8.303394438194116
111.1557079610955,100.08348976725173,11.38205618019069,8.291514645974841
111.7779550732227,100.4019334030457,11.382958007785355,8.277325400311437
111.6218636734597,101.03280503372842,11.384012679418975,8.260094650515452
111.46578782468818,100.57469381277075,11.385305180279868,8.243739502384274
111.31170764695698,100.42420273680555,11.382857226998137,8.234113345570528
111.31357565866449,100.11886165664887,11.37912120358311,8.22397245068494
111.78620339849516,99.50076580242126,11.364425248005247,8.219418127028826
112.5674919952179,99.65854964427169,11.351279759952117,8.21373678440644
112.72858432802838,99.19203726961042,11.33868631996777,8.217987856819242
114.27708330629719,101.21062777698877,11.336377739489345,8.203903030939511
114.43944172881915,101.8253969043676,11.320861400272687,8.211166799490963
115.37033343639591,102.91290013274462,11.313578087084084,8.199743795029324
115.37201388431383,102.61061399226057,11.310217191248258,8.186750299574825
115.68688797707739,102.30415992591217,11.297501852824187,8.18262558516855
116.46251891204486,103.07715109685904,11.287508208117652,8.177911468503234
116.4667664105837,102.61973740372731,11.279013211039974,8.168670626562333
116.62728789726151,101.69732496284662,11.265710085204162,8.167056423204933
116.78843276153282,101.7000264109926,11.250929973518668,8.161653526912968
116.79457564778741,101.54846279465205,11.238644201009498,8.15758668044162
118.02847386330664,101.39802694628767,11.226358219369263,8.151519570995628
117.11520657779539,102.01576549799519,11.21299021300579,8.142644185837923
117.7288284086833,101.4052980437784,11.210942677983335,8.13838296751813
118.80737392938195,101.25175690066847,11.197232023594049,8.139268055594014
119.8867063307662,101.098500968809,11.180581465608853,8.13977788434389
119.73683388378808,100.95048249312174,11.17457072423074,8.130059200384064
119.58638486181333,100.8025151536748,11.169965876636917,8.120490987734625
120.65871249678804,99.89064076102994,11.16222961871765,8.112594905569914
118.66602964107759,99.58832477349894,11.182268634436483,8.107176619754673
119.88564516311048,99.44031270469137,11.184974415237942,8.097958654261408
123.24268571074315,100.21051244672203,11.183773978740337,8.083213865374573
120.4902974243465,98.99600210082667,11.200917549380629,8.073286556208412
121.70817208890149,98.8480673683643,11.204898457334268,8.064189741500213
121.85522523585188,98.700801809001,11.215668633427454,8.05384439023284
122.91642804293343,98.55447018384955,11.227350947362016,8.04163793652183
125.04904905405394,98.7137224830907,11.229952037774027,8.027979274657584
125.50486896417912,98.87223611563653,11.232289958060184,8.015611256411457
124.2889752408222,97.8089646790323,11.22815840925768,8.010725008543071
123.6796670029792,97.66111599602988,11.229391938679933,8.002076637981993
124.13459032084764,97.6673297991606,11.232208712328163,7.989649031720545
123.37741376839728,97.36278918261515,11.226271883022825,7.990614291129023
123.68430544578793,97.97057827708669,11.220455228468412,7.990969502639684
123.38290020029216,97.05702945894211,11.215464876754917,7.994664610813629
123.23511239806794,96.90299138125212,11.207154977264574,7.998855262254819
122.93699885368075,96.59528308816733,11.19572589067248,8.006615673057924
122.3308129247224,95.9857304988687,11.192969036856075,8.010592139922073
122.1751587869168,95.98118372807303,11.200471330716486,8.019685681513396
121.86781260002616,95.98135539867313,11.207021003704176,8.019342340313207
122.3199628243109,95.98614196457122,11.21521774321399,8.009769208517053
122.01231229659878,95.84002361069743,11.22225434518714,7.997873689539072
121.40354994096035,95.6938832193949,11.223609377850249,7.986112052490695
121.86301205533672,95.39665130634118,11.216289158172353,7.972839872548209
122.17358857308129,95.40119917696904,11.202208182444375,7.9637441312924775
121.11767051148026,95.40794679339439,11.191853430771099,7.950248898441809
120.05808469264372,95.4150217686709,11.191508312974392,7.936098947888787
119.00206989349479,95.72555001996051,11.185701866129312,7.92013845820754
117.79604208255631,95.58222875463004,11.180201919766988,7.9045865428385635
118.85453264925913,95.58983126476338,11.176186935240123,7.889381522571894
120.81273402058356,94.39078319304387,11.17978529172385,7.875169297313902
120.81230630935661,93.64365187511392,11.180640714177748,7.862645106043753
119.75731873930734,94.8552865920656,11.182479580115126,7.848674271181744
119.01056692976772,95.01247699298375,11.17119226927468,7.835251655329391
118.86123494235532,95.16839254316723,11.169293263980421,7.8239835350814735
118.5592539743306,94.72280589137036,11.1725617863112,7.8141167180972335
118.26083610526649,95.02767476032092,11.16893258188889,7.80484392274663
119.01400309666506,95.47637491909126,11.162713355086622,7.80751245880288
119.02054991454006,94.72385898927541,11.149619719336629,7.812681619257939
119.17834630349256,94.57516855750953,11.133885836242493,7.8102035879788625
118.2866895214328,95.01884049098845,11.119732442380677,7.821593200011681
117.24413510179004,95.9135625307853,11.107982240782553,7.829456869746815
117.09940146493274,95.61135149673032,11.097946797453371,7.834873503769231
117.24872120723248,93.67084223346902,11.098746903747028,7.823177348681141
117.55375354363412,94.56829953422287,11.08719728464149,7.823807908266588
115.75961020718233,93.37907027477024,11.086382240326857,7.809531949026404
116.66555618364573,92.4877642921572,11.06754372394938,7.799090477703177
116.66927762026474,92.34610895125661,11.060100850711375,7.784019732754089
115.6329639805515,92.49904803179422,11.04660546227287,7.776159095659618
114.14838683643418,93.25010854338502,11.038948845165578,7.762443525148947
114.30338292555427,92.51364041294855,11.02629309080918,7.748697666602936
115.49313436802039,92.37229254643503,11.022110217183172,7.734478398216677
114.30842404900949,92.3787511592975,11.018611682128489,7.721561172491755
114.164156669743,92.3853197193713,11.010799607053647,7.708424052344155
113.28360004508629,92.3910598782126,10.995856873946424,7.696943734661533
113.88432451126062,92.24714677714526,10.976770621636417,7.68917926678657
113.59762591522879,91.21775961582117,10.959826557401946,7.68175919239142
112.72278104676735,91.07218137809028,10.940782529159664,7.678126706992319
112.29109952908424,91.95874488393656,10.920830880994874,7.6716290623617365
112.15383792583812,91.08152275757377,10.901328076341935,7.661917248216218
111.86999718080541,91.08453262152571,10.881875143525482,7.6558975203123225
112.46562187492492,90.93953455214667,10.863307820506257,7.652723142765471
111.30367410024712,90.94381892625378,10.844526710749854,7.644154394551249
111.31212268931893,90.65135115715576,10.827629532606226,7.644278424261611
111.17484670817673,90.9442315438478,10.810031455698978,7.642817729260824
110.89135834763925,90.65266213069711,10.793293631305138,7.642242010093452
111.33667242984886,91.08967589444451,10.77744234085284,7.642991356565543
112.51048037214652,94.44036101321889,10.760728838984525,7.642965469356897
112.95482276617696,96.76860710948552,10.745365755426398,7.644189034171722
113.54621473561163,97.06453490236879,10.726153734488946,7.634119407371109
113.41023977641696,97.35788341240061,10.707671084541703,7.628287523980606
113.12881173280596,97.50495220065196,10.690419996162134,7.624203535278736
114.15082916913204,97.50529868766463,10.67444185525348,7.623510561253363
114.014329754981,97.36097940399077,10.657973835367237,7.622682280412784
114.02238777425207,97.36106773042218,10.641857796825128,7.622505627549981
113.88660345835075,96.93182124392833,10.624474042520776,7.614141442216681
114.03826977422733,96.21644373285056,10.60968953349713,7.602155850724667
114.04614870759933,96.21854197041094,10.593931666753114,7.5979593756039225
113.76518410975709,96.80026623219219,10.580234455054882,7.585763666806858
112.90850609851195,96.37511409586617,10.569179863893075,7.573862632632861
114.06454416877928,97.23761953009759,10.553388504239615,7.571065349830915
114.93202741983677,98.38884265921823,10.538909540843276,7.562602476547827
114.79719485990883,98.6793558912231,10.522188256990658,7.5543488199550906
114.37600170475135,98.82360049391568,10.506592327581956,7.551853694477805
114.52631245323728,99.10919052071928,10.491685193476673,7.552102366603838
114.67639459074597,99.25167899190838,10.477011522288276,7.552616028054605
114.8264771394023,98.54027134535121,10.46212119234395,7.5490574843273235
113.97895912406142,98.68344486973288,10.44722831263934,7.547698587295058
114.12854218387454,98.8256347229757,10.432800093622104,7.548056781418398
114.55826309597819,99.82740121374731,10.426927732326766,7.536185880003147
115.27634348859758,99.8300199579502,10.411951057109267,7.530948391597377
115.2827793569512,100.25901857318061,10.399079320402016,7.524714314947238
115.7138441396308,100.2645893186396,10.387812674912162,7.513572824029281
115.71874956717885,100.26980921212524,10.378001819816076,7.503133037057964
115.72466730837657,100.27396970332397,10.366166337420612,7.494812054660502
115.72940695192298,100.27910382682157,10.356687050327784,7.484543807665324
116.29921838633904,100.00154980632635,10.346294528564679,7.475036675121255
114.75023113079271,100.85297353850338,10.342365341774773,7.4641366823394995
114.61369278916497,100.85797046514277,10.333691344043539,7.454142829060705
114.61682414650139,100.72255417217565,10.327428629370706,7.443522862916352
114.76242075528117,100.30424611057676,10.317416330243997,7.436596230815552
114.48465269509066,100.1682797707828,10.311126218016666,7.42761579409926
114.34939550571222,100.59365961487057,10.30097238796147,7.4188607323598745
113.93503912407158,99.61231780467108,10.288581274555924,7.418968640489542
113.66065680932624,99.61606782817714,10.276985321412903,7.411468593477431
113.6637096673882,99.62151059506436,10.270879605288961,7.4005830597029805
113.52697628258373,99.62666079601897,10.264741232023047,7.390282657793773
113.10955687543304,99.49174072742612,10.261557981683504,7.380782106765834
112.83537721471886,98.93411934689563,10.251648008536726,7.379486278676556
113.81761312616119,98.93398679795628,10.239907991830714,7.379751376555256
113.40475650827241,98.79709589267603,10.229261463971781,7.374746599236957
112.43589066837771,98.6598168806899,10.217206724797677,7.370763706214397
111.74590724015933,98.65873035879132,10.205720415115518,7.372936750011565
112.0294857740431,98.65745267843523,10.19486526975802,7.375492110723732
112.17351651623395,98.37582082024491,10.184831024165838,7.382701349525345
112.03885870619598,97.81608294336036,10.176153582683783,7.390204857062435
111.76579047396416,96.83977113720408,10.166321144099602,7.396937308707648
111.2149759717388,96.69764162607488,10.156168736104636,7.403250977854607
111.08061695217944,97.527814600187,10.146992401795027,7.410271270200338
108.5797353874911,96.96478049213786,10.147096177809864,7.424859629995989
108.99730243177589,96.68459046827196,10.146300191546793,7.429014276190077
110.38314017385083,98.76751290007651,10.15631646095603,7.435707042919662
110.80421896387256,99.88061540958566,10.149458437062444,7.436967506967617
111.92006630116452,100.99271636712102,10.144555597771095,7.43955742718951
111.9237412110303,101.40871424309354,10.137205778039553,7.442511707720213
112.20626180919857,102.24333943733183,10.128670376394332,7.442778703317541
112.34714031256038,101.69030219207156,10.125039912017243,7.436347024451807
112.90696925621388,102.24818266004962,10.117240725920825,7.4324447897062464
111.80102139044862,102.11085405271541,10.106890654677846,7.429321279027974
111.11193022578838,102.11446170855716,10.097220211623968,7.42210596734449
112.08743302196999,102.11788303757125,10.087337061212294,7.415263309316324
112.09036325456779,101.98414395778977,10.081476596016678,7.4057027149825725
113.06431337566234,101.98727250266799,10.071113619885882,7.399445625226114
113.06761625197008,103.09778840937523,10.06450786727042,7.39064507775412
113.21269659123354,103.23916294088959,10.050629513443102,7.384178339425028
113.08126188304306,103.38030903111897,10.037536054652552,7.377849034137805
113.08546309494318,104.48712060961688,10.029133630852314,7.369487616494453
113.5017686353684,104.49180007776839,10.02269514465302,7.36012868019142
113.50625298652,104.49554155527315,10.013726442349844,7.352645725181894
113.37028844897083,104.49997242433761,10.0107789166794,7.343783987052986
114.05646667442257,104.64171356554344,10.011847665047837,7.334986744495696
113.7811206795791,104.64635513792688,10.01342756145455,7.325703599728835
113.78641736442765,104.37578816069386,10.002834191757465,7.317983909662161
113.65259550469133,104.10591233849615,9.996340908930705,7.309461549458806
113.65695954010744,103.97299795390941,9.98761283809849,7.301393616848678
113.52336564696921,103.7039450531697,9.981170935747125,7.29224004107239
112.8417809993281,104.11879370258437,9.97744156217292,7.282681943556913
112.97950346102473,104.25995508509716,9.975161253760172,7.273523793511889
113.80149024631659,104.40094169148128,9.969057354109161,7.264528859232442
114.8950293789056,105.0872694588661,9.963867853533882,7.25555380233951
115.71762791681472,105.36418932931375,9.95372016531133,7.246730523976119
115.7209473724809,106.32144770261908,9.94708125397898,7.237662643801327
116.13126248342674,106.32565164476961,9.94231719450493,7.229254759500268
116.54311875102323,106.19408941394755,9.933834856134252,7.2206358222036
115.59707859838473,106.19863959559187,9.925618091467998,7.211535458914959
115.60251910059677,106.20271503105084,9.91473708704394,7.203384587997035
115.60855060184919,106.0700183629775,9.902674084539093,7.197884560308983
115.74979131046089,105.93730778259152,9.890810441897784,7.192687946498844
115.89052474153429,106.75012086932318,9.879693831810277,7.1891632853911664
116.5700188567905,106.75428249358919,9.871314672301606,7.180840036859164
117.11531825887566,105.81060864386687,9.860139466115141,7.179196439832028
116.58179944795275,105.81136899940894,9.84854639626212,7.177675728747876
116.72225088680025,105.94794495183677,9.837098587483394,7.173978892808487
116.72767938788871,106.08432631347908,9.826241585306471,7.170434861036504
116.73297285766665,106.22201174200038,9.815654645750593,7.164057882997626
116.87278990090687,106.22443769883924,9.804746917047515,7.159205969319923
117.01288486457045,106.0915065095734,9.793036128025804,7.1565892095460875
117.95698098428706,106.09323208647292,9.78263987452667,7.153138055747062
118.90043868926544,106.23083820340491,9.772006757177937,7.145966149398491
118.90583923260934,107.16974418221474,9.761205670490147,7.142466866095629
119.57755285810441,107.97565535303478,9.755456970811077,7.1358587860288285
119.44614360365144,107.3112266367581,9.750937025353586,7.128023946764918
120.38446958175032,107.58216595936992,9.744263209564709,7.120424770229521
119.9891129675179,107.31862486771715,9.734240665796326,7.113683105379571
121.060808166711,108.25451488903546,9.724026366112959,7.108432149107893
121.19928411072769,108.25674956304299,9.713478284269097,7.103962801092842
121.0678101893073,109.05947909841522,9.710257720500483,7.095514170004593
122.13631848478347,109.0625547928604,9.701076608059063,7.089362781114259
123.20409817893758,109.06588032112344,9.691414539269665,7.0827117245881555
123.20824785283207,109.9987487692597,9.683115191480683,7.075329722557591
124.27351764127681,110.13487143452267,9.674416888369919,7.068314551254015
124.41126101258008,111.06402967218416,9.663911148608554,7.064865095846971
125.47383582536075,111.20026604429901,9.656866439223311,7.057155466139308
126.40379629109523,111.60106741190263,9.648640104837797,7.049136129682113
126.80380626668861,111.47282134307832,9.641427963821794,7.041358997273808
127.73253803974538,112.53261472478285,9.632176320977969,7.034014409030142
128.13352593997624,111.61316193941663,9.621502110197815,7.026549603838962
128.79714453198307,111.61714573509195,9.611666690055236,7.018582012488317
128.8023576350136,111.61986968753493,9.601240483994136,7.013134107602352
129.33330060595478,111.62262829195159,9.59114788865266,7.007616898769048
131.17605384067534,112.28290538790762,9.583477747344753,7.000575681190296
132.36128231474373,112.15570193669339,9.57523955419942,6.992513833064154
133.02067115343644,112.02855756936047,9.567508550582891,6.984593232976223
133.94126458971874,111.90156360227864,9.560041805472224,6.97662114893218
134.86169499724642,112.16529180981807,9.551178252314264,6.972592522966857
135.9109218405284,111.25360246946597,9.544817243733581,6.965390110435733
136.04438709377843,111.2576678088439,9.539181852634405,6.957259431679867
136.961313236735,111.39212740402311,9.532850392084478,6.949414644944763
137.096348394341,111.26523261211587,9.523627835693908,6.942356469937901
137.36049181735635,110.35675192242786,9.516520714835057,6.935188811212484
136.97221011103653,110.49043168295798,9.511996511967123,6.928191828654746
135.4132173817533,110.7540221766456,9.507851101857197,6.921365986058916
136.19742613207927,110.62773739343247,9.499440982316088,6.913934322300036
135.4215748796295,109.85180830690942,9.4926459449189,6.90729495304938
135.4244663091323,110.11462193719788,9.48686308591328,6.90073924046782
135.29669805667933,109.21066191498265,9.483060759290916,6.893287464200523
135.55957839101734,109.2144788587469,9.475614838592769,6.885653576672026
135.69237540869347,108.82968079067042,9.468937942963752,6.8784982936552
135.4381020012742,109.4789917993159,9.460091577973254,6.873359225936879
135.44192173079102,108.96448384503198,9.452452118939538,6.868470345363437
136.34767512466138,109.0973927688286,9.448894217421627,6.860930910087739
136.3510513577977,107.93922483398492,9.442141751148995,6.854373677536258
136.22324253255272,108.07182092820818,9.43987198298187,6.847068907746829
135.45121864693746,108.20414717046641,9.43752882856915,6.840148244170908
135.06641304553997,107.82118629858051,9.434395691090472,6.833325647668989
134.16800805293502,108.59674566016308,9.429261462928354,6.826730535965585
134.81195010243977,107.69999102553822,9.427541890203806,6.819609468416353
134.04201111609066,107.7034972626792,9.424887481184085,6.8125969941343945
133.01621911547105,107.83562748905831,9.421015129505278,6.805268585490936
132.76095310240174,107.96763761700163,9.41804417114592,6.797999821853291
133.91959512914636,107.58579186845921,9.410031467827796,6.791934202214402
133.53706066355937,106.69183795173518,9.406012186396419,6.785302872916578
134.179645480224,106.69531728571955,9.401799891389949,6.7783442049478495
134.1827084857897,106.44229145879349,9.395673880258501,6.7723722168934986
134.44001718954314,105.55034132296772,9.392694973626885,6.7655377354817015
134.31288768606998,105.55358530285166,9.39129346991704,6.759049775713842
134.18648033702422,105.55689967400413,9.388576549701035,6.752421033408891
134.44420744699326,105.43262286985623,9.383882881667768,6.7455943657522806
134.57460423885263,105.30837296039763,9.378284729764516,6.738898752853999
134.70552400942694,104.54598487879798,9.371444118858083,6.733681334600178
134.83385019448,104.80397968429136,9.369599676645445,6.727307579400409
134.2002073675958,104.04297026882573,9.363514689485957,6.7212816412181775
134.331861204348,104.2994151115153,9.35468829220956,6.717354508295076
133.31827790131646,104.5566553890939,9.347604466934165,6.711436560972482
134.2110768129617,104.55830028850812,9.340531476043667,6.708146762144047
134.2150452066951,104.55864869147213,9.332594688576881,6.7074499562160375
133.45748708954645,104.68580708671516,9.325033887628441,6.7069126716042735
133.20741634544336,103.67097211778132,9.31786531281289,6.707342357385221
134.0983116306948,103.54615535163124,9.310942681927521,6.703423326882883
133.97481554721696,103.80260083879831,9.304553034269583,6.697295981775994
133.34564519239373,103.17287978983326,9.296980566911317,6.690824902701349
133.34855327237204,103.68203727820088,9.291164406954675,6.684348643121379
133.3523357197345,102.79944037672193,9.28359951222978,6.680198046307266
133.22963610414493,102.92855798205056,9.276419658913188,6.674541920145712
133.23297845055808,102.93046553277179,9.269734966086899,6.670726818703262
133.61317287922634,102.68140767130296,9.26597683348231,6.664422058486315
132.60790877104785,101.92807344961204,9.260118259100492,6.658800408814058
131.60367382293433,102.81241113955481,9.253662859342265,6.653184662915579
131.35380803621112,102.81502961223673,9.250046534083257,6.647947717551738
133.24378558355068,102.06238367030338,9.243070068962641,6.64404814959504
133.12099678057996,102.0648330862848,9.23728701112441,6.639149317632185
131.1126667429923,102.82151693577238,9.234889406358485,6.6329282486350145
130.11078775062916,102.82413622737222,9.23023632138149,6.627689665435338
132.87180514125689,101.57282692858138,9.227857756346626,6.621373619280363
134.87923576853638,101.1999173124366,9.225035709013008,6.614935500215182
133.8775793003798,101.20296229214556,9.223527612180895,6.608845540797265
133.12774669668448,101.20605807800723,9.220320922062598,6.602653969073916
135.00631188485428,100.08270508077277,9.218095904647667,6.596416748187991
135.63262580979014,99.46027901551673,9.216416228457623,6.5903207050184704
133.88251898126347,100.21345606099601,9.215749144227114,6.584344074610102
133.88311753410602,99.96653105244538,9.21455203854202,6.578286840750037
134.8834385697687,98.96998467660279,9.212589152461408,6.572700407190431
133.8865338130899,98.97282462021388,9.208700477039745,6.567020519968244
132.6391767055009,99.47486380749697,9.207827879594445,6.561176870451417
132.01741769341015,99.60222766225992,9.20410375063795,6.555897591553105
134.63557556628962,99.35579035993277,9.203171759421174,6.550164219584332
134.5123629189749,98.61085904672098,9.200402407807225,6.544858968547529
132.77157029436867,99.36044416194628,9.195086833891525,6.540074805151829
132.89847932914478,98.61628762535113,9.190172572575014,6.534965028927927
133.64785856987854,98.74212595690263,9.18387807002084,6.532032362310504
133.52656738447067,97.74836460028376,9.177861208534996,6.530761217135506
133.40576070692188,97.749272850246,9.17098829153916,6.5289447172110435
134.27654054115618,96.88233835538198,9.167886951587558,6.524355378422097
134.15494624751588,97.00883455833755,9.162847841025034,6.519590670354024
133.1658661403592,97.25903020059147,9.15643440241821,6.515342799076248
133.1683503813562,97.5093106066417,9.151465920424243,6.510588596631502
133.79079659625455,97.51047857310427,9.145316320474027,6.5082526637063784
133.0509739415125,97.51177223227009,9.139266154614043,6.505665345374737
132.93041822146077,97.76149589220786,9.132896988982973,6.501179236968271
132.06597599540797,97.0221048780875,9.130618948746704,6.496107700344531
132.93407211610096,96.9004536918208,9.12475675094671,6.492220066651379
133.30710966744036,97.0262075816966,9.119789642183525,6.487748284871685
131.4585044750976,98.01601736132088,9.113710545248285,6.483216449154179
131.46186970829507,98.01830163372409,9.106980078853404,6.47864790434776
132.32784607392122,97.15675243755365,9.100803113177642,6.47597053111209
132.33108894097154,97.15908430884876,9.094317379077001,6.471306788521869
131.47257050734524,97.52977472894112,9.087784465997604,6.468598711336569
131.47513447687072,96.91667559696357,9.082656526946671,6.464399109626788
131.6003848851223,96.91929472693862,9.078087311528549,6.459160849676696
131.97138353098526,96.92172685905514,9.073414805915242,6.454296585443636
131.11475706959627,96.8011094329252,9.067307548854012,6.449908554869364
131.24055211287,96.68033407074866,9.061174293180796,6.446002448348128
131.24286175899883,96.43724009957113,9.056555000923142,6.441593635672691
131.98023435501372,95.5814418529771,9.05273800930418,6.437107228381476
132.1051711682399,95.58391323295716,9.047886367306434,6.432164468421335
132.22850525765455,95.58651880064335,9.046084087462342,6.42695333304898
132.23057080217816,95.58871961521513,9.04195299841514,6.422551703905423
131.74204588801453,95.59127026741719,9.040539602566067,6.417450399501292
131.98787569859198,95.5935108864304,9.037899127935683,6.412969161474881
131.0114661047831,95.59582154143253,9.03555915619823,6.408347851470621
131.13483270316124,95.47578393369409,9.03310843568544,6.404140590704016
131.62385073483875,94.74568827966074,9.031773319250012,6.399280478391283
132.47892911049817,94.74806907432794,9.030135863242672,6.3945188890568865
132.11503917414893,94.87245681712967,9.026005287661892,6.389713552879832
131.38492128291318,94.9969997717558,9.023277055406533,6.3844549794154
131.3863835972939,95.12130499062096,9.02035242664513,6.379542937998773
130.9004298924181,95.36748861487695,9.017970996920571,6.37432010922488
131.14448772317482,94.76140087085349,9.016753632347832,6.369249854919877
130.536650011545,94.88563472525628,9.015697168804534,6.364128523474868
131.14613633482065,94.888192371339,9.012950554733509,6.359013231309429
130.9039821198256,95.01231500769175,9.01102229484439,6.353886303543529
131.14772496681752,95.01477380329254,9.009544141725774,6.348968712341944
130.42051476737066,95.01728994876372,9.006567334973143,6.343936421399599
131.02864989122153,95.01974078194468,9.004149728874044,6.339034755037674
130.5448819816606,95.02190692439909,9.001076673391418,6.334702470128873
131.03073655687206,94.90294117903613,8.999500999190337,6.330100591799315
130.7894225045862,94.1780597413335,8.997263354028407,6.3252662180036765
131.39672995053698,94.30151605496147,8.994240551005571,6.32067200852349
131.0353325222457,94.42510696554467,8.99044748288411,6.31568616225843
130.19005950940627,93.580456346172,8.986606579854314,6.310600472295108
130.67672481463993,93.58291557074647,8.980924711155343,6.305682023146162
131.04205604375073,93.58529933706141,8.975493659417962,6.3009144905162655
130.44151902298498,93.58701061419745,8.968658944405412,6.297491936244198
131.04833264337594,93.46666999950848,8.962134961391731,6.296752514068509
131.05136459482523,92.74265359765074,8.956071058493142,6.296932032182111
131.05447268201377,93.10518833670407,8.949854884116062,6.2955207289348145
130.6959912231422,93.22611814461912,8.943514381613515,6.294762253186598
131.66315689967212,93.34804584292856,8.937117715480701,6.291898692433627
131.90681127417645,93.35007357993524,8.931502359586643,6.287843218420237
132.63215133528527,93.23138086832088,8.92498426252221,6.284534970790108
132.27363105802064,93.11301804661935,8.92040694525608,6.280721323594716
132.0349032055923,92.9948243211935,8.91705041942207,6.27670265910104
132.87853863056318,92.63471600471323,8.911796643705058,6.276054831679531
132.28014997119726,92.15534965122448,8.907587674620258,6.2739985084037295
131.80138371298665,92.75604150914647,8.904724606852225,6.273109272796326
132.64355813372714,92.27581458941334,8.90065893136696,6.273401303122165
132.52533597961587,92.51497428630086,8.89711995275061,6.2750484830249285
132.52726712770655,91.67501117614042,8.89325765656924,6.275278068674538
132.5293679548243,91.79542212980958,8.889056002333737,6.274357715323623
132.6507437991473,91.79662953216993,8.886126480583796,6.271942910602916
132.89077436818513,91.79815956909863,8.885540076196435,6.268882836745512
132.7706514471748,91.79871955418021,8.886108322232195,6.267762866582357
132.6502954217493,91.79980957596273,8.887152710611282,6.26558282301733
132.88956789384127,91.80136670259742,8.88790253224223,6.26246856974793
133.4884108752593,91.08296210722824,8.888252008233787,6.261635233893163
133.13007602605492,91.20230161903413,8.886125982605263,6.262554784960497
132.65067721034134,91.44179464551931,8.886597930684372,6.262731573664158
133.2490035956848,90.6031423351039,8.887902943527493,6.262895297552989
133.12771457815785,90.60256820237608,8.890866795628124,6.264043563008638
133.12493867889208,90.6030901426928,8.896418594159679,6.262999682375193
133.24166644087464,90.6032353140212,8.902708876536964,6.262709339718379
133.84009871347908,90.60476616711304,8.905028928832674,6.259647633534719
134.6774087467595,90.00641856095153,8.909158840915554,6.257235718255091
134.91633559762525,90.12525167581188,8.910993780522467,6.259413809203579
135.27564216648585,90.12432537914815,8.912106141742822,6.261266402531039
