162.7,113.9,5.6,17.2
163.4052676347462,114.09805947669382,5.640952491967585,17.204731196018056
164.09126617403334,114.09737852039903,5.673099534374375,17.20609310860762
165.12949675894626,114.10164962716553,5.706527658477121,17.19755089507465
164.0573278643508,114.44980339527369,5.738017773430441,17.20552591693753
164.0430957188484,114.62497718817019,5.766482064435242,17.20801382921891
165.26281874055167,114.43807729167636,5.800799981302223,17.22841877073893
165.42213579096367,113.37635674907611,5.836484956145976,17.225945401933284
165.4036046329294,114.42853277905905,5.873547272214505,17.251227569088172
165.56591598728102,114.41396758159765,5.904907628347018,17.280357964010978
165.54866326997356,113.87504339581471,5.93941306296195,17.287273651048356
165.88970718293027,113.85755666647694,5.972744758166817,17.322247109723925
166.5921161659014,113.84273704507768,6.003222919114488,17.35188635252244
166.57380162284923,113.83358853186168,6.039852005218801,17.37018337895443
166.73446857802955,113.64990607444419,6.079261193159801,17.37680519548774
167.26164662991596,113.45479352596321,6.109583231235716,17.405470911833476
167.24417157672923,113.25205394373143,6.144533337609202,17.44842327140884
167.40319420145786,113.58834787280001,6.190272655536153,17.503404548040113
168.67413303793182,113.5706357970757,6.206283365980583,17.53882869948876
167.75035377047809,113.55102467478251,6.222763161286038,17.578050944075127
168.1025793563656,113.17284759392211,6.252476385525819,17.60024070978112
168.82166751407456,112.4285202358265,6.286078196428145,17.617117299652048
169.17506895444922,112.59443403672502,6.316877212657744,17.65409064634446
170.26518187153835,112.9435612826536,6.356027263836883,17.695628116273102
170.24638602754422,111.99713559499213,6.393618951825157,17.73243480078298
171.15594416421166,112.15414288863491,6.43662766093239,17.790845209985868
171.32860460086974,112.15020389685183,6.465358164567901,17.79872319355201
171.12667971120797,111.20291398946004,6.494519956733391,17.819863072545502
170.94335458566795,111.7586296996148,6.485646439312128,17.835002957739817
170.94013035610294,112.87075104521004,6.4920948984421525,17.864246668361258
171.11827002041647,112.67455646979693,6.511936321505673,17.880515067496862
172.06172767818975,112.47778709754951,6.50860421515162,17.897337170153193
172.24410866866003,111.92208318651636,6.520741252998038,17.87804793585843
172.81087082687125,112.10790208055518,6.517740303920804,17.883251270229177
172.99163596089622,111.35177461040811,6.53307175518243,17.888059333277038
174.11074215437475,111.91273585498035,6.558119050161864,17.897766685100787
175.42588449897258,111.9168958771274,6.572472669986336,17.88944664080669
175.6190723880583,112.10057990253884,6.564042917351201,17.900024615520113
176.1752230350278,111.72334574964641,6.585578860412054,17.898601429971713
175.98641025307467,112.84430684718599,6.58488802041079,17.92657765833792
176.55587418663234,112.82114887627556,6.5820847701239975,17.972893600158777
178.06779809120954,112.45031094994766,6.592849718770581,17.955916263364326
177.87410016988403,112.25731756191989,6.600968704117348,17.96262618211557
177.8774719154495,112.25871115800678,6.594225212986457,17.95983898994179
178.06869873002233,112.05740432415872,6.5911301222113945,17.98309411926726
178.64177811657206,111.27985175493951,6.583886465622865,18.019645769024457
179.40878287073963,111.2573494888165,6.57001639615118,18.06465030127049
179.22331622154263,111.99836655603409,6.56051693227802,18.104347215904014
179.23161720621908,111.59687923578292,6.543914962925085,18.145655395738128
179.61865712292087,111.38239859255046,6.532089959769169,18.19348926707922
180.775881502781,112.70063449136893,6.507255951458553,18.2282346794202
180.97143729510248,111.73582871347674,6.497795507837155,18.24959053009685
181.7455354716877,112.27263905174178,6.476745873552371,18.321329892730972
181.9388267436025,112.05164116444467,6.472600469217618,18.3808885278303
182.7135363267,110.69012649885823,6.456061718760998,18.421377131461096
182.69548075815572,110.8670614385604,6.492172855849534,18.451008704049496
182.89095565175163,110.8325228621181,6.485811562996548,18.520085856934095
183.67555716595083,110.61472491712703,6.458479894668256,18.570213906898672
183.68719955579334,110.3968217967408,6.435195114983249,18.620329974743115
184.27516920528222,110.17650532054488,6.417212915537807,18.674977227290814
185.62516565846627,109.39062778776729,6.422321161094011,18.700960206032082
185.43483091858565,109.58599510357143,6.416079971093581,18.69713624418545
185.43269853163406,109.96880686908426,6.420344744996809,18.704995157128945
185.61714860884868,109.98355699759207,6.438377112332539,18.675494900113296
186.376228518491,109.80937453616134,6.4675704656255455,18.63702152983039
186.36067208793665,109.24570854325033,6.498683326734233,18.60389694825916
186.74044403666568,109.05669459397292,6.5129612575938305,18.595013932655146
187.49412927945428,109.65156852890541,6.553766709912269,18.566398016211927
187.47459717230024,109.07833899711429,6.59283092422037,18.55072572393114
187.65074826557878,109.8613105991372,6.62839295941341,18.53623940688594
188.99161557993935,109.29028554124284,6.66478532017403,18.51337795575391
188.78240833563822,109.88589733996268,6.694562693908759,18.488065702916632
188.76376886237628,108.93047802394452,6.731841640432675,18.45483501319368
188.9427166718079,108.5574640614698,6.762958113378624,18.422838754524843
189.70218954290775,109.73123335901346,6.80047367815247,18.409992119897918
189.10094252717448,110.13488610387253,6.834134954075761,18.381908467208586
188.11520096475405,115.6073086848457,6.8565401459120245,18.351899730087712
187.90640646696605,116.20798755103225,6.884341427331216,18.319905140185178
188.28014688704872,115.42706803568836,6.916517451750756,18.322430441703176
188.06506815238757,116.22430489597107,6.956227380174818,18.289746884730608
