228.7,179.1,9.4,7.4
228.3364381194261,177.53086104627775,9.393341848019075,7.40853321247403
227.2747030529795,176.86233433870635,9.386772366649252,7.4143118687024305
227.41104688525124,176.72582924483396,9.38033276825801,7.421073990294963
226.34940079440767,175.65724030424218,9.373551046609062,7.428177968142463
225.68729600601588,174.8552055693838,9.366407251577153,7.4346233916806135
225.69104732533003,174.71944984137443,9.35890461294885,7.4398691433939375
225.56126529808893,173.6508513074013,9.35223313117259,7.447181921272351
224.63207364222393,173.24981868018477,9.346852729502231,7.450491298533836
224.63538348239783,173.11348980317698,9.340233049154422,7.456926174532608
224.10544186398533,172.04580105038954,9.33521354442496,7.462498196998602
223.9758510563226,171.77746478388593,9.328156057955985,7.466692526416901
223.8460412122654,170.70890738084694,9.32157727070495,7.474219529571227
222.917844541464,169.64066316515613,9.314433117116815,7.480950823591772
222.65490718823594,169.3724788042183,9.307869771596858,7.484881493491349
221.8598111488469,168.30486986940343,9.300971996879646,7.4906462251273265
221.862972116601,167.5043338988677,9.29465006137147,7.4947042350000315
221.60015783075616,167.36899752899973,9.288003903968704,7.499239610189807
220.6724595578148,166.30108419361034,9.280641054127189,7.506198400140943
220.54323660817974,165.90020276844197,9.272978946442763,7.509637229614109
219.74829402528502,165.76422905686803,9.26659141004043,7.515539202396685
219.75137102391113,164.8304452046459,9.260437412788171,7.520807553794112
219.48827228718991,164.69602243487978,9.254568219678644,7.523619760050316
218.56049611632537,163.629551259187,9.24820278453531,7.528656080724604
218.43131724758936,163.36213314848442,9.240588808763231,7.531548875641603
217.63724097367003,162.29539385877246,9.23333612525446,7.537820479935661
217.640744808692,161.4961587032075,9.226328455210524,7.540946911371751
217.37814180524123,161.361230724333,9.219868554774907,7.54496991545208
217.3819501374013,160.29570532637413,9.21225189045477,7.549634067048393
217.25245395216177,159.89573737813458,9.205488075128624,7.552301406111931
217.12262159720854,159.89319583219915,9.199458056945248,7.557384497982796
216.19614914704096,159.36071082469624,9.19261529699751,7.559618707112687
216.1999210336803,158.2960240564816,9.185071523718804,7.564078817720152
215.67179087379748,157.36486836982888,9.17905292199473,7.567402078418599
214.6135914182165,157.09789060256222,9.171208467017344,7.570296771417086
214.48419707819923,157.09590729581885,9.164541359611633,7.574263384903808
213.69108805606308,156.96190843245415,9.158258394421567,7.576844276722784
213.69485500656552,155.89819482018856,9.150724493416714,7.581381204853913
213.4331818453891,155.49901352789837,9.143434606839683,7.583789476039489
212.64073710207384,154.4359303572634,9.136859636228536,7.588003207653977
212.6449973871609,154.0374593215325,9.1283390660544,7.589313857753108
212.38393229860077,153.90331353198306,9.1202703384252,7.592505984477263
212.51969400792726,152.97423822440956,9.113772919593522,7.595474600875106
211.46341933659622,152.8394681139532,9.106535867962956,7.600041522501296
211.06898149741406,151.9104648845651,9.10060640142366,7.603502643168937
211.07206489079212,151.77639629742663,9.094439614667515,7.606740690165861
210.94349697498043,150.71492110967273,9.086719570232333,7.6108440572053455
210.1520263781628,150.5817400010671,9.080845699117896,7.612403763624942
210.1556889008197,149.52084366633997,9.073520653804053,7.616304235881199
210.0263526413136,149.12304710081787,9.067507215236578,7.617839494186256
209.23605767102953,148.98889968036914,9.060392907224704,7.621516960320383
209.23960423787466,148.45894086388745,9.05329977353446,7.623168912723293
209.11124338306306,147.39946515141872,9.045538574820222,7.6262570709613495
208.18928037249714,146.8698877434768,9.038578596377299,7.627762744231044
208.19368018446275,146.73676386235138,9.029778972446056,7.629682070030479
207.93239091818143,146.07532106693176,9.023912190834452,7.631454375433993
207.14316162407042,145.9415712472535,9.017410129841958,7.634793906588071
207.14601950080373,145.41264504107116,9.011694376375322,7.636194044691871
206.8850251663663,144.35526546459553,9.005589428334819,7.6385787299815355
206.09575959998426,143.8266001582135,9.000177936849157,7.639947593245828
206.09965387576364,143.69333461333756,8.992389385290435,7.642550299729191
205.97085399945672,143.4288264832258,8.986139833894836,7.6438679519337365
205.1827334801514,142.37267594277694,8.979740798552243,7.645982267560508
205.18521236268995,142.108150410573,8.974783033475136,7.647617424972964
205.18753497238424,142.10660668464834,8.970137814086552,7.650704876822232
204.7945791417087,141.8420225172587,8.965144804630334,7.652603431063353
203.74251993359758,140.9180060370762,8.960560309354577,7.655521343867712
203.7458901710487,140.65310657199848,8.95381983445235,7.6581928778652255
202.82642264552663,139.72918377425933,8.948241317626572,7.661524905473649
202.96140881411105,139.59524305308457,8.941737938606424,7.665937389674463
202.96502569993334,138.6713574478948,8.934504166961858,7.669635359682378
202.57283886393964,138.53678021665124,8.92871943356462,7.675403687041319
201.9181592661705,138.00880017811087,8.9211321358268,7.677806569501179
201.92136227526123,138.2686007878996,8.914726117645337,7.684825109690077
202.05594507812071,137.21214317055245,8.908884030480932,7.691152195947921
208.1163593251823,132.07621535553778,8.901453073503104,7.692953392310594
208.1199019090165,132.47001775178634,8.894367905834644,7.695092421841516
208.12299460796652,131.94276703616254,8.888182507934657,7.696905891092886
208.65345816375935,132.5997847342654,8.879674591415872,7.698394488720855
207.73477125042876,133.52098335776276,8.876075726444947,7.696969933358264
207.47551867665405,131.28527804015067,8.868747049574335,7.698793061012416
207.8742433930762,131.1540209844189,8.85979361127462,7.698475174294385
207.8779072104652,131.1530792731724,8.85246597649658,7.700358596787377
208.1431388482192,131.4146978583838,8.847209005089466,7.702327730465488
207.09566018496642,130.6252839755051,8.84174321545068,7.70583815911462
198.82997402911153,133.25486389330848,8.834087819314483,7.6971633101256325
198.9631100803277,132.730389026837,8.830080315213634,7.697054649742482
198.96813296718636,131.55483286837728,8.820034541496318,7.688364567518884
198.71136499912558,132.21241129860198,8.809764388820433,7.6827229290631465
197.93095235348554,131.42761565919056,8.80068036380025,7.682404891585692
197.93654055761826,131.169554841434,8.789503955534817,7.675517423850076
197.94098825165528,130.64723536849166,8.780608567460774,7.675281254198924
197.81487339654777,130.7780078564954,8.771762253137599,7.674812302729671
197.29533065353488,129.7336645607119,8.767126684903156,7.676056785776128
196.3856067410683,128.9497948055765,8.760428980490966,7.678528699465268
196.3893641671434,128.9487453366634,8.752914128340755,7.680627637291485
196.2624800834959,128.68752455634066,8.7459526670046,7.681609940674535
196.0052063971166,127.773844795085,8.739226671021573,7.6845126725903885
196.52922783218096,127.77325246841659,8.733497360183629,7.685697325927204
195.490622135204,127.38136557319028,8.726645225572646,7.687947293167984
195.3637621270014,127.51081751044353,8.719928131836177,7.689480528803189
194.71600397463422,127.38035956353683,8.713660368851002,7.690039609072662
194.84972270932897,126.59876105091793,8.706490719514472,7.691629713992412
194.85366839617149,126.59848899827364,8.698599345829466,7.692173819280971
194.72707131781166,126.33792857134986,8.691726820399317,7.693161308828964
194.34086624670817,125.4271791602067,8.684211666203662,7.694834439509141
193.5642511945407,125.42638523359147,8.678134777536254,7.696422292739623
193.56764565312622,125.03619861077142,8.67134586036521,7.6973505071339625
193.44180173253014,124.12709836999615,8.663309963802533,7.697484824400823
192.9259450422603,123.99712925614811,8.656622760971532,7.697822906254238
193.05967157359305,123.34822625246062,8.648670630080865,7.698124254755083
193.063366908535,123.34756317239838,8.641279960196954,7.69945041487956
193.06655406701032,123.21737928915132,8.63490564324634,7.700531202243842
192.94017679469306,122.3090740731393,8.628455599854558,7.702709518083603
192.03693402663427,122.30867752007676,8.620970437300445,7.7035026242086815
192.04022954503233,122.17874082372072,8.614379400504307,7.704341791436954
192.04423134985902,121.78998465649916,8.606375790850963,7.705020594940596
191.78875505127823,120.88368831164048,8.599668237304853,7.705802757181098
191.1454439167682,120.75437218476118,8.592602550316009,7.705697419737907
191.27881813881038,120.36661054142851,8.584479308054068,7.7053451009359994
190.24811683421558,120.3657143163899,8.577943857933308,7.707137551013247
190.12211580535342,120.23610433015507,8.571527227469982,7.707938835295259
190.771349609677,119.7190955895813,8.564714723709258,7.708632232533656
189.8707111957343,118.81473155810491,8.558343737294747,7.709712481186524
189.87342089187254,118.68521070101154,8.552924345018253,7.710601281862938
189.74795651770066,118.42693617350427,8.54577084135467,7.71098583286274
189.62212555493363,118.42599388365862,8.539456481670777,7.712870412554041
189.23847722918953,118.42571165181562,8.533030389327731,7.71343487624007
188.46874358424594,118.16808680812039,8.525602352645414,7.713052788107335
188.47238059914227,117.26582915353403,8.518328322852746,7.713715317184115
188.34666935691243,117.26511328126551,8.51216099181732,7.715147061721153
188.2211754930012,117.13575989136957,8.50563263451162,7.71633775638493
188.48264553831063,116.62105081608783,8.497558152583201,7.716024689567512
187.71483987244434,116.75034047013504,8.489362942226588,7.714746471821298
187.71822508386165,115.72170151990917,8.482592519391995,7.7148086636525
187.72185255349743,115.07883097943417,8.475337580120435,7.7153161544927995
187.59641689572064,115.07846778043175,8.469267885530465,7.7160425524976475
187.21494134023638,114.95051568676497,8.461646770233093,7.715089331075888
187.34705399760594,114.1804317847348,8.454143926376995,7.714922309837875
186.45275422749904,114.18067705505584,8.446529437505891,7.714431769195781
186.45556609019258,114.05215048590489,8.44090571211884,7.715010328907993
186.33100442928372,113.79613466145013,8.433633469266539,7.714250848477616
186.07794025582606,112.89851853714708,8.427223464363273,7.715598865718544
186.21027256362095,112.89962976068513,8.418748994343511,7.713376418642449
186.34216235122292,112.6441989278967,8.41099079373849,7.712195335021455
185.45021785414494,111.74845597942095,8.4037158838027,7.712517327881162
185.32571291791686,111.74851882809995,8.396954314916442,7.712391630523173
184.81777594804646,111.62100754808667,8.390175474730293,7.711750995568006
185.07711506245033,112.26049336762136,8.38259005960081,7.710511390694182
185.3365787481106,111.49499104935298,8.37447734408399,7.709072059819827
184.44633327866964,111.49506741800289,8.368171033085956,7.7089193225199875
184.4496823863971,111.36794366445066,8.361472817631064,7.708011641928919
184.4533636802476,110.73095297975784,8.354110229930034,7.706816258599095
184.45644298037178,110.34826508421601,8.347951629681685,7.707490702300134
184.45972520923573,109.45660319174016,8.341387171953766,7.707113360817225
184.3355655487724,109.4565794290018,8.335001302147539,7.70716088629394
184.211295656387,109.3285174638305,8.328935541879432,7.708679271597678
183.70636895711925,108.82091754118632,8.320650943717096,7.7057411201881765
183.96413737660848,108.94854472398225,8.3138283469338,7.704843875693879
183.0776954484496,108.94881021263876,8.30706413532167,7.704312898380858
183.08124082431684,108.82134297242112,8.2999733835872,7.705126843696872
183.08490712924086,108.05962673914895,8.292640773739155,7.704427100867449
182.96145962243844,108.18713386050909,8.285640321712686,7.703308323778507
182.83716519261824,107.17158932774181,8.28046178090625,7.704258185738603
183.34761788205384,106.91741916137838,8.274360925749114,7.705196256608439
182.46359205563814,107.29848933446883,8.267071534576367,7.703916357857907
182.46667696180353,106.41139293107564,8.26090172224559,7.703714647402581
182.469957199789,106.41131391158198,8.254341246274615,7.703872686389909
182.34675018451827,106.28490262435304,8.247471421686138,7.703411405717824
181.97029984334742,105.52589812947433,8.240867135331692,7.702410458082965
181.08831638075085,105.6531696886001,8.233495798870106,7.700915662924955
181.09227365114626,105.52767689603807,8.225581258079293,7.6989929143502405
180.96997139148294,104.89720744334576,8.217432844097162,7.696167153191267
180.72075366678354,105.02388437124365,8.21070951318192,7.695392687552497
181.48114542443588,105.02341166059826,8.204692666809237,7.696338108843294
181.10603648844213,104.77095234571419,8.197766120912798,7.696493793355458
180.226417148948,104.0142684836201,8.191080800874792,7.696212375521126
180.22929848657373,104.14011178056114,8.185318125623304,7.696690819225926
180.23256472436506,104.13954981877943,8.178785650040634,7.697814742789335
180.10968026394494,103.88733595897597,8.172557622647362,7.698248565929244
179.35752062068212,103.3842103530608,8.16544244688818,7.696876802903038
179.48650713017778,102.502863990512,8.1592411017741,7.697167810859713
179.61552516883881,102.37641773201521,8.152883611685525,7.698381740619852
179.49274551492036,102.12448689410381,8.14684513471035,7.69904784681847
179.24403988393502,102.62739142792448,8.141229915248454,7.699291742042285
178.87060442334845,101.99982308648435,8.133815004625914,7.697285371929671
179.37651756594963,101.99970092842896,8.127107234872856,7.697529688040456
178.50093581023216,101.9999024963479,8.120026416285384,7.69712655220257
178.5049440180581,101.6249659697643,8.112010000633491,7.693820645929243
178.38223630896334,100.87222923178592,8.106545022652135,7.694011744860508
178.13445205509808,100.99785803371879,8.100519026185115,7.693551393093584
177.76188093272117,100.87280935308142,8.093576741729322,7.692953911298426
177.89058639604832,100.62268987514992,8.086741595913058,7.692041305485298
177.89367386037506,99.87152204965582,8.0805666672596,7.691656759379614
177.7713124999236,99.87141196828568,8.074939593352056,7.6918769221199
177.6489892008126,99.74552683725264,8.069321673445012,7.693382666056948
177.27661649933876,99.49509893800277,8.063467356713533,7.693838651437275
176.6543631677671,98.74501185544047,8.057400067419207,7.693324073636692
176.78241219508308,98.74508514722909,8.051312820698286,7.69317749005944
176.78553550148686,98.6197477877319,8.0450662078907,7.693939831371273
176.7887060462187,98.2447712800257,8.03872511842708,7.694415052029864
176.66668458147717,97.37055668372328,8.033034648495446,7.694710448732164
176.54513332959215,97.49583899049102,8.026488891977419,7.6937940954847654
176.2989904566073,97.49653043778466,8.01971409959035,7.692411200897513
176.17759415094451,97.37186205120338,8.01310550179661,7.692346764940714
175.6829030696498,96.99981498436058,8.005304452416745,7.688553489649338
175.81038132772346,97.2487245723295,7.999459999266593,7.688958439705954
175.81317379808183,96.3770206773188,7.993875058549837,7.689182830519187
175.81629221506898,96.37742596725221,7.98763822457556,7.68837225065239
175.81932101226494,96.00382628826716,7.981580630183677,7.689081369497548
175.69764727653387,96.37656772548422,7.976182428491577,7.689835514526071
175.4516056500683,95.75476951186005,7.970920893182409,7.690069971173732
175.2058614105633,95.8793108854419,7.965223412894275,7.689580203659129
174.83578618216737,95.87921193888502,7.959888507198153,7.689778096772866
175.33534455511494,95.87862581039826,7.954427559361049,7.6909503537463815
174.59339019339387,95.7542082933145,7.948258422316029,7.691439077832723
174.59669257468056,95.13388222874651,7.941653659742633,7.690808364315946
174.5993477402012,95.3818740377246,7.936343328701354,7.691108921445191
174.60208986034402,94.63764796767087,7.9308590884157475,7.691183615734592
174.48092330087925,94.63789222949347,7.925214836550294,7.690695092089385
174.35985000816444,94.63760673268257,7.919481100029262,7.691266085711182
174.2382609273745,94.26479650503323,7.91486053042091,7.693490347445249
174.11689575835877,93.52074471766582,7.909829792254587,7.695027464993202
173.87164545849132,93.64387602580251,7.90491844088516,7.696470824271948
174.24524487526648,93.76696940936225,7.900673387291982,7.697935317138193
173.38108314111514,93.76638958935895,7.895744955649292,7.699094957144771
173.50726912107726,93.76585449453461,7.890920887395359,7.700165146793474
173.50951730490326,93.64104922709363,7.886424519743359,7.702287094275
173.51173767835502,93.14476077954322,7.881983772839828,7.705059165548715
173.5137287062497,93.39055337685318,7.878001717050448,7.708324057349746
173.51578541551922,92.52343637822514,7.873888298511431,7.710660240258703
173.5176933995977,92.52221326424342,7.870072330354429,7.713106468222164
173.3963971432379,92.52154591776821,7.865300305104935,7.714441161172568
173.27483184176853,92.5209193099713,7.861120699391805,7.715694376766384
173.15357526062667,92.52063093343409,7.856369905314753,7.716271129840814
173.0325988096446,92.52045760391275,7.8511249196604425,7.716617788883501
173.65255783041408,92.52005649408919,7.846808494877608,7.717420008530613
173.28444190793113,92.39604727190518,7.841846216505991,7.718373745119459
173.2868424726392,92.51832881792642,7.837045087089854,7.720811916407322
173.16582529700426,92.6406948840784,7.832115467131333,7.723043755331674
173.04462184978996,91.65119831097128,7.827601012673861,7.726666110457127
172.92362200876698,91.64994701411638,7.822693292574597,7.729168704166952
172.67896436277928,91.64835283901485,7.8182697767812375,7.732357054369989
171.8179987202463,91.52449677310888,7.812251283841638,7.733219217895431
172.19073813075988,92.3873512934499,7.807077239512175,7.734887989508035
172.4401495530399,92.26341750681088,7.801679886933294,7.73604281679548
172.68995412881188,92.01705212000913,7.795361762192365,7.735482563595918
171.83024812599788,91.77088395952167,7.78901885192287,7.734746051457283
171.95659980198278,91.52461100332386,7.782739617950936,7.73444372785724
171.95992474134292,92.2643985523029,7.776089739230638,7.732786945372255
171.96337213641402,92.01966808540972,7.769194949088433,7.729872045941474
171.9667273495454,91.52865189470093,7.762484522825697,7.7277754724536685
171.97000375042106,92.02122187313573,7.755931721074372,7.726205432485846
171.97326124783513,91.5304699152813,7.7494167262462215,7.724655038086983
171.97661382392602,92.14583029698026,7.742711574064454,7.722112182152368
171.97989739887976,91.4104395953908,7.736144424156972,7.719960771758313
171.98305657257595,91.77925851204752,7.729826076764617,7.7183742110171085
171.9861717710663,91.16782904869697,7.723595679783874,7.715108347376716
171.86645286712863,91.4140922086735,7.717959265914744,7.712730470912625
171.74689586720504,91.78265005830308,7.712126257336679,7.710455796929175
171.74970663403414,91.04884099693803,7.706504723678534,7.709164059350982
171.75265775524593,91.17125599861595,7.700602481254926,7.709042624127463
171.6331861406464,91.41634961686432,7.694932770407462,7.7080812677239114
172.4918062546295,91.53868295127096,7.6892462008668145,7.707922264400032
172.49468898420665,91.78377160463418,7.68348074171251,7.706574658580978
172.3754240570109,91.05109645009259,7.677708681992116,7.706113482992589
172.3784108413421,91.41801353035945,7.6717351133297305,7.704888121127208
172.3814075510634,91.66250714469089,7.665741693887069,7.704078132030782
172.38435458652708,91.05307509050442,7.659847622959713,7.703039364284228
172.387283818822,91.29743032903424,7.653989158369878,7.702069832886327
172.39036327224596,91.6639050332996,7.647830251521942,7.700406509140617
172.39341240415567,90.93378550196412,7.641731987702562,7.698818769871185
172.39644387895507,91.30013805056801,7.635669038103741,7.696660860997453
172.27766859310998,91.54459817066636,7.629834437339221,7.6945109657101
172.280715827806,91.91053232250951,7.62373996794721,7.6924177635699005
172.28369631988812,91.18210035997066,7.617778983782927,7.690511722835509
172.2865689596209,91.6685776992225,7.612033704317388,7.689570535926815
172.2895122704818,91.06224290227165,7.6061470825956015,7.687754432844592
172.29255545995642,91.42718711728587,7.6000607036463395,7.686190352169018
172.29572002581497,92.036136969273,7.593731571929253,7.681556859526582
172.29867255568402,91.4310311990787,7.587826512191153,7.679372484893459
172.30156557989955,91.67381656756791,7.582040463760133,7.678503118525946
172.3043155360878,90.94749122630137,7.5765405513835935,7.677684290743159
172.3071144107811,91.18986217706326,7.570942801996984,7.677231380597622
172.31002596835248,91.67483918140556,7.565119686854264,7.675470612807374
172.3129509607537,91.31376250084027,7.559269702051751,7.67184054376675
172.31597215886188,91.79865052289779,7.553227305835438,7.669173536096587
172.31894101822516,91.19617729762662,7.5472895871088586,7.665925456578533
172.32170910383996,91.55867430155801,7.541753415879254,7.665410474131256
172.44530628459506,92.16296976918741,7.535955849778235,7.663803515918447
172.44824385732568,91.56106072585638,7.53008070431703,7.661226005068967
172.45112516867542,92.28604523991261,7.52431808161753,7.6581259626045055
172.33214467780235,91.92721768415502,7.521275010541714,7.652768915653826
172.33468111646187,91.44785058126632,7.516202133222705,7.648019973629868
172.33765351901656,92.17169513747176,7.510257328113338,7.644620038075322
172.34054984014523,91.93295276859399,7.504464685855975,7.640971904674593
172.34349633833608,91.45397266322489,7.498571689474245,7.6372661305902
172.46666303046993,92.17743293937914,7.492502351191243,7.631929854189913
172.34871527789034,91.45825285081708,7.4883148914700435,7.629792242031712
