176.7,91.9,6.4,11.6
179.455515971434,91.97104367577457,6.392986385044339,11.589046270696514
182.98863432598972,92.11134030619789,6.389242410223813,11.59095271922153
185.81068152923748,92.25816191421539,6.394423768303473,11.579773291415275
188.49709516713943,91.27000701635157,6.386934960543233,11.579379441021574
191.60249819317778,92.12415552460776,6.385666686770111,11.564592727682912
194.84852603583474,93.53999247027912,6.3798320369976445,11.553014938749536
196.39710840014266,93.68739004262315,6.3817728690351,11.53995666321176
199.63619798444935,93.69376759012454,6.379832857384551,11.52720156820899
201.74813272918314,94.82554636820302,6.376246511708585,11.514461688740901
203.4375829052962,95.39400536448083,6.37055518533614,11.501946704803187
204.56029889757397,95.54122804415769,6.371655198548254,11.488317845170435
206.80343070417516,96.52980971528352,6.375507447502366,11.475580192612222
209.04535019925012,96.39577297408002,6.379804131291154,11.463145195398063
210.16460578616318,96.82196271620154,6.384467455389785,11.451956147876798
211.42511678298155,96.96877926703303,6.386235180622648,11.438633014977087
212.54517277317441,97.11594063579518,6.38725590234329,11.424451865216062
214.6431123159032,98.10196475305757,6.3905903149796375,11.412036596468482
216.88004310989143,97.96834732698927,6.3938411727121585,11.399451920748266
218.27691073197252,98.11414199410652,6.396980827876865,11.387550076446471
220.37150094185867,97.98040668717572,6.40125586353562,11.375456993279323
222.46554849443353,98.12538487585162,6.405007754846336,11.364957082358224
223.86016558875963,97.01312798805654,6.409413685613183,11.354558762413138
225.11435388789306,95.76217167920709,6.414595249994174,11.342913217464156
227.4855461731948,96.46620151501985,6.418595138188214,11.330848974896702
228.6004230885274,97.44939600330015,6.421540511875693,11.318071802144747
229.71372144013526,97.45506355713582,6.426519625493895,11.306736694473406
230.2698546981793,96.62460074369717,6.429704525212546,11.294485197640508
231.5216090779518,97.74484976723046,6.4348044708670775,11.283861555195712
233.7493440044486,98.86561802295095,6.437939173849052,11.271627321742503
235.83796561104424,99.56883096772003,6.43869923191238,11.257869189289215
236.950213143903,100.688665256749,6.4409314430631595,11.244927888099578
239.03610033381239,101.66879660345212,6.441941243684318,11.231964478898655
240.97980023526662,102.92520646179301,6.446668306981548,11.221226319063424
243.06290268444656,103.06998344707668,6.449402404868685,11.209601614912533
244.31265163239095,103.9102155579121,6.450123668573491,11.195950166304124
245.42187975032215,104.88817422608238,6.452549600326611,11.18330472662711
247.50324386610788,106.83671519955013,6.451759472187829,11.170698342895433
249.16441748522587,107.39691749778041,6.456537745044621,11.159335583465799
251.2418698633847,108.09540673616952,6.459213163045156,11.148217164793632
253.46125105311017,108.237753579115,6.453271454200031,11.140574770815574
254.4329664296262,109.62496681516417,6.447689449333822,11.13450365323982
256.5074860708607,110.59634002005814,6.448391610090777,11.128303250290685
258.30285693014326,112.12137476252357,6.453042004611765,11.12048863027893
259.2718207412682,113.09141740527167,6.450831474625327,11.11612043704617
261.34930173995883,114.19639117476063,6.442288308751121,11.117596274871977
261.35327827757135,115.43818250571174,6.434335233526074,11.120751855077488
262.5977406776853,116.2665545576128,6.431352174967655,11.121302245721632
263.70039403013106,117.50377241878354,6.435430036984539,11.132424161152151
264.5317916117154,118.05353685390116,6.431089367590711,11.138531620100178
264.53469601453446,117.91205550302261,6.425280561952622,11.14506796268986
265.5041086300098,119.01828926149345,6.421430051781498,11.14400012663908
266.46695021331675,118.60745541000125,6.4301495376127535,11.13663812143267
266.32288134531075,119.99216803227664,6.4419052863922825,11.131032749207568
266.1794050332792,119.44185879601723,6.452359129745678,11.12565609888741
267.2828354104469,121.64123516370864,6.4582719989075965,11.152450610499322
267.4227329468879,122.46644134560432,6.455575509711825,11.164629748825467
268.3950783566544,123.2915363271498,6.451528313059931,11.17784860534693
268.11954883060463,124.3952045734445,6.447860400114765,11.18941997293612
268.81639114016735,124.52864811491224,6.441545513969814,11.200006836596728
267.57111691337246,125.908304405572,6.4343740443517365,11.215938614397071
267.4359635296064,126.178495860221,6.42704066211573,11.230836004635426
267.3000982123618,126.8637406806071,6.421033760455468,11.24903404461093
266.46856372947235,128.9406420665705,6.416661693223455,11.263833855211288
265.4987487050174,128.7953768539173,6.40991913183835,11.276311050475533
265.22441477179694,130.1791746041475,6.402338384595383,11.289958618434635
265.22743430909037,131.00879746540275,6.396299310008496,11.299903589059106
263.9781024639904,131.4188473139841,6.390770551454854,11.314534708147594
261.89304836191724,132.10282552475132,6.38536748722439,11.338415376072053
260.5021919012405,134.18645240362508,6.380766584249473,11.350632354817071
259.3909134253256,132.7852152262189,6.373444346882659,11.365757723133749
258.27894017759627,132.9176492562302,6.366709891681232,11.379724781943628
256.18963110497936,132.35421024070325,6.361407359579285,11.390890632374639
253.95654247545053,133.8721702693976,6.363525875349733,11.424010960995904
252.28197709496658,135.9587586886877,6.358249101813283,11.443843540546208
250.8867433027942,135.39217252999745,6.351325452557795,11.458059364486617
248.51169852753603,136.22341613168751,6.34426775500676,11.474565307483271
247.3951701842581,136.21425167444755,6.337668419351424,11.492894221963155
245.1541592153551,136.34312412413635,6.337822334142449,11.515266074023975
243.05365249833093,136.19242892537855,6.332045547948885,11.536203790190125
240.67036224212598,137.3037542251588,6.327316940688479,11.558875129298016
239.6863659091692,138.13465712340127,6.328858894473946,11.582598514637118
238.4138690969267,139.2528565046576,6.342141305717523,11.596609719450221
237.2833918893372,139.3815310856604,6.349189199047894,11.62099887267564
236.43625518956145,139.6527065787558,6.3501267569331,11.643093167040288
235.59203353209512,141.19740447945617,6.343164135036744,11.661941583159432
235.16236571585674,141.9037974186099,6.354314745180735,11.662797408739817
234.17008368715318,142.89213068971557,6.358347825031214,11.666661844085109
233.74278672531983,143.31075574340264,6.363761993924758,11.67859149148413
233.59663328710923,143.73473434110963,6.37273822650025,11.680626227607387
232.4580619020941,143.59758030135572,6.381757876449022,11.671418917105047
231.8870282131153,144.16999200722285,6.38969125882287,11.660729500954519
229.61410268362474,144.45857393018292,6.3993697521357324,11.650587225742884
225.79021803697958,146.01474074218902,6.391933020420559,11.657041241547729
224.94430905653323,147.00443232799466,6.382784514873673,11.66211894744929
224.37034021418782,148.42510384315324,6.397071415059173,11.654902878395367
226.35056216251394,151.25853697988526,6.406340282788234,11.659054839761676
226.06475408028822,151.25801083152433,6.410412273997903,11.66010713648352
219.81370383216017,151.53807992279872,6.422771666207656,11.667684458664144
218.81513140621425,152.2475498561378,6.430635259683287,11.669659776569032
