262.1,131.5,8.6,8.2
258.5361005244518,130.06716345358103,8.59450705488417,8.19901903746892
256.94009248220794,130.06621230648426,8.587773038786429,8.200921331662473
255.07779285446503,129.26719528335892,8.581560030109898,8.200035836129334
254.14788403009675,129.26841961889755,8.57675703591078,8.197587165052074
253.08636815483203,129.2714238413988,8.569713060814383,8.191578720049575
252.16005848125184,128.47600341073883,8.559965959928169,8.186105483043843
251.23439400010494,128.47638902757873,8.55061721160489,8.18533424936402
251.23906977127004,127.54855418475083,8.541265669274733,8.181445627753412
250.31527365376303,127.15358026594436,8.53076766701981,8.175069077965416
248.06638904725807,127.02513910746282,8.520580154388181,8.166777469890736
246.87882712792015,126.89768481617294,8.511777438966256,8.156805324237416
245.5607261818083,129.0161650685329,8.502153509422692,8.153166134345122
244.24381282144807,129.15078290242394,8.492254975469587,8.148302992030377
242.2677305014749,130.08002705083067,8.482340687085673,8.138784861771034
241.61260834684055,130.08453415578052,8.473434293995457,8.129770651871356
241.48585145377996,130.74733671911858,8.46340243526378,8.121893749459556
240.43593505630514,131.54168422819347,8.457143072127348,8.112767849874338
238.5995509688686,132.20192566574366,8.447672555766513,8.107370221643158
237.94731621950123,131.8097685806998,8.4382353113566,8.103340345844144
237.0329194699106,131.81097244198327,8.429052871521009,8.100932623277203
236.38121392338675,131.68005052902913,8.420541313212857,8.100391918914275
235.33533424268654,131.1533039189074,8.41436916762257,8.104919385662424
233.24049533332328,128.01024806185643,8.408588971654513,8.097844077722469
234.16100345612082,128.01308131818064,8.4016564012333,8.092177565074051
233.77028615704447,128.14477726733202,8.397654879977496,8.090597706574174
233.3814101651481,129.05985113276876,8.390236022074914,8.092515272989596
233.51497752080857,130.10531273474206,8.384738262359555,8.094687681887583
234.43331276317707,130.1050263714979,8.379160657245478,8.095260408375898
234.69822091622243,130.2381621530473,8.37235568115274,8.09049451027609
234.83228731318525,130.23906137174018,8.365545006124142,8.088696072890324
235.09761631733264,129.5899634730047,8.357258568143932,8.080962944574834
235.361298133848,128.55036956754003,8.351757970724764,8.072698613058034
234.71348541157886,127.64203461949886,8.343819300241643,8.064378748110395
234.97791411769006,127.38400657369144,8.335871288502982,8.05952543924149
233.81118575396886,127.38843791856142,8.327062810459685,8.050662749501516
233.2942231374249,126.61315827921185,8.321103388689771,8.041395045913909
233.42813164791977,125.57912740350315,8.313015587723413,8.031623037144229
232.7848218131225,124.80550674124021,8.30240730730155,8.022190821650495
232.6582372578019,124.6807720351545,8.296448883686327,8.012532699565401
232.5320195675321,124.03838748517973,8.29000488618337,8.002904909302465
232.40655329658554,124.04331062172349,8.28231340128267,7.993058636214925
231.8931832974713,123.78984385065897,8.275671509604097,7.983301233390409
232.41348930509352,123.14950662167118,8.267399182496563,7.973551081194854
232.28898674688833,123.15444306076505,8.258605581562176,7.963678203007098
233.19288005112264,122.64406970343818,8.253335191484293,7.954415650008984
233.19764011935604,121.87731106433816,8.243815055017476,7.944304974049766
233.33122617668414,122.01037492671807,8.233602590537913,7.93513689946658
233.59105337214473,121.88675357213963,8.227252330927671,7.925727542968029
235.51714277902187,124.71181795029833,8.221098489952823,7.916435413393752
235.13684463852928,125.35707649900696,8.213226067368725,7.906699488591945
234.88498213102022,124.97811795594914,8.20519794422282,7.896986867461599
233.9947864193571,125.23854764485122,8.196425668908649,7.887317117840431
234.12638615780443,127.030413894213,8.188528176627193,7.877812403702002
233.2377203801448,127.92768543672209,8.180680475572412,7.868448575057885
230.56522043336975,128.0593623772677,8.175882815787554,7.859846958411219
230.94884068520201,128.1907533786185,8.1722601015517,7.851604218852521
228.79084860014265,127.30514454554005,8.164285036872794,7.842368082445677
228.91950450152459,127.30911330490824,8.161050454111463,7.834430563709309
227.77976392497098,127.18632409611668,8.15543617327203,7.8261094886316505
227.78199761344706,126.80986184514762,8.15096879631989,7.817999827754241
227.65846806499147,127.06774048562633,8.144549792511814,7.809198748235254
226.77438614677504,127.07182805362694,8.140059605547117,7.80102361223402
226.77621513925757,126.6958968050114,8.13640162058201,7.793781337081755
226.39852325069256,126.1937050899634,8.133200645545365,7.78671843095542
225.89644727670094,125.18720740999969,8.126559316361096,7.7781272365479355
226.65726553854967,125.06528293446094,8.11966081756194,7.769519850142366
226.6592965331771,125.82537599817111,8.115598828307128,7.762593935940193
226.53600582868094,124.94709436148545,8.110144882033502,7.754909722450454
226.91796409228954,124.95114422811909,8.101708133132693,7.746809989183194
220.00430237526723,127.8468040187213,8.093005754965706,7.741464838540005
219.00307121414107,127.84887655840444,8.084736927360098,7.737319759173717
219.00754677605994,127.22479567182768,8.075785803522349,7.729758137334229
218.88658316613868,126.72669471840959,8.06683036445749,7.722429408540847
219.64300565774715,127.6078465127884,8.057731105835037,7.714495831810165
219.39682087891205,127.61218467466155,8.049392680814908,7.705819508063854
219.1512847209927,130.492158914444,8.04029728778666,7.697799680468771
219.2801265375386,138.36425219244197,8.032425897503677,7.691784421429805
219.2843122843369,143.23546578222965,8.024054403907074,7.683443313371957
219.16334610704175,144.48616889888143,8.016660116808493,7.675303496957365
218.16949059207525,144.61457284178226,8.011731342525428,7.667575586682738
217.92484954456887,144.61878486985873,8.003255812735588,7.659151530529787
218.67483731087472,144.62156542668396,7.994943499762701,7.653590416879382
218.18243845895324,144.62536916386432,7.986179076076589,7.645982942518604
217.93855838484842,144.62895846502965,7.977677769492443,7.638804340187984
218.68646555121873,144.6326123663721,7.969154969276086,7.631496537503068
218.69053543864305,145.50280019095004,7.961015194427457,7.624535894577563
218.69403902258082,145.50672417589914,7.954008026551897,7.6166879246793515
219.19258937910033,145.51050549609235,7.9455281191084755,7.609125284292939
219.19582505120755,146.1317072992066,7.939056774894028,7.601224701135934
219.44499340494335,146.01212769917254,7.934064727758446,7.59371157103607
219.57114661907306,145.76950168620456,7.928231895691124,7.586016404587819
218.7133891543717,145.2806595928982,7.919936066454588,7.578665871978158
218.83980561513695,145.65361940995854,7.913113520667284,7.570777365087169
219.45845162299142,145.78025264482693,7.904705236989106,7.563287641756516
220.19911934154948,144.9248526242923,7.896516471671368,7.555416565727732
220.0791919538837,144.92857293446585,7.891101723769448,7.547975945380618
219.96075776216958,144.68742531489775,7.882904837871784,7.540140645864955
219.9648130361063,145.1805194900692,7.874794289998307,7.5331954558634004
219.9688755985928,144.32829939903985,7.866669165025335,7.52563246660876
220.0950694074763,144.45426967311408,7.858604429115513,7.518014800317509
220.70837286245117,144.57998177564096,7.852367333222326,7.510664558075065
220.3461801707923,144.5837322943401,7.84517821370462,7.503163520676759
221.32354298397323,145.4400386567588,7.839452063230028,7.495925337240763
221.4474428242497,145.32178068420905,7.835071376530086,7.489022288487251
222.05944950802342,145.0823098573195,7.8272562235655,7.4814846564332305
221.21287972006266,144.47855790091091,7.819424207216659,7.474008860485895
221.58091591035546,144.6035341906166,7.8116107110537865,7.46680924254876
222.31068521690582,144.6069353038934,7.807160191477273,7.460007015995185
222.19224188928618,144.61040522160118,7.8017110100972795,7.453067180579666
222.1958773652533,144.37191657346412,7.794440058163072,7.445766421127129
222.19965364259087,144.13362278145075,7.7868875034879155,7.438538607665991
222.32423903767548,143.77455569276879,7.779389802176343,7.43165351845694
222.4479734225871,144.0194915079073,7.773365848600214,7.424671520674064
222.57102859101428,143.1785285559653,7.7684937722904195,7.417929600746116
223.1763471123704,143.06142951587492,7.7631253280182255,7.411073961238865
222.576814530598,142.94439535202284,7.7578928557180555,7.40428276177404
222.58008973783615,142.82754156423414,7.751342441241766,7.397321828468031
222.7034699477536,142.1095993278365,7.745035999125317,7.390482434952578
221.02536273070282,142.35321462502554,7.737817104670859,7.383742316082482
220.54774924640324,142.23650669390443,7.732949349265656,7.377134497323585
220.55012086006312,142.1198339503537,7.728206121945884,7.370638638825888
219.95355958081802,142.12312550092173,7.723014869092872,7.364055537689813
218.99886519852564,142.006756793954,7.716597921827401,7.357317237643993
218.76158874674402,141.65098928412542,7.712617139556943,7.351051728550539
218.64354073404073,142.01262678325645,7.70960919674018,7.3450886349584765
218.04921759332572,142.49393916019835,7.7034491112073855,7.338308974644907
218.53029388554694,141.90031496016763,7.696319703308454,7.331778404026895
217.5793034197879,142.85618038039019,7.689988663046632,7.328359535361741
217.10588785955312,143.216145598885,7.6832818232870235,7.323582568543984
217.34755367079492,143.6959585878449,7.676354928969772,7.316766046956918
216.51816034136021,143.10432406432273,7.669252217317379,7.310114115057079
216.5204286434683,143.7018557474879,7.664715613101169,7.303880154403975
215.8108122945318,142.99098442204635,7.658379886142942,7.300054380455817
215.93267410350896,143.58785083836136,7.652089925968671,7.293489836726168
215.93598281246275,144.0654889185429,7.645472508061083,7.287131936521
215.8207802142169,145.49082410231946,7.638854100184904,7.28074482138214
215.82391597649624,144.9019734096136,7.632582575626237,7.274360399082306
215.59069001904896,145.73328032456033,7.625802018532197,7.268060221149027
215.35757097888208,145.97262646396237,7.619222853797329,7.262185187413508
215.36081547366706,147.15686063511416,7.612733864227395,7.2558266090982055
215.36308792829774,148.33987751663068,7.608188954966033,7.249863162838275
215.24772507782538,149.28616111648307,7.603074579230904,7.244016576572217
215.13162780521165,149.17117569609005,7.599603123818158,7.238321416718072
211.8360565604227,150.58713160569025,7.596178100153876,7.23265281747857
213.6040506924642,150.4724220567691,7.590825205697152,7.226696224012446
212.7832368857161,150.0050055927973,7.5860801672528835,7.220744779418606
213.3722344881158,150.5952918641017,7.583215803916394,7.215303078272726
213.25662586431753,150.24577524986253,7.57953899310952,7.209654131540858
213.37635559112044,151.07029082383718,7.574825357270711,7.203843707960772
213.73138147067473,150.60380839235697,7.568509513458956,7.198494017192116
213.9686075366026,150.2551661822481,7.562844461340938,7.192597817803208
214.20582343797474,150.84361406969427,7.55683261768498,7.186751940631531
214.67684312003342,150.02677600037515,7.550880259886657,7.18227581821152
213.97783839989748,150.14651638529534,7.545751651568015,7.176651389802896
213.98001401446396,151.90197410212906,7.541400422435047,7.17101974433806
214.09874533129576,153.30588995293502,7.537464768388913,7.16551179813577
214.3351870161298,155.7590182235502,7.5313352087687235,7.160170262407704
213.63865129637892,155.1788847404023,7.525237391232339,7.154462847838367
213.87462424284004,155.76436497291877,7.519306505392273,7.1485399005107775
213.64355645095668,157.51318490978025,7.515803445941174,7.1431898509213125
212.13415331295212,157.1669530245825,7.509788009919547,7.137617841617404
205.85933225242923,157.8671581910846,7.504717230347947,7.132175608681768
206.7909730554545,158.45070708205722,7.500057619834877,7.126716573947484
206.56157715121353,157.17598819546131,7.494515361358973,7.122316978871559
206.44840454788044,158.10643826748458,7.488851250518062,7.117491374881914
207.0308190119659,158.91982273528302,7.483236690753646,7.113622555054147
206.45438451599284,158.6908845010206,7.47764320540846,7.108114032662474
205.5311774437662,158.46151982380246,7.471927297797941,7.103810874082797
205.53394512376295,158.6956268372273,7.466391937804475,7.098311528751177
204.72752118841248,160.5472133505367,7.460964650206847,7.094053149671996
205.53876788768477,163.66886720245904,7.455670879324576,7.088515438239172
204.61819577123214,164.71032743997216,7.449962779291522,7.083303837768595
203.467388318275,164.71298544574958,7.4447453104133015,7.077987826213765
202.2023248112644,164.7149018131029,7.439196258198985,7.074155091507097
200.5923437548224,164.71627358876503,7.434017057119884,7.0714115401828455
199.78918386009028,164.94892534913276,7.4286449490715984,7.066591418736648
198.06628378071898,165.06583327288627,7.423245865620172,7.062855520709236
197.9538644891506,164.26372977972173,7.41814935725984,7.057516866558575
197.8417426481623,165.415010136655,7.412623631852579,7.052650226530314
197.61484703602383,166.22130859187072,7.407205875472226,7.047284748399302
198.53438446263553,166.91213725562127,7.403597495264703,7.042227275660092
198.4221013553948,167.7173083736269,7.398868114315959,7.036954207660223
198.76713463037984,168.06339196793928,7.396211817234267,7.032197271923823
199.57091502865964,168.06595856879073,7.391783024368546,7.027064070220942
199.45767277808142,168.41156126332024,7.389400536531852,7.022459648141272
199.34419454742326,169.1000269551604,7.387601148216559,7.018063362250532
199.2300703291297,169.78765999711695,7.3871923525438525,7.014740671896255
199.3451257299603,170.8184914996451,7.385679251478782,7.01045697220514
200.03118174750642,172.64852763399134,7.384599577297254,7.006470999274564
200.03132464901546,173.67814612707525,7.384313774279194,7.003056110268454
200.03146972709015,174.59325340191268,7.384023618129813,6.999766401126787
200.25980123327201,175.0513729153954,7.383977528837986,6.996761220305158
200.2599847104845,174.2541509827904,7.383610574413024,6.9933871061642305
200.26021970002748,174.48412208702226,7.383140595327036,6.989844903027251
199.80408309205677,174.5998824244759,7.382869889860074,6.986460208472069
