160.3,98.5,3.4,5.8
160.3067921135632,98.57931992894908,3.4001075438375006,5.799865023203452
159.58267604737267,98.07253745480617,3.4002104746165993,5.799739530367898
159.58261569277343,98.72426609156815,3.4003311838150934,5.7995973997153385
159.0757193311464,98.21749183758824,3.400434861919034,5.7994568625250364
158.9308431955695,97.78311933557532,3.4005623700179926,5.79932757738646
158.4239317225135,98.36243555039454,3.400696998370664,5.7991960823301945
157.84461947167642,97.78325520373664,3.4008179778251986,5.799053253426336
157.91692194421336,98.36249377960033,3.401025894141299,5.799078992819107
157.8444471295062,97.92805421428075,3.4011587346663243,5.799057390122298
157.33746901384703,98.0729024706382,3.4013838687064024,5.798998333772637
156.54093436333986,97.85573259762978,3.401414705788856,5.7988730441716685
156.03396996058814,97.78333008719241,3.401601223935394,5.798857738281162
156.61320912674515,97.56617003088051,3.401709089397321,5.798708026738981
156.25113233358118,97.42144094511185,3.4017483298616784,5.798520459930844
156.75796117794087,97.1318771725295,3.4018357333908065,5.798365095239303
156.033863464225,96.76980147243653,3.4018322746352396,5.79841705233158
156.03384198837492,97.34915306572465,3.4018752263354184,5.798278730820623
155.59931526084716,96.7699368547933,3.4020130768876493,5.798157013345664
155.0199512948407,96.98722507850437,3.4021826731622786,5.798039941825433
155.52673032897047,96.91485958965588,3.4023710928279955,5.79794999267593
154.65782196520098,96.69768866318641,3.4023143562147093,5.797823479576806
154.0784334295474,96.55286905774003,3.4025320134340085,5.797822836947594
154.07849704087096,96.408000193634,3.4024047907868633,5.797913315930472
154.51292668567908,96.11821650067972,3.4024823801781534,5.798189449167345
154.15076059723117,95.828447763963,3.4026731972058237,5.798413834706318
154.8025368236945,96.48015160430026,3.402634701623868,5.798520111376523
154.51286884537942,96.0455752762798,3.4026273753747915,5.798657843098521
153.57147857115774,96.62483633817429,3.4025170504635582,5.798837795220006
153.35421715846877,96.1903262531612,3.402524146797367,5.798826507157909
152.77480335961837,95.10408040383638,3.4026435196623543,5.7987402842404965
153.3540717851576,95.10410575971815,3.402820825846106,5.798689572476958
152.70225442688835,95.03172860317287,3.402881771891013,5.798602355512676
152.55740861932708,95.75603776927011,3.4028908641061895,5.798396637855085
151.97804129170385,95.46645796202286,3.402918846230121,5.798202915788311
152.48499797409053,95.0320178003921,3.402856839561977,5.798067789245358
152.19529023667442,95.39417031905364,3.402941004161764,5.797926889712788
152.8469858814383,94.6700745818689,3.4030390655483878,5.797796863066334
151.90565187113353,94.7425180826473,3.4028927470581314,5.797741733748013
151.7608294950094,94.74262240170907,3.402880391352974,5.797533095624454
151.4711425116541,94.74269117254138,3.4029534879248216,5.797395553959839
151.10903384253294,94.81518195910485,3.4030488170286057,5.797238382660628
151.61587876350595,94.88766929289974,3.403124669837588,5.797087385750144
150.7469387216768,94.96018224197965,3.4031323501114894,5.796884187872323
150.67454546618882,94.7430579619909,3.4030990745155,5.7966733881340895
150.38488447017698,94.30865744759654,3.4031568210806595,5.796578048734937
150.0227885243983,93.72942881700362,3.4032706303632025,5.796510378281023
150.52960152896708,93.8742960734586,3.4033604081784117,5.796408947357601
149.37107497125055,93.80199615089856,3.40334871785688,5.796192242118039
148.71938897262243,93.80207050473737,3.4034027765647554,5.796043534440401
149.29858305909121,93.87454783141865,3.4035089786793717,5.7959006779593665
148.79169731868004,93.80222049037442,3.4036002027709533,5.795743894800579
149.08131553441274,93.72990989541337,3.4036064505552113,5.795554414910274
149.08137847577268,93.29558676923642,3.403480567835348,5.79535304443498
148.64699310664264,92.7888588316541,3.403434650877858,5.795189488512442
147.9954366316542,93.22335996076245,3.403351712390953,5.794984489271588
148.21267189509896,92.57187972213164,3.4032663623211223,5.7947894360741
148.28510382931367,92.86157432066467,3.403193176562357,5.794562969690616
147.70598154951452,93.00644146230078,3.403149392995436,5.794400772209696
146.69258286894956,92.93417566274263,3.402986617913358,5.794149504453728
146.90978581887043,93.00666139549261,3.4029097069326286,5.793954368574076
147.48883983393725,92.93435588495572,3.4029784435309836,5.79379329380638
146.90974981830738,93.2239886263354,3.4029916504999735,5.7936112231923875
146.76497948322162,91.63162293465264,3.4029956209436043,5.793438909551046
146.25827759511512,92.13839493085315,3.403038548182765,5.793255766123849
146.76493292672703,91.70419730810183,3.4030746422967604,5.793068076765547
146.18592509227858,91.99383192791616,3.4029973121706574,5.792845336648352
146.33075514265602,92.06624090543232,3.4028511520557476,5.792784351935996
145.1727843942881,92.13871393260528,3.4027355728816895,5.792591864834456
145.67941873309965,91.41502238360951,3.402707897252551,5.7924878171203975
145.10041460705133,91.70460970471602,3.4027426759559307,5.792299911603977
145.46231694508378,91.92184630927792,3.4026603044969446,5.792060085243692
145.0280659896284,92.21140709727241,3.4027254285367854,5.791896367168647
145.67936030948312,91.4878054199802,3.402779872813036,5.7917185173245285
145.10038408535328,91.84973244500108,3.402841259066249,5.791546381036815
145.5345584494615,92.21165003127776,3.4029016241396683,5.791385452891689
145.3174331963997,90.76437393911213,3.4029517336159145,5.791268326240531
145.24505421047226,91.05388578935953,3.402977141591742,5.791174881261796
145.24512099127665,91.12624138546376,3.4028435799829655,5.791195285429466
144.7385407396384,90.18554909280422,3.402896690815812,5.791094713353191
144.1595964455038,90.18560671428381,3.4029530791487597,5.79097947039403
144.73853192053377,90.11321501443783,3.402908196816791,5.791034611620005
144.37667375416126,90.11320086109994,3.402982927773213,5.791062918295792
143.50826439598984,89.96854991493768,3.403041437480955,5.79090477618113
142.8569351822558,91.05408613233584,3.40314206902853,5.790762001252338
142.92927731765792,91.12648251222114,3.4031860165860186,5.790697459843432
143.36343270062008,89.67925217099463,3.403243248692217,5.790598148861389
142.71210832912521,89.82404614174473,3.403344615834815,5.790465179771644
142.63968589582,89.60702022582878,3.403462262453432,5.790335351628118
141.91600958340257,89.24527930623246,3.4035421066967824,5.790180800524976
142.27776926614118,89.390069036304,3.403654350557126,5.790053984116963
143.36317521612006,89.60723468472972,3.403737445748968,5.7899016862954085
142.20529316699213,89.46256627268654,3.4038940895492646,5.789787578574829
142.27761991955512,89.53501120227799,3.4039670079640643,5.789624142932687
142.27757624096938,89.39036413392509,3.404054365135557,5.789467847272947
143.14588888903472,89.39044937514288,3.4041214091385226,5.789297364837386
143.1458507471488,89.39051686103122,3.4041976929103046,5.789162393060696
142.13276120098405,89.39058288977964,3.404265634160513,5.789030335563863
141.91564719673565,89.31828665578307,3.4043294333549263,5.788901400456181
141.84325113415753,89.02889549049878,3.4044010011443864,5.788801501557554
141.19197265096003,89.10131191141981,3.404475456266814,5.788688938745753
141.1195669553293,89.0290066817105,3.40456698745553,5.788579538091705
140.83004069210824,88.81197872443379,3.40474039683499,5.788476114848165
140.61287633686499,88.52259498194393,3.4049055605511604,5.788358870800741
140.17861788329685,88.3055648135548,3.4050890415697994,5.788252494520192
140.3232761389628,88.01613719397449,3.4052200659298695,5.788212662296849
139.45486002012092,88.81219603709413,3.405347479880834,5.788074397812595
139.3100862988513,88.52282221650398,3.405443923414646,5.7879200409820015
139.2376681494051,87.8716320100835,3.4055553938197107,5.787776997437139
140.03357588164965,88.08877132372479,3.405710340779328,5.787672118731482
139.81643018619124,88.08884395310581,3.405824783379858,5.787526859969422
139.59929389530052,88.01655478045869,3.4059211016684086,5.787379784099396
139.67162167106594,87.94427723703406,3.4059904071665206,5.78721001391967
139.52685634225256,87.87198478991343,3.4060740791542177,5.787071415341378
138.94792102942964,87.36553013627784,3.4061619819104316,5.786920840084113
139.3096996361976,86.71436193600152,3.4062151705179406,5.786758516778573
139.23736739563472,86.85916878497969,3.406159098293221,5.786585925523196
140.17802854453214,86.9316276286223,3.4061579572092726,5.786385250292656
139.3820688928062,87.00405917975031,3.406223424046914,5.786236133183356
138.3690926481966,86.93179998284671,3.406195803146743,5.7860416619820345
138.94788547199386,86.93187888235227,3.406285997216376,5.785883862970947
139.88846732737,87.0043206568389,3.4063347486384212,5.785708964934136
139.88843078834464,86.85969773476147,3.406407826689122,5.785541089534396
139.09253061117374,85.99152474304458,3.4064467126702302,5.785420016574698
139.2372085492112,86.06396166372004,3.406499707713937,5.785250610783096
140.17775408014506,86.06405288687407,3.406545031789172,5.785068164475041
140.17776961023569,85.99180799362767,3.406513971607899,5.784857114750403
139.59893425755757,85.99188306651894,3.4066075222992667,5.784706968967873
138.0795892749056,85.9919609825739,3.406671265161312,5.784551136857952
138.07957273482336,85.55796870910757,3.406704345325823,5.784364264786903
138.65829776935433,85.05161981865146,3.406798267880798,5.784211053034303
138.36886828178194,85.19638968161733,3.4068880361414213,5.784055930544637
137.79006208082995,84.32831850286809,3.4069683972248286,5.783900226812311
137.71768206533264,84.32838766863462,3.4070378886246613,5.783761895279245
137.57296990883904,84.40076026123889,3.407082902841743,5.7837063594557465
137.42826770387694,84.40081908148096,3.4071081460152093,5.7835887189715995
137.42825962216355,84.32853454882512,3.4071243094420125,5.7834695343321725
137.28353194593063,84.18391819155067,3.407206184310016,5.783328771283232
137.3558363560543,84.03928837606473,3.4072833869866828,5.783216356407115
136.27070037862433,84.25640416868289,3.407270556247219,5.783041728290689
137.42813632624112,83.53307946158968,3.4073237266656404,5.782862976444654
136.77701377759251,83.60549059299828,3.4074394402595165,5.78272175626115
137.21100098031448,83.67790435136143,3.407550410299998,5.782575135448894
137.13866261825234,83.60565768835596,3.407546546956927,5.782387873992465
136.7045991001235,83.38872239375881,3.4076072934342845,5.782225318296574
136.19819947031104,83.02710038677345,3.4076723645210514,5.782087769025725
137.06623651504472,83.60588975976917,3.4077025799890097,5.78191189299119
136.99389905892141,82.81028753946524,3.407704255234519,5.781710726587007
136.84925061239832,82.81039030482627,3.407660647625685,5.781505195864918
136.70461177688316,82.7381400393708,3.407605463927177,5.78133929941143
136.70466236490316,82.73823283708575,3.407504287887159,5.781153703981559
136.6323733281583,82.593683862299,3.407423864149403,5.780934659100151
136.56004761080536,82.30447924896865,3.4074214538871357,5.780728505888295
136.41540032668198,81.87063331344682,3.4074145941822107,5.780516093076931
135.9091025888931,82.37698229096871,3.4074781759114763,5.78035003188164
136.415337092338,81.43687203119912,3.4075312159787825,5.780172464214703
136.3430688791904,81.50928378750757,3.407423394201027,5.779993199670756
136.27077903742267,81.5093465084498,3.4073633520736517,5.779867757786303
136.6323861070457,81.65405109271003,3.407333329531582,5.779732235947392
135.54767345664038,81.65416071136455,3.407244416088718,5.779512998638341
135.54765892237688,81.29268056447872,3.4072734846156827,5.7793258860818595
135.61997734738685,80.64196488145102,3.407263806069299,5.779112708875317
135.54765614424628,80.85899856208498,3.407282400942901,5.77891678183007
135.5476928706503,81.00373934656584,3.4072089481348207,5.7786775952318346
135.54770563422707,81.07615459556446,3.4071834209813296,5.778463452876805
135.4754626027358,81.14849878990593,3.4070567726614787,5.778387775496211
135.18622792494213,80.28091402669807,3.4070884438498124,5.778244248715031
136.0538610540002,80.28100841223663,3.4071158922867917,5.7780554776379125
135.98156593997226,80.06420743082121,3.407100673749904,5.7778411006902655
135.40312879005367,80.71497748924645,3.407159180040755,5.777718751579369
134.82470034173872,80.20893940734268,3.407206987285836,5.7775869621751905
135.61998641927119,79.48603567163173,3.4072345519133918,5.77739468842214
135.54770399954808,79.55844645285703,3.4072018297024353,5.777170687628693
135.1138894235215,79.63082684802451,3.4072690996542514,5.777003544310623
135.69224775981846,79.63091562790764,3.4072907205134033,5.776825984544366
135.11385227730463,79.63099820755234,3.4073617402185357,5.776660825254965
135.40302829612156,79.63109614435201,3.4073646080374504,5.776464951655605
134.89694329437057,79.55888668293481,3.407433737854574,5.776298035392199
135.11379782030153,79.052919633729,3.4074782272644466,5.776140537502868
135.11381018018935,79.4867757530026,3.407453507488805,5.775925759952464
134.53547485427646,78.76396990436989,3.4074899999175763,5.775744757971616
133.8848969633084,78.90864685707942,3.4074511810327306,5.775545208290539
133.95718628778434,78.8364512422502,3.4074460579745267,5.775362912055296
133.95722299010868,78.83654298461883,3.4073726533258903,5.775179427318045
134.2463321684388,78.69205928011615,3.407421121567519,5.775013423872448
134.82455726596828,78.33072552830536,3.407491268923774,5.774855713484518
134.02948031319755,77.75258429167258,3.407442575069536,5.7746272053714325
133.88490586552942,77.96951841729047,3.4074722334097545,5.774437809629684
133.74034060718958,78.18644630770548,3.4074881816430507,5.774253881469223
133.66810130966604,77.24694077074089,3.4074119781478394,5.77405257434867
133.37902595852557,77.31929190842837,3.4073607449433823,5.77390078284506
132.94535482096967,77.39164108176018,3.4074190013019523,5.773749772640323
133.45123639210632,77.24716586863693,3.407478309209721,5.773608070263656
132.65621889827102,76.74133786227212,3.407518851552865,5.773449435966732
132.7284764361404,77.31957926830435,3.4075470374285697,5.7733127168175935
133.08981141218092,76.45240871068664,3.407585544611967,5.773153529818474
133.01754772028553,76.52478340302231,3.4075729674568693,5.772944106093015
132.29486128538045,76.66942147023332,3.407579762304254,5.772741186663544
132.94524786131583,76.66951590757174,3.407609741684433,5.772552311986707
133.37884130725092,76.74188008987532,3.4076110105850157,5.77235530750801
132.6562246702903,76.8142541289271,3.4075599997164505,5.772135657883426
132.15036509814664,76.74206389126326,3.4076092710058714,5.771991865639978
132.65616489571065,76.38081514632977,3.407670329936716,5.771874602607782
132.58390790830583,75.87508972076813,3.4076620728542664,5.7716698304867515
132.58390300020054,76.52550829335458,3.4076718890648694,5.771503880028096
132.5116314347401,76.09203096226628,3.407698319046855,5.771358336571327
133.16192684330187,76.52564248865197,3.4077422221139377,5.771225097260367
135.47413100364594,76.09217228463753,3.407772899869688,5.7710831930810205
135.97991011166906,76.23677990824542,3.407799478352999,5.770892172873658
134.89608398116417,75.08079885599582,3.4078062059949574,5.770699041780503
131.7892016698943,75.87568994214048,3.407773206248915,5.770493005424748
129.47717146972315,75.80352362597742,3.407728931878901,5.770322366666107
129.98289776207176,75.94810715174725,3.4077760636302075,5.770155234111719
131.3556180668459,76.23719705425977,3.407802319436954,5.769968453371936
130.77764743159685,75.44256366702739,3.4077763675123176,5.7697802970055045
131.71685993668106,74.86468605859454,3.407755682588114,5.769594390643983
132.87282818466937,74.93705484028422,3.4076512084666164,5.769346328630585
133.30629568364395,75.22611313980525,3.4076202378702587,5.769165747823745
130.92235638862837,74.14260358872461,3.4076334077834884,5.768973295385926
129.54979638608853,73.99821760212468,3.407669336715643,5.768789050043941
128.97187618608237,74.64842075781486,3.407702068098415,5.768666365871845
129.91097811393288,74.07062146639188,3.407669005118406,5.768467537812543
129.76651047543967,74.21518767034311,3.4076620162625875,5.76827739575233
128.97197656854468,73.34847604417084,3.407580032421307,5.768082687044602
129.04423466763905,73.05966651062812,3.4075276834262973,5.7678463573551335
129.62207596443125,73.70983076567295,3.4075204123529383,5.767652585090421
129.69432020719307,73.63771460231588,3.4074883134004206,5.767428525233452
129.69431164204033,73.20443222428985,3.4075054437058734,5.767278393860507
128.8276235719748,72.41005856797074,3.407475319886479,5.767069964544172
128.97214856133414,72.55461430169088,3.407319110353844,5.766852266289879
129.1166656743951,72.62688299278443,3.4071668093371357,5.766755846655373
128.75558273414657,72.77140982602363,3.4071480636870994,5.766576030635814
128.10568770490187,72.77153243783884,3.407032928327163,5.7663308070053825
128.68336969501038,72.33832595948179,3.4070951457976326,5.766174115453824
128.90004505548654,71.68852721575936,3.4070253779719137,5.76592874351893
129.62220575964986,71.68858364805683,3.4069251543571384,5.765815878924
129.91109742068278,71.5441224628523,3.4068167156778517,5.765900807639781
130.19998635621366,71.3274479973663,3.4067114395968123,5.7659952923762665
130.3444759738783,71.03863756383603,3.4065677516869393,5.765945064597887
128.75595457895267,71.61631528179393,3.4064898814355073,5.765906232355826
128.82815741736064,71.11096175241762,3.4064968727321023,5.76572461432068
128.53927997605243,71.32764643350455,3.406611498188856,5.765585445016533
128.61145391673105,70.3890445486852,3.406673545356193,5.765460143836181
128.32256454053976,70.46126263514535,3.4068158741576586,5.765433076811171
128.46694804717595,70.2445198403901,3.4068711052336984,5.7656852997990775
129.26109787695853,70.09993640852954,3.407145723247741,5.766020476687598
130.41650976542047,70.89424220189545,3.407130613662103,5.766089848750808
129.69431254919462,70.5332347692662,3.407261799956665,5.765973090930723
129.91085409075725,70.2444086311588,3.4074591366642255,5.765918140701744
130.05520482688203,69.88338802431984,3.407616346223918,5.765812649856505
130.3439997356928,70.02788246015525,3.4077482669879173,5.765684647378455
129.26070551010565,70.1001451882194,3.407875311930511,5.765589951665622
128.82735581023564,70.17240094604105,3.407985696150193,5.765509938609027
128.1051236997477,69.08921717832774,3.4081281035543145,5.765394753677974
129.4049610170617,69.88365674400461,3.408245267748859,5.765277277160225
129.47712277459308,69.52262432245085,3.408354862819486,5.7651765696007855
128.8993146225658,69.59490238705807,3.4085034457017716,5.765053905532893
127.38273091718648,69.2338441930977,3.408553614734325,5.764999521614084
127.52714814797822,68.87277691833248,3.4085875384948645,5.764963107784538
128.97146829931052,69.52275359437243,3.4086317151802654,5.764917771412112
128.97144617670745,69.01726457705911,3.408675960386415,5.764855734400795
127.88816832992958,69.23394838194896,3.4087198734631485,5.76479048071687
128.03256962731774,68.58405135615348,3.408785053817242,5.764679544220858
129.2602069698419,68.80075902646965,3.408877036204954,5.764564203724288
130.27119626339416,68.87304304293451,3.408962817944903,5.764429339997757
129.83786828125628,69.0897325891147,3.409023141500756,5.764348067997293
128.97122523176898,69.16202321774814,3.4091202642343057,5.7641992254171805
129.18784492315208,68.22329412892043,3.409176388326289,5.764043540020731
129.4766556040196,68.29557906676551,3.4092768519207985,5.763904120662964
128.53784861739697,68.36784644455851,3.4092998455586887,5.763799440431395
128.46559721113798,68.36790501238572,3.409373761008883,5.7636823047769825
128.4655592955258,68.51238222547448,3.409449592233279,5.763584675509903
128.53774924824702,68.07913984442406,3.409497911687651,5.7635000882297325
128.68214239576227,69.16240844440233,3.409567174194026,5.763379569799637
128.03219080675885,68.07925756232092,3.409626000128497,5.763274080508439
128.6820795694041,68.80143591830372,3.4096875998760225,5.763183063029554
128.68204852575403,68.29600636067477,3.4097496871761406,5.763058408408333
128.6098098643414,67.57395103064631,3.409801569835533,5.762914666806349
127.81545070337691,67.79067529526924,3.4098540474453833,5.762738640556612
127.81549179432155,67.8629895643616,3.409771865556114,5.76253252357032
127.7433140614554,67.79087001727092,3.409709398867773,5.7623536853310275
127.59890798201126,67.71875494375396,3.4096931815613813,5.762169644267614
126.80465010174112,67.4300373212387,3.4096862629325577,5.761960278691192
127.16565827222223,67.06911365121032,3.4097094004151765,5.761768140303117
127.52664623983979,67.79121005263511,3.4097605071587758,5.761629421410967
127.09340684441058,67.43027387480103,3.4098141103926034,5.761480787391957
127.67099511950029,66.99713054609641,3.409860610382024,5.76135015717452
126.73237027974226,67.35821929139331,3.409888011869914,5.761181235053087
126.80457857540189,66.7085245231736,3.4098710675611046,5.7609739483982425
126.80459294546466,66.85303161779477,3.4098423274355762,5.760752260327412
126.87684899172989,66.8531549835891,3.409722672430036,5.760505528738735
127.02130532200442,66.92541809029798,3.409583416233493,5.760366017497258
127.0213629474934,66.70893972895676,3.4094681652555376,5.760176017002997
126.66039511672706,66.3480805878856,3.409516670332111,5.760007142689204
126.15505089730239,66.34815274581042,3.4095750388059756,5.759862826839573
126.66033280840163,65.91509164517859,3.4096330905776795,5.759737707557308
126.15500065511624,66.49265693283326,3.4096817424799477,5.759596451869157
126.58810066615526,65.91525117184128,3.4097159679317115,5.759428977146739
126.1549671712509,66.13189673731023,3.409760283973061,5.75924918309248
126.87684981735872,65.12135797850847,3.4096800277442036,5.759167650314525
126.2272560585721,65.04919206788402,3.4095743045152136,5.759133555918738
126.22731921076861,65.84323735217171,3.4094480001221896,5.75904265060116
126.22735253259418,65.48245535728816,3.4093813564710347,5.758806171164829
126.22736157955312,64.9051412308568,3.4093632625531685,5.758591111329849
126.15515655675372,65.26610115708242,3.40942142667043,5.758430666286289
126.08296539987418,64.40009015834563,3.4094532752626896,5.758247081757919
125.93859333033444,64.47234788354272,3.4095009060123203,5.7580798855286766
125.57770384616592,64.54461030906923,3.409547087418754,5.757901591861771
125.2889872881194,64.54469675510703,3.4096015253956424,5.757728699786175
125.79417798187443,64.61694146636135,3.4096211597040966,5.757582280394466
124.71168076611853,64.61699402414455,3.409498467778117,5.757477164828084
124.63951740490451,64.47272627766723,3.409487712133683,5.757337701637766
124.4951589384724,64.11197492769449,3.409534237350709,5.757164382465278
124.35079547440624,64.68939038308879,3.4095943727539377,5.757000642593092
124.35078992201957,64.18430973839261,3.40960547752726,5.756838183486263
124.35079391774102,63.534922325806676,3.409597486084373,5.75664555690904
123.84562581873595,63.967976490410905,3.409646837239414,5.756497382147778
124.06210154972567,64.40103562236295,3.4096713053228767,5.756330978369464
124.71154838139465,63.751661831867104,3.4096867206710253,5.756169480675071
124.63939167760282,63.96824219813301,3.409679056788157,5.75597196254287
123.70135649434472,64.04051927127199,3.4096156937151716,5.755735795464091
123.41274569473057,64.04062304556452,3.4095838536092016,5.755528246879044
123.41282191695825,63.82423576161331,3.409431409153858,5.75537369717977
123.70148508408319,63.752196874199704,3.4093242548915885,5.755146677010069
124.27869107164943,63.608003715356126,3.4093088224674477,5.754933859020147
124.35084931593755,63.31951888450695,3.409288447858851,5.754719064847877
123.05219764702558,62.88672523919629,3.4093259508230935,5.754551077182631
124.1343736449959,63.46398459487445,3.409333933689949,5.754357687856975
124.71149800994702,63.24763293919253,3.4093884119881137,5.754197296145665
123.91792316829759,62.74272095401235,3.409387447247274,5.754016308662573
123.9179126544065,63.319936899106224,3.4094084750294473,5.753853955012748
123.62932925463794,62.74288731104371,3.409448814078868,5.753700210162369
123.34074936413441,63.103672457300235,3.409488612027614,5.753529896472198
123.34074863808608,63.60874238984397,3.409490064124273,5.753336862446951
123.4128805542197,63.03173921578004,3.409501480522471,5.753141221251402
123.41287566805661,63.320383068711756,3.409511252848618,5.752943551382814
122.90792719246444,62.74339963183359,3.409520227508871,5.752752737683027
123.41284594443472,63.176293430268345,3.4095517382873117,5.752567153429821
123.26855366356783,62.52718730238501,3.409606789959852,5.752396613920852
123.91773858630373,62.815802566878304,3.4096051504486344,5.752218620916756
123.19645323164067,63.17655803259495,3.4095714912912967,5.752009873725183
123.19651650195716,62.16680754265526,3.4094449506583153,5.751916579916382
123.19654985160204,62.0226672829621,3.4093782513685715,5.7516907347067745
123.1965967585339,62.888264983362376,3.4092844375048625,5.7514792642342645
123.19661600517469,62.52776769231735,3.409245944223277,5.751254377459113
123.34084741139459,62.16725762172676,3.4092628647562924,5.751075186208194
122.04268488795948,61.73462067287773,3.409313504722516,5.750924281604925
122.4032592972933,62.31164687382977,3.409345012889691,5.750760402636555
121.89841948893586,61.80690059795111,3.4093856238967404,5.750613948686036
122.69168747706306,62.23969367078934,3.40940866696869,5.750423631733026
121.89843327653179,61.302305994723916,3.4093851327844042,5.750206696754004
121.82631279704403,60.86971216338732,3.4093995694669776,5.750035225669572
121.60995592749005,61.59087890723285,3.409440719608366,5.749943701200383
121.17726524712926,61.230360568858174,3.40948093829815,5.749862759589893
121.6099152676054,60.86985104919887,3.4095188606441993,5.749766829493213
120.81667940880638,61.37470560206724,3.4095463755187234,5.749613125489639
120.74456429510298,60.7258030409688,3.4095562397788854,5.749434979366846
120.52822856284767,61.08643872160378,3.4095741265200625,5.749252914379235
120.4561144166174,61.30285058921159,3.4095869859419423,5.7490754782796785
120.52822113733893,60.43767319481869,3.409586535220613,5.748874378404255
120.60030652975783,60.509862172312204,3.4096257174981854,5.748706390532569
120.45607219784408,60.36571454330202,3.4096781529406464,5.748585420167905
119.7350236670025,59.933130845023655,3.4097032965071645,5.748509665854634
120.31182828519684,60.65420051373666,3.4097459269223664,5.748435161933513
120.23970399585627,60.2216365831021,3.40978841454116,5.748326476828683
121.53752575605616,59.86118567870418,3.4098382009083217,5.748202367078137
120.52813427285889,60.149687898681094,3.409762799117713,5.748014603748646
119.80714512059907,59.42879503089236,3.4097403964481505,5.747799632136906
119.95137082837472,59.64520238587377,3.409681912180845,5.747574319100049
121.03281264428831,59.789495038075415,3.4096796570737995,5.747373198259455
121.60953957959453,60.150050820154135,3.409738083187865,5.747206819556068
120.31182561720735,59.3570973817644,3.409790368861561,5.747050805774028
119.2304189182439,58.92459867954905,3.409812493008519,5.746931700692735
120.67224406545498,60.00605433822185,3.4098556963472118,5.7467905066677805
120.67222856258995,59.78985264083486,3.4098867020772867,5.746644025223161
120.74430413328744,59.573643594279865,3.409917183176736,5.7465172508498625
120.67221796536072,59.141201364488836,3.40990927948059,5.746320273134333
120.45593064972705,58.852904375664366,3.4099524581675986,5.74620564734285
120.38383465598837,59.42968826909033,3.4099682795878223,5.7460471889482285
120.3838209453635,59.069318349222435,3.4099957008375665,5.745916735847195
120.31172296519128,59.71817637446394,3.4100190928047547,5.745753800759312
119.59085683255525,59.21363642947995,3.4100461332539935,5.7456400333512985
120.23960713009738,58.7812223961547,3.4100690226681225,5.745452443669514
120.8162437067181,59.35797136329236,3.410130683982076,5.745289323949588
119.73508162798116,58.56518908426091,3.4099730319253294,5.745033888356692
119.73515657466534,58.70945887345036,3.40982313855695,5.744812193359207
120.31175506169107,58.85370513688891,3.409850703837385,5.744625801315078
119.80719905984222,59.0700160057604,3.4099075230561553,5.744456285491648
119.80720901254342,59.21426826863373,3.4098876176537374,5.744250088704568
119.4468212530681,58.277376184422806,3.4099344700109158,5.744139723983347
119.08643704736957,58.06120985737671,3.409978507360139,5.744037753646847
119.73506487835874,58.70990750209314,3.4100196942825747,5.743939313114761
119.37468270049433,58.421687237990085,3.4100674585400848,5.743806568143837
118.50988988473684,57.845251805862084,3.4099474149190545,5.743540315642502
118.50996048242307,58.06155286377546,3.409806219546593,5.743346513798266
118.65417219860885,58.34992620743261,3.409644380532376,5.743123013198653
119.6630709779408,57.4852832508434,3.409592512415371,5.7429126201939855
119.23071029249692,57.77362534255683,3.4095899564257777,5.742711054685379
119.15868177075885,57.55756741881026,3.409529412115133,5.742474138818039
119.15867644992862,57.34148079509774,3.409540053775569,5.742308372095451
119.59099473894578,57.26950352646813,3.40956767206266,5.742152209967765
119.23070268720805,56.909319575129096,3.4096076414784133,5.7419759785861135
119.59096259391117,57.629934676834615,3.4096221443301293,5.741814407691033
118.43820966710217,57.12570590331901,3.4094530141034256,5.741539149290191
118.36623697490107,57.55807995034155,3.409300716804187,5.741377145453768
118.22221995849661,56.98178708436704,3.4091494258706523,5.741221582432925
119.23090868569385,57.19799048435779,3.409000552092599,5.741078049726376
119.23098989163695,56.26154531472033,3.408838140206412,5.740888463525059
119.23105924858478,56.333595657511516,3.408699426310728,5.740865243583198
119.15909369060888,56.18955198690221,3.4085557838634264,5.740803068003614
119.30317170113162,56.04558341552777,3.4085425289064255,5.740597444664018
118.6548513916449,56.91007072136471,3.4085704861613038,5.740439715281587
118.58280573055427,56.477965025156955,3.408595625137327,5.740254008465818
117.79044310831938,56.04586007044362,3.408618791119891,5.7400809659903675
117.86249684899967,56.478158126416226,3.4085729335755226,5.739854596942442
118.43872438687855,55.613904470576784,3.408577447127549,5.739672524656631
118.94292487590481,55.758053162168764,3.4085600306385335,5.739484730490812
119.95135519538726,55.830088728368565,3.4084229339294256,5.739465279680909
119.44724314042679,55.97415694102751,3.4083036348345894,5.739426971224676
118.43898641754264,55.83012353863373,3.4081667095299006,5.739400865858959
119.30330921786965,55.54199060475467,3.408045928899551,5.739491793609165
119.30337357730443,55.1818802358155,3.407917210030013,5.73949730728285
119.01535409501419,54.82176037510318,3.4077924204131116,5.739532335960729
119.01538744520141,55.18194742596307,3.407725720038644,5.739354943022549
119.01545959144994,54.53387563751124,3.407581427541613,5.739178599061132
119.95164874597995,54.677983951865734,3.407598941991564,5.73902286627675
119.95172630106715,54.75012655240905,3.4074438318171456,5.738766075199113
119.87972095227828,54.75020684223277,3.407432608762282,5.738605495551665
119.30363026000279,54.60624639237213,3.407459423200277,5.738487752744697
118.43951963164275,54.60633934670195,3.4074645448105594,5.73830184408506
118.87155153913429,54.67839393513137,3.4074925893888413,5.7382079771531265
119.66361953393539,54.67847404330499,3.407514768139249,5.738047760805884
118.79957860657287,54.75057455717553,3.407448386605729,5.737859086086351
118.79961852334932,54.8226715240632,3.407368553052805,5.737673546529096
118.79965876675662,54.894789965093544,3.4072880662382192,5.73744091814575
118.72773080326898,54.89482068837075,3.407144597475665,5.7373794715913355
118.58378587729733,54.82283128492488,3.4070423807850125,5.7373622441660945
117.50389764612196,54.606925457729474,3.406908278329072,5.737191785595576
117.3599690530198,54.39104563397393,3.4067870636705493,5.736983831812377
117.28799258306051,54.10317974717905,3.406755983603696,5.736779525460512
118.36788042166829,54.82319513796686,3.4066867121829585,5.736553014414768
117.36004075717088,54.39136276287018,3.40670411882989,5.736362655030456
117.21605148587575,53.815560619425604,3.4067360766373294,5.736180602788305
117.93587577547018,54.175549445029404,3.406798549693862,5.736058477703416
117.71988792413198,53.45576957718616,3.406863244884966,5.735914855105556
117.07199390455175,53.887751428691764,3.4069277481997013,5.735766842658159
117.1439603846827,54.31973300395476,3.406962946507369,5.735612643549682
117.35990121380114,53.7439619771249,3.4069806209671323,5.7354231433517695
116.35213758002106,54.10396262122624,3.4070132550143257,5.735241367117985
116.06416415243116,54.39195801788735,3.4071131870511686,5.73509749693871
116.85591190966012,53.60024843801476,3.4071916659920687,5.73494266328509
116.92786257160415,53.888249781637356,3.407250626298064,5.73478111281613
116.92784743446045,54.176230524207696,3.4072809005854716,5.734655082015456
116.35194038122732,53.6004570028484,3.4074351034051276,5.7345422210874695
115.77604588506702,53.81645862056252,3.4075567581946973,5.734414237233377
116.7117343652097,53.960493121775166,3.4076411571778547,5.734262367003259
116.71169968582873,53.672626914386974,3.4077105159397876,5.734163889056032
116.71165776206817,53.81665056127073,3.407794363460902,5.734031446063304
116.56767134824716,53.456802930553295,3.4078534621663708,5.733942385156787
116.27972006004033,53.02498274309554,3.4079299047939036,5.733843559393127
117.07145111738488,53.6008495068983,3.4079876494790686,5.733760838605255
116.06373405880076,53.24103822473703,3.4080364801649217,5.73360294346979
115.55984609954471,52.88121964147751,3.4081305226751413,5.733467341416078
115.05596679944583,53.60104782169279,3.408210292084235,5.733352167826467
115.27189223688859,53.025316780219306,3.4082206593363247,5.733184271739816
115.3439127782113,53.38526136035082,3.408130981825689,5.733052137150688
114.26430401524502,52.59364254995747,3.4081300341264065,5.732862877274021
115.41584221319495,52.66570103823999,3.408174328335163,5.732690943840773
114.55216505712853,52.59381705694613,3.408210034411388,5.732515689257115
114.40818288789855,52.23402950450892,3.4082919821652835,5.732384817366336
114.12025565643218,52.01818452727565,3.408383942959983,5.732252895229334
114.83991297808073,52.66598017944603,3.408471401593283,5.732123482625968
114.6959173648658,52.23422895327808,3.408583116166747,5.73198739939271
114.04814305665722,51.80247562181569,3.4086752066672106,5.731856378373016
113.97613781416275,52.450272758188746,3.408746477345772,5.7317150344202
113.83215721632489,51.874595453148984,3.4088310614797677,5.73156319833278
113.76015414086338,52.30648824434931,3.408899746224557,5.731402413001354
113.83210993615843,51.73083478993591,3.4089243776274802,5.731219545883964
113.76009527112801,51.87484131807471,3.409019810145954,5.7310742846911
