34.9,103.9,12.6,11.0
36.05515476086678,103.40632723864702,12.65942434245977,10.987345522705978
38.882864261684254,103.4123133286959,12.631078785321597,10.975373342608199
40.57110555990173,103.22316428918603,12.625117256153155,10.979169080820562
42.60059421924552,102.85631644294516,12.685316615306872,10.963923559149345
45.02375735234336,102.48658865218535,12.716117666363544,10.953051861091707
46.52607680404508,102.49336942515366,12.715224492896638,10.939490315155076
49.51882448825056,102.48738087979925,12.733487544228566,10.951467405863882
51.583936148747505,102.28472104916004,12.736111856490473,10.981073645937254
53.45694481259859,102.0757633091921,12.752427222398646,11.0227558565121
55.73768780759738,101.69359297118686,12.716882937110006,11.032772915071092
57.265242670708176,101.50045703089309,12.675926189163288,11.04227567337427
59.91501676053961,100.75184256902749,12.644344267015233,11.034371380672669
61.43181074325935,100.75687952112281,12.616056064227426,11.024297476482023
64.26368254110295,100.75067674808004,12.578182208093153,11.036703022567567
65.9658207523724,100.5580196268153,12.545904351184635,11.04735075780478
67.46893307609025,100.36343937014995,12.534349920454234,11.062177494047312
70.28359778496798,100.5500900209683,12.520904054514007,11.063268429198306
71.98538355860354,100.00459067590245,12.485128445730691,11.03166847316739
73.87091969139672,100.19966790642192,12.445361514587427,11.014644545572775
75.74642782599818,99.27053000216301,12.416685968749523,11.011749992408095
77.25327979355667,99.0735819772395,12.376892392245942,11.033907247428427
78.7507534347898,99.43845568334828,12.353728456293224,11.047105671839264
81.53351034272877,98.70895536832725,12.35805521686805,11.020815481493917
83.18804010251044,98.72661859466241,12.387700128501,10.985489028823592
90.0479321335839,101.3276567225646,12.389812153959905,10.975481562924129
90.0507245973174,100.95680270413544,12.38422722649289,10.975721971324607
90.05328036729736,101.88900914542128,12.37911568653297,10.964560650242786
93.18781044291742,98.20293405395546,12.40669321123901,10.928901802649568
93.35955666036179,96.9246374822465,12.433447573140867,10.89376736853332
93.71247580654646,97.86569226075734,12.467805408183464,10.862148130041565
98.15938541266594,97.68848453755018,12.456966490220408,10.846439397527728
100.36551537142194,97.70137129348805,12.481120993561063,10.820665885651987
101.63906278167964,97.70090601213202,12.521658710933451,10.821596448364035
104.23570630216152,97.70643866850904,12.51270226084925,10.810531135610013
106.65428928564899,97.34078826873473,12.485415305732287,10.801850548718937
108.14224194706297,96.4215279664759,12.46490722412961,10.793247877470762
110.37260473078949,96.42926606149292,12.431768964501908,10.777771687436749
111.65955488926983,96.4317028103099,12.435257138995937,10.772898189802781
114.06949930055238,96.237677917851,12.401630533006276,10.792773958060943
116.47869049054157,95.67773108998425,12.36686260574713,10.808756586243838
117.76748956621375,95.68372584694119,12.363063085840523,10.796767072329963
119.8004752491915,95.67816815083101,12.338850153983389,10.807882464550316
121.47146724550944,95.68634391728453,12.301970308443927,10.791530931643273
123.49612219991984,95.69497784976707,12.28299027202828,10.774263066678213
124.95918065055409,95.70631045262508,12.28342024698332,10.751597860962194
127.50600362384539,95.71440489109654,12.306203861251138,10.73540898401927
129.53641922600548,95.54018519685027,12.26646382259998,10.718294630178223
132.1070158142577,95.36605144486074,12.230464674236506,10.70190541786152
133.39731932982957,94.63989398965043,12.196666088017588,10.698901216896493
135.21601689749542,94.83674410644862,12.191802982515378,10.668454186283064
136.66737257607906,93.7614895171937,12.19057792280245,10.642848641702118
139.57898427065146,93.77338005747549,12.163406329548176,10.61906756113853
141.39717716704791,93.77786174860441,12.141469079332555,10.610104178880718
143.03268562307377,93.41361795198434,12.119069543981604,10.616676799520679
144.48374227836473,93.24785046947393,12.102665538834525,10.587498101362149
147.01767530271158,93.06617623611906,12.074608715806539,10.590860194810025
148.47182645324204,92.87161692999292,12.043124622607266,10.620376531079616
146.3080272429882,90.71466565474158,12.055687341066129,10.619243379533483
146.84980452649404,94.31367327670488,12.051426140191893,10.616517243189923
147.20989547703832,93.59206244687985,12.050551965860627,10.621123449325367
143.60768841903908,93.77571359596182,12.060676326813269,10.613535638913701
134.80337547066944,93.2319017989895,12.04153349148198,10.621908085996893
134.0890058248167,93.23295740790302,12.031928273099236,10.619796868169844
134.09771005412875,93.76861900318717,12.014519814475161,10.62667932111042
133.92598782497402,93.40906998155677,11.998723692388022,10.627296203578014
134.46575900649862,93.95016698866286,11.996191601399639,10.62211246142666
134.65120555383845,93.95063346526013,11.984178765211587,10.621179508232142
134.6572044400314,93.77159798686067,11.972180992825734,10.620573180532087
134.12276702067854,93.05350019934313,11.965616457431977,10.622849590101158
133.7663512245257,93.23776215820287,11.961620545901246,10.612739424299878
134.48881753306816,93.41325636627431,11.949441168901277,10.61993931817823
134.31386132205444,93.77263915705963,11.941239866864906,10.617401184735208
134.49944408620706,93.23032205863322,11.928018813165039,10.628201957771806
134.32845345433125,93.58835622983364,11.912088579300184,10.627956610604006
133.61414317157033,93.94597855002898,11.910076608745413,10.628028238251641
134.69319483562492,93.58440226323691,11.897739985595535,10.635925243515992
134.69741936640247,93.94234069034268,11.88929092404041,10.635171877415122
134.34646368160472,93.58735427503879,11.876367718650002,10.630310133036936
133.80938983678038,93.77184011008751,11.879105576492993,10.618475073541399
134.5315263748726,93.23215619385383,11.862788399627606,10.626875981519449
134.17536207480634,93.23532534544698,11.86137975207673,10.620537678333132
134.5328060221194,93.23540500858911,11.859980941291717,10.620378352048887
134.8925558606154,93.23366209347073,11.853921396167946,10.623864182285649
134.35815286511783,93.05518704215567,11.852683654211367,10.624133040598528
134.54325076747068,94.11933383837362,11.839154030028888,10.635836531302004
134.7272287843268,93.9386632606436,11.827840511991361,10.64053517108733
133.8350036586508,93.76133193765905,11.829586752419326,10.638657014871598
133.83856207780386,93.58171380521968,11.822469914113245,10.641355321775771
134.01956611463268,93.22031879960923,11.816931659032116,10.65120569584361
134.38069134950726,93.03986898845938,11.80776405442084,10.655563885574367
134.73942337232336,94.28619008525607,11.803235586879671,10.658196215299752
134.0264234314211,93.04039801725986,11.803479026016241,10.654706576623298
134.38887144084987,94.10452860157936,11.79135664538961,10.664766322676865
134.74202491125493,93.93184845340484,11.797766618496247,10.653768162067509
134.38257356205807,93.93604612968754,11.804104992422722,10.6453728095021
134.38061814894135,93.75895457012506,11.808015818656129,10.643309381676643
134.37906266830797,93.40732298869497,11.811126779922933,10.634023195724083
134.38188065438194,93.22833037558716,11.805490807774943,10.635834332434325
134.74465298385493,93.22484642164017,11.792175898433543,10.64280224032832
134.03098310352706,92.86966312109782,11.795442921498298,10.641132472617521
134.56503715783813,93.93899433796211,11.795462484577612,10.638725382291812
134.7456562385407,93.75670581842597,11.790228480070938,10.64729826446563
134.20910067523232,93.5822134038639,11.795159786559822,10.640223153547142
134.56310580029876,93.40697279427435,11.799196528675168,10.634680876602156
134.74242459560733,93.22946084913214,11.796556592771147,10.633707112173424
134.02760785043736,93.0556569889151,11.802427645195545,10.625374223128595
134.38039324013823,94.12743820117498,11.808654110524584,10.617203532801149
134.73870442931332,93.94723498302119,11.803761289701526,10.621745190345168
134.38693242114854,93.94600646105857,11.795582999776764,10.624202234270385
134.92273601565103,93.94703333628141,11.791293262244299,10.622148483824725
134.03363151247515,93.7706373964957,11.791141221147862,10.619268153906523
134.2071219364574,93.59629880535151,11.79978387388601,10.612321835492304
134.55850917041536,93.42333625072038,11.808303869000587,10.602599713239307
134.38957321121381,93.06079056481126,11.790551450612627,10.616442411475425
134.7443550643422,93.950867950641,11.792125358786535,10.614131675892668
133.8577618041413,93.7754023882899,11.787530328117397,10.609506490380694
134.74766645601335,93.77322999762487,11.784770486098324,10.613851271710743
134.21093145920347,93.95388409298427,11.791930932400987,10.607979596764284
134.7419260156351,93.95759154993067,11.79630473207536,10.600564682871507
134.20699102478838,93.96280675000673,11.799964015993913,10.590134282719347
134.56335213156476,93.78408758205971,11.79782797466518,10.592279532501404
134.7412344051399,93.96418708847959,11.797357562121356,10.587374654268132
133.8537791395127,94.14489396208177,11.796228884033525,10.581168748932205
134.0359127550754,93.96648723526121,11.787051948693831,10.582891906787678
134.56868800936417,94.32256357599022,11.786424143128853,10.580687694004663
134.93015864361885,93.60724514830416,11.77334073659726,10.591608825421195
134.2206728103205,93.43074699598924,11.772714000298132,10.589705529327071
134.40665508263507,93.24597312260639,11.755608617103123,10.604394114658655
134.58183792671736,93.2510174477471,11.760070196773272,10.594305464377207
134.76315101870767,93.07225584925492,11.752178981160537,10.597093692993715
134.23454637717376,93.95575313471406,11.745419955774613,10.603379636164973
134.947234780334,93.95344846413231,11.738647989318132,10.607988977328501
134.0594417317252,93.9553642957942,11.741138433698547,10.604157314004723
134.2389978379086,93.77771273460138,11.736622801335951,10.604863856386114
134.59398227679932,93.59993198191208,11.735728185805856,10.605888230639065
134.7686984898602,93.42443446180206,11.740835330730066,10.602343699813066
134.2387061643402,93.24645288768811,11.737131977829577,10.603744180060792
134.95174142509393,93.42597960701607,11.729169913765563,10.599217855765751
134.59663647303066,93.43201530814703,11.730720835904354,10.58714645350383
134.7756202654958,93.43215092015367,11.726912976138632,10.586875229490543
134.42036080767926,93.43691045220157,11.729240572065123,10.577356165394761
134.78037065188343,93.43591525999325,11.717179059384323,10.57934654981138
134.59984982097114,93.44389095253482,11.724398736080952,10.563395164728274
134.95886266900257,93.26225854158356,11.713730369239034,10.57298132202031
134.42571863665225,93.26561529765364,11.71902173481473,10.566267809880143
134.77691424449176,93.09440169522512,11.723911659874071,10.555054444367983
134.2475530659293,94.15478561852913,11.722023374749519,10.555507882258842
134.60752860582687,94.15008058488732,11.70910144657385,10.564917949542457
135.1377007571105,94.15232252852024,11.709147150270912,10.56043406227661
134.2581174296164,94.15561583271345,11.701354056881323,10.553847453890196
134.4314755498338,94.16081536718426,11.707801670883297,10.543448384948597
134.78383332947803,93.98806414791454,11.709281489826779,10.53585313437206
133.90196575162517,93.81046752237631,11.708023061505788,10.538047668643172
134.25658207191802,93.81147623497512,11.704819005379655,10.536030243445566
134.43885751082277,93.62952211895748,11.69319974946437,10.547006853586614
134.97206130739457,93.628682216495,11.685570191627836,10.548686658511606
134.6190622544298,93.45739528866463,11.685901493956584,10.538427112371908
134.97505555413255,93.27710544349337,11.679262141303266,10.546333179338355
134.7946296605471,93.2821154131607,11.687417275239008,10.536313240003691
134.0872415069704,93.28622790132432,11.691540011279304,10.528088263676425
134.44414571394253,93.28250006752323,11.68292307645226,10.535543931278633
134.797861749046,93.28221347824048,11.68065213613541,10.536117109844122
134.09020597484238,93.28570077079198,11.685746968658403,10.529142524741138
134.26513768985163,93.1106710134615,11.688405426311403,10.526680151730567
134.44165754029393,94.16665145079739,11.687889682815431,10.529863021390494
134.2727837532524,94.68593535308644,11.673070192857528,10.548996408935029
134.10439838905987,94.3303694455487,11.657198543916692,10.55484346935865
134.1127014588436,93.79662192736734,11.640592404349245,10.564876157495924
134.29213338113107,94.4950895970233,11.634116734715336,10.577493517948106
134.29620894667653,93.78740118450429,11.62596560362442,10.582913235217001
134.30001971572923,94.49252596391393,11.618344065519004,10.58245732691001
134.30840152979815,93.9634448098741,11.601580437381198,10.58365523384885
134.131328335491,94.30415822981274,11.603649267598747,10.606383510765067
134.4874579179791,93.06726704299675,11.596340005711864,10.612841223584528
134.31408436784432,94.29582739971231,11.590623276898473,10.622967313733962
134.49944494118338,93.23120520407218,11.572438688681423,10.636992354247894
134.67680506933857,93.05480642655974,11.570194337869527,10.63731400377432
134.85684554050772,93.75709379148317,11.56255919505233,10.642522472011986
133.97950168774204,93.58064446538103,11.555200082985163,10.643011760696556
134.16557023733776,93.22100334887111,11.535364537927132,10.657690885449554
134.1650177984259,92.69323892459592,11.536469415750842,10.656544370573942
134.1590053162604,93.92780532974486,11.548494380081882,10.65298034286928
133.80676278142238,93.74611597342088,11.54826742617975,10.66400304372814
132.74984005856103,94.09834594394681,11.546937800339117,10.664601459864048
131.6990541972486,94.27155247356718,11.533402311225439,10.670706269246399
132.7575355755549,93.56618438802388,11.530856990059325,10.671830816702062
131.3450220923329,93.74581620314432,11.536836722967351,10.66494809065319
132.4010145481604,93.57297173208411,11.539039463633904,10.658272424053328
132.23000109856233,93.03248337593563,11.528774140158339,10.682372468335261
132.22484290788944,93.0298783440608,11.539090521504132,10.687582532084928
132.4014937749964,93.20662331139593,11.538551633849893,10.68685544397438
132.39855724202303,93.55658387572669,11.544424699796668,10.692419752593743
132.399102309645,93.37840978852347,11.543334564552707,10.695843664709162
132.57668813115683,93.55285926330119,11.541124910707596,10.699906704332252
132.2298138808706,93.54526659344972,11.528888720528158,10.715092044035176
132.23678748694195,93.89153367953497,11.51494150838553,10.728644178834314
132.77019894898098,93.70929080760929,11.507240818493637,10.740089177956941
132.06506045753656,93.7040486630589,11.505106592441756,10.750573467057736
132.60241303173464,93.34991798275308,11.490112611361994,10.752360716125086
132.95860398995154,93.17111209079881,11.483789857423583,10.756942918785944
132.6024054704043,93.0008630774349,11.490180195423378,10.74443759496642
132.60127387157178,94.06117339878774,11.492443393088429,10.741239897097731
132.60681880389407,93.52426727677354,11.481353528443854,10.756387332030418
132.60956723799842,93.17102557767741,11.475856660235142,10.756958549411657
132.61374518811414,92.82558043790803,11.467500760003704,10.742091508932713
131.90344519519184,93.18242424285606,11.478064169045691,10.733422187437945
131.37879853037057,92.64294552416136,11.469747312417413,10.754769438556545
131.72357802213727,92.64449073487427,11.485683143257894,10.751679017130725
132.4255275170657,92.46948689031241,11.493579833307617,10.748737786277822
132.24726982253696,92.11529295771997,11.497069036227796,10.751073279188237
132.06472951118664,93.17747902786995,11.509031149719737,10.74541219414046
131.17414648860358,92.30320611005378,11.524116141132424,10.72787697601936
131.7049750114026,92.30230089932176,11.521977627276415,10.72968739748338
131.53122565770033,92.47844178530451,11.516308149105484,10.730573811093373
131.8783531173067,92.48502754758547,11.528239541023073,10.717402286531426
130.64726195924158,93.72054239252161,11.518932223146994,10.717862230665538
131.88476542550026,93.00474140339698,11.514441340608634,10.737740751783907
130.82780685551853,92.99761805887326,11.509287229974793,10.751987440831366
131.0068631845821,93.16787996819735,11.504500082140986,10.764789132476468
131.18871748804398,92.44764092403996,11.494246535976783,10.791446977752916
131.36445869902897,92.62485924528666,11.496484278629126,10.79073049988185
131.36644376360397,92.61900338416882,11.492514149479101,10.802442222117527
131.54775905689255,93.14462160466395,11.483752337291948,10.812812104297159
131.7272112842279,92.43478811798187,11.478744467431586,10.81689273842003
132.25334153297712,93.85647074827848,11.488132745895077,10.804590880391926
132.06866788125436,93.86524625706582,11.50364593590308,10.787039862817242
131.71341063055752,93.6907590639984,11.506565027651988,10.782216544129689
131.88973980716474,93.51690523228811,11.507673170063335,10.776157711924409
131.00349435679817,92.98469299425491,11.51172915304889,10.779521237342216
131.35929635504147,93.33570630019952,11.50773453205632,10.785104000947067
131.54095705781342,92.62298350677992,11.498244248563314,10.795225099582643
131.89910260332712,93.85338438189711,11.489640330324436,10.81132845410827
131.19014536342883,94.02443208929623,11.491692265618807,10.823198675435608
131.19717269967958,94.72000278437835,11.477637593117276,10.848808561933206
131.5585714641551,94.53662974141994,11.463591601173365,10.861178879346415
132.4458023812718,93.3027591053325,11.460889825106925,10.848456070087662
132.4465859899435,93.30343253854299,11.459322607763488,10.84710920366667
133.5054972462338,92.23849240763401,11.465859104762966,10.852630455904565
134.0395185828256,92.0576693125884,11.4605698776489,10.860025497305964
133.33320465334978,92.23182524598195,11.456054029949602,10.865999557181588
133.50927812596814,92.05467901171392,11.458217253860045,10.86598185657055
133.51465146909982,92.40501418670614,11.447470567596643,10.87399951571582
133.51901965918353,91.69510357104879,11.43873418742924,10.876610370783075
132.9805010733009,92.94014594073084,11.453151927443784,10.86597097217057
132.26531803877992,94.18170382453039,11.466462238959028,10.86270278024325
132.6203975285553,93.11637068642213,11.465146528963668,10.866839247793608
132.78808443007992,93.29608247432435,11.484239714642355,10.861882660717095
131.54486826036035,94.00950094382819,11.487850122734795,10.853801111050378
132.78127015032865,94.36821649004453,11.49736241277879,10.845603181469308
131.19474010373128,93.82648353932568,11.478703392133601,10.865162711627026
131.72230433255572,94.8948106124863,11.487536875237156,10.856432446810743
131.01839853038666,95.0657272185535,11.47673364728629,10.869252942748584
130.13872057518756,93.64538711267062,11.462648104100118,10.872426828779387
129.08059263917278,94.87692698559731,11.451802751691543,10.890965178103892
128.7222899807503,94.3491446893254,11.45912415556522,10.882603901190777
128.8992649913885,94.35024922962076,11.45979802330064,10.880394820600062
128.01868893525815,94.52026334815582,11.447954007119185,10.894965809218334
127.83798512155752,95.05933955114898,11.454716502573214,10.880748799073674
128.00860341908907,95.41833844367036,11.468004630088227,10.871800459187094
127.83519301723383,93.82062311406658,11.460234090594811,10.87590902955961
126.41573261088708,95.05390511196805,11.46287942996624,10.891086072913488
124.81670434383325,94.70013994497705,11.467568234985748,10.888979133764773
122.50718994095512,93.99086567118879,11.473430801255818,10.888091915345532
123.39416794979255,93.98640908302042,11.474160986552251,10.897005091682281
122.50846597730498,93.98046690441693,11.470109117312413,10.90888944888925
122.51196854479856,94.50904318567798,11.463103982325242,10.91738815419799
122.50933360122382,94.68617764066788,11.46837386947473,10.918361541904174
123.03909850018195,94.51270656568384,11.474867071762114,10.909962691804363
121.61322523627982,94.69650335049914,11.484139208161075,10.89767842109945
121.96553745900114,95.41106490586027,11.490033392271501,10.889592569483321
121.07453499239526,96.12955152426846,11.495922959368526,10.873511625558749
120.9065154487694,95.4169076550491,11.47690311152115,10.878563623601073
120.89960332617811,95.60066031018243,11.49072735670372,10.865898068682355
