240.1,28.5,4.2,9.2
237.82272062950915,29.673418840323954,4.200936081111246,9.197748352171317
235.10488971749888,32.18276679985596,4.202075231343868,9.19553490121923
232.49188438109442,33.02001800664668,4.20289296269175,9.193094228905341
228.52121351657948,34.274143183505,4.202754203428685,9.192679818860157
226.5351880625379,37.30511040688012,4.204226876387259,9.19110162572109
223.0864828474583,38.45553468550829,4.205277088851785,9.189039807696307
220.99634752800856,39.39680810055382,4.206170197649937,9.187212866150853
218.48836998406355,40.2335380882656,4.207137728412791,9.18541540976969
215.14501909957272,40.965938874458764,4.2074876220525645,9.183253310114392
211.27974504870247,41.38503422458069,4.207887039378107,9.180754359537026
207.2064888715551,42.74403079299309,4.207560401106462,9.17837422023437
203.2389075450246,44.206293745985775,4.206323401179498,9.17778502850773
200.7329987500539,44.62505887272808,4.206408849165728,9.175543465348975
197.60147554250477,46.29644209226727,4.205731725551694,9.173429580250499
195.09579950380228,47.34096323782354,4.207135909301605,9.171865578160922
193.1122764402283,48.177039759046444,4.207939144151617,9.169709542998456
190.5029347070588,49.11748124720645,4.208319087376393,9.167415834999572
189.35482247379986,49.8492129782577,4.208786639107366,9.16488859139783
189.458728577119,50.99811094938832,4.209650754794912,9.1625321947201
188.62392337433727,51.10378320805668,4.210005445734328,9.159844641711375
188.519850301026,52.56474007607661,4.209527824669827,9.158663653290265
187.68528810514727,53.50480199142798,4.2098680720806705,9.155921984977459
188.31091150896577,53.81882798131995,4.210003891031106,9.15356131848722
189.1453971056427,54.341497025441555,4.209284806375566,9.15088079818048
189.14524249075285,54.13438754896681,4.209594036155287,9.148140753278367
188.416135889578,54.34425967835237,4.208694154445663,9.145285947095617
187.89499505753133,54.658156484254896,4.209040980339835,9.14265323821006
187.8946531025097,55.49280738857638,4.209724890383078,9.14018687857808
187.89415610993382,55.59804639606621,4.210718875534857,9.13803913643677
187.89410395811345,55.91130971295652,4.210823179175575,9.136461257472824
187.89442026989883,56.536613157540515,4.210190555604797,9.13562391544982
187.26890550506315,56.64128080337991,4.211591149251012,9.134560113108545
188.10248685242678,56.74565713633038,4.210672773332822,9.134087987058741
188.93590226808496,57.266175498501696,4.209901413056612,9.13433843211621
188.93648596171118,56.95360803267472,4.208734025804186,9.134730789122237
188.9360611765023,56.95406612003978,4.2095835962219255,9.13381461439211
189.5599736901919,57.162262017852825,4.2111639918165675,9.133891293090645
189.55932471681774,57.37087617569555,4.212461938564901,9.13318937277921
190.1846858086558,57.8914142177918,4.211394264140775,9.133492046296714
191.53846050487985,58.516454773870024,4.211242965511049,9.132979285133377
192.1634766725457,58.61979189474002,4.210717825475537,9.134556242609403
193.41277326044744,58.82837238905279,4.211305871161122,9.133925457565383
193.51711124650095,59.03662170072915,4.210896097104239,9.133959230312916
194.55791006176514,58.51627594566685,4.211893235207053,9.133353356121894
196.11962846706462,59.141581177173784,4.212478575834113,9.132351753598424
199.97137595975093,59.03787201039192,4.214742227722875,9.131506340209148
201.63669986738623,58.30961989840016,4.216753578949858,9.12997217884999
196.11648304125816,59.66452456483117,4.217070493838028,9.128116007983866
199.34420350206554,60.3944678480204,4.218384433044991,9.12620634566193
201.63459502440577,60.291114773003876,4.219706562156073,9.124634987795345
200.48831593322242,60.187906240058254,4.221209932519014,9.122774343504428
199.6544166220992,60.397096454104386,4.222793736241273,9.120947620043209
198.925015574575,61.231010335467,4.223650495085281,9.119343098694438
199.54906898686724,61.23170297191525,4.225160198851046,9.117957825797939
199.23592496640265,61.232532910734065,4.226621295810708,9.116297948160303
199.65184958193748,61.85833572692123,4.227879997904107,9.114354215530502
199.33862784295843,63.00443663526248,4.229511721226086,9.113128832513892
200.0668937222628,62.17224960291761,4.230949055579314,9.111252505247128
199.7535739645529,62.90197998438394,4.232751486144888,9.109744940307536
200.1693660205138,63.7360434136127,4.234321753491668,9.107926840387039
200.16850999419734,64.15319934356016,4.236033806124594,9.10677302713743
199.9596679621973,63.42501924024826,4.237112513436313,9.105014485352081
200.68786570956064,64.25907191644615,4.23878774131083,9.103275673071952
199.02079931494842,64.88381955646337,4.24012475074399,9.103578810459247
199.64555756929107,65.40368181969217,4.240574472146152,9.10549280907452
199.8537789572697,65.29849065700324,4.240859168082802,9.10751139850541
201.10481598166908,65.92207465249736,4.239565931142985,9.110733813446654
202.25152397378298,66.442433005892,4.238802923918652,9.112132096204382
203.5025661437718,66.23366885029867,4.237880015013299,9.112800168879017
203.50309679151295,66.12825280576344,4.2368187195309455,9.11520855872606
203.81638462190185,66.43960806361792,4.235564287909675,9.117819272173602
204.65048654966026,66.64837325729755,4.235013964909186,9.11720226794344
206.31781466805955,66.96148794269718,4.235364859857528,9.116286734346732
209.44366587309815,66.64879142785153,4.236582562933535,9.116387752722721
211.32030554096502,67.48080277324635,4.235467624701837,9.119993683045069
214.0308321834479,67.16724657241204,4.235074565175906,9.121645289470635
215.5949984262906,67.0608755291886,4.234306229088004,9.125883099277631
217.15893922208693,67.16255528449842,4.234719707725829,9.131076593340058
219.662510363596,67.26442278229986,4.234854931223383,9.135978160508666
220.4969507159264,67.67874840144948,4.235661698434463,9.142170658145373
221.43719906097326,68.30426031000897,4.234509739941856,9.144043328760448
222.8995995468319,67.99037424257767,4.233235088368378,9.145345537877969
224.77964838293795,67.8847807081525,4.231897349299231,9.147712610442591
225.72003264493696,68.7195421803181,4.230609705550143,9.148839337443807
227.28629024850463,68.92821038988555,4.230470794302859,9.149153091093988
228.12142002450187,68.40620856756097,4.230829227519051,9.149020494986477
229.47830530741643,68.92827449494521,4.231869607891962,9.149046696449519
229.4775475214974,68.92617746168492,4.233385179730032,9.153240762970109
230.41722860527338,68.92472146785965,4.234470238155531,9.156152750620635
231.35728981170683,69.13288925322234,4.235351821511005,9.15781806794467
233.7609152872846,69.44461540938983,4.2360304943969,9.16148701091948
234.49274559197116,70.0710107374431,4.236113584983745,9.1633338119214
235.22440342748482,69.96567136305598,4.236741685786889,9.16487773614843
237.5254791766292,69.85905637059085,4.2362983712897835,9.16893916726997
237.8398079034454,70.9043837470207,4.235302075441319,9.170488273690074
239.4094538916156,71.11273211559484,4.234393943707479,9.172242715822676
240.24668316015044,70.3797416738682,4.233818278685463,9.173576086234277
242.54889288997882,70.90117141026684,4.2327843987527745,9.176940608828792
242.6529112922363,71.63294470416763,4.234023583996533,9.17832594933825
244.2233273583322,71.73624514456327,4.2329637326660645,9.181043220604378
246.63053809073952,71.8385717412609,4.23334800831282,9.185729407229152
247.363960732703,72.25628881171319,4.232407343040747,9.18795504841311
248.934738158241,71.62756781407558,4.232318245911305,9.18881074210968
249.144507162552,72.35911354707295,4.231664322333137,9.191813573768256
251.23982843624913,72.04399303456887,4.2305138628293015,9.193630785592868
252.81129371187424,71.83338020807177,4.229798504357704,9.195894412883225
254.3828987339331,72.67006612484114,4.229113019633644,9.198535677687783
256.7926342162642,72.66862208736904,4.228793628089269,9.20142375263198
258.15489034763425,72.66664885769018,4.2286275647583365,9.205370211989713
259.7276239163171,72.87528698656385,4.227461769304759,9.207334133163968
260.88107402248653,72.97833906749466,4.2264736298568355,9.210858341565178
262.45358092201184,72.2440181622326,4.226400002164848,9.21186140545528
263.08275663296445,72.76678981939679,4.226105187285623,9.214698596981956
264.55107455504265,73.49939757415459,4.225444934570847,9.217470883187218
264.44658313038065,73.60274186293385,4.224686195691898,9.220523893831679
264.5515723858081,73.81113879151874,4.224480700216083,9.223276067419881
266.0203629154197,74.12493842670149,4.224236536342165,9.225106131772106
266.75502618831666,73.80899273965042,4.223736284319925,9.227500522829175
267.3845540383226,74.64737214484443,4.223832437372789,9.22961084986101
268.5391808361614,74.64551219071085,4.2233831642520725,9.233330758128186
269.0642561279464,74.74834799586971,4.222922388337549,9.237597109341579
270.63906369321677,75.16752533407559,4.223193749005502,9.239212163918797
272.0046625612466,74.64122909328235,4.222267881983096,9.241700080490984
273.5794923400023,75.47960223389332,4.223224635295924,9.245282498375245
274.525361398038,75.58261653491523,4.222481166628242,9.249364412709602
275.8913751173442,75.79082031479936,4.222498478398638,9.253271429923318
278.09819390714483,75.8932696813201,4.223373992332272,9.258587606097779
279.7810071107264,75.15530198223085,4.222680968085031,9.262364649250634
281.148563159446,75.25861919771981,4.222138597458753,9.266081735719867
282.20032634099283,75.57355410090285,4.222576967424106,9.267401349271484
283.0422265619439,76.2033151012145,4.222165025955958,9.27042072397374
282.72681180104325,76.30634578918671,4.221612799620957,9.274819930741375
282.72622535418475,76.62051678845367,4.222785693337931,9.278024023776664
283.46331393771993,77.35526627559005,4.2226898862265365,9.28260640946282
284.20077936372786,77.24805797686939,4.222299012724987,9.286374438544984
285.569970579015,77.14053279321126,4.222976708368565,9.290727873075232
285.67490430451534,77.13845771716848,4.223881994071212,9.29487802516082
287.36192788350905,77.136380238806,4.223428034093538,9.299032981885773
289.8909070272365,77.13273492563233,4.227129618972881,9.306323608233113
291.2626570141477,77.13033277079913,4.227601203047246,9.311127917899526
292.2120232909145,77.44519023562354,4.229250238979217,9.314873518072584
293.478264394408,78.18324727190483,4.231618513434703,9.317422226351384
293.2668663994453,78.18059268866396,4.231781077912001,9.322731392833122
294.53483095461996,78.28413443034052,4.232621198326618,9.327045345377018
295.16825028909994,78.4952148908797,4.234635664495006,9.327835469341453
296.85893964880444,78.91701266131983,4.237619574402435,9.330330585790266
297.7039952307059,78.70245784466967,4.2404037436480815,9.336216385828443
298.8677501031662,79.546832014565,4.242115015373369,9.34144696723467
299.60775283733943,79.64974917367246,4.245089437210732,9.347466919046019
299.9239728076176,79.64684266730025,4.248634627338182,9.353279931790452
301.5133721264471,79.7487487890655,4.251978823736475,9.36161054386375
301.6179752903973,80.17003449955835,4.255096535479614,9.368335281452014
301.72367120157605,79.84887964865321,4.256182390368319,9.373211951523775
302.7859771383429,79.73988189023925,4.257254060171844,9.378639114017997
302.0394346466358,80.80128691021235,4.2616710749560065,9.382497600686062
302.88925288194963,80.79793100083343,4.264445730787584,9.38920941944391
303.73973109329364,80.79526129665616,4.267079584403485,9.394548827798445
303.73788956639424,80.89880124975107,4.270762638202318,9.400542489272762
302.67084361635057,80.7881105328836,4.272589922629542,9.408697461441724
302.13671086120644,81.7458267178366,4.273963939021799,9.413669780548672
302.2418832725818,81.84926451348655,4.2770945801186935,9.42026965309637
301.38706961370156,81.73869476610366,4.277701908436392,9.427781649181773
300.3181501043404,82.59180967297542,4.278057209980788,9.4315388091805
301.0649762343683,82.69480893432868,4.281073095571082,9.439350021566263
300.9575392868161,83.22559665834,4.2819694843027705,9.447662105407586
300.956942921825,82.6854424094496,4.28316221428498,9.457394573586017
300.0995005345109,83.53966324739262,4.283815328710874,9.463184557902173
298.3846293069459,84.07255031857731,4.2835517669689125,9.469287295805252
298.38391996104747,83.31775568249147,4.2849704587657715,9.477655233342675
298.27647359645033,83.7429366446666,4.285255273223549,9.485724967938207
299.0267771589894,84.59905400383067,4.2877668183040285,9.491340158362684
301.9273931926526,83.73611758787419,4.287698238070809,9.498349734840632
303.5385543487791,83.73313253474053,4.289767566187345,9.504319841107952
302.03329021260186,84.26739974835766,4.2891268101335775,9.511202924019495
302.5713167391777,83.94182824618103,4.288939100971909,9.516826721978772
301.60253488502894,83.83144343579966,4.289233223520106,9.522344166547121
299.9862467380802,83.93469948777182,4.291736004681296,9.531170296785199
299.2294546322518,84.8998260052798,4.296737586831628,9.540523499705962
298.7974289585595,85.43628086088168,4.297839932526122,9.546300040614927
298.68854865043835,85.21649901121859,4.299759165516947,9.554180973438202
297.9301839180734,86.29583353629634,4.304553111356179,9.555419807412305
296.0909519255492,85.75372506389436,4.30942503017785,9.559168497443663
295.4393634302637,86.50804116641733,4.315194023507117,9.56417895584626
295.4366677897623,86.8317892458799,4.320585304510075,9.56591284561975
294.46045599240716,87.48174637351265,4.324232963206972,9.565182547696397
293.4830351133289,87.47990389810299,4.329815341094931,9.568867498515724
291.53066314020475,88.01977345218168,4.333293751038087,9.572813261554188
291.3113555243612,88.55999474104549,4.338196502397187,9.57665188464681
292.50318368621043,87.90814060005751,4.341530069022059,9.578365680991851
292.8259269968554,88.23274494762644,4.347292627618633,9.580406165740596
291.1936823613581,88.22952559035836,4.353561386171618,9.586844880276733
290.8641762179002,88.33421894231913,4.360314393344983,9.594877936269347
291.18784808491745,88.76717894890506,4.365940877797763,9.599584881080654
291.5119344499873,89.0891760753085,4.37124331395429,9.609065794569977
291.5095191554966,89.63301953559673,4.376073902935707,9.611667196470124
291.83469530503953,89.52415893567749,4.380264747236481,9.611207348513043
290.4143439048293,89.74317350644579,4.383740485826574,9.609674678027263
290.7393815291879,90.39730187716962,4.3885264231263506,9.611140308613303
290.73767893295854,90.28756462410958,4.391931615584962,9.612221843689872
290.5171814547012,90.06958056794407,4.3959887962768605,9.611252180197939
289.0945594041247,91.16231896157603,4.4003922875884225,9.611037400504351
287.1248458317149,91.81710728692279,4.405007117072054,9.613064854922866
287.0132082095446,91.48925464150525,4.409570576414239,9.612634790762716
286.3550751565823,91.48996603609753,4.413121234193381,9.611212001578162
286.9004607473051,91.38139484414098,4.416488058835106,9.609526784273772
286.13260751297344,91.49156426630839,4.420159171146836,9.608050133703463
285.47359562417677,91.71083780923628,4.424751753997773,9.607313446095128
284.9244016860611,91.93053907177581,4.428263189309944,9.605861497383708
283.93646335125504,92.58739499998606,4.432997463560777,9.606244571204083
283.16782663070916,92.47864667847152,4.436537152117345,9.604636392442426
282.1800457512465,92.58911348036733,4.439807061997067,9.602846327433635
281.0820383516047,92.91811670308324,4.444073607891701,9.602364358018496
279.8741110887326,93.905089644729,4.448256714592723,9.601604181216786
277.5695868608741,94.01545267931635,4.451893414007354,9.600183433770775
276.58099921934047,94.67304085251257,4.454932574557003,9.601097835723422
276.6887742715278,94.45435535975726,4.458797839979276,9.599638081640263
275.8093468313513,94.56503628976796,4.461957213305531,9.5977381599972
273.0638080626885,94.67484989689592,4.465794462578791,9.597600557263382
271.6351897418131,95.55404596960616,4.468814927882082,9.595649135810534
272.95105156331914,95.33539977464253,4.472045842160863,9.593782432856019
272.6203687965863,95.33634384924775,4.474584556682559,9.591894283645562
269.98355986554407,95.00800636964199,4.477182322019098,9.589691730763596
270.09216251240696,95.22878102714655,4.479616175001334,9.587420709170384
269.10260985987475,95.22976190128504,4.4818844295693925,9.585458960893392
268.4421317429219,95.23071807621524,4.484883042349502,9.583546611032999
266.9029312365113,95.23171559915585,4.487705209614886,9.581551565151791
