6.299999999999997,103.9,64.4,62.0
20.8704906228403,104.17328659394332,66.36120429891197,60.45342681211338
37.9459277922068,104.81664451044028,68.43568832296347,59.16671097911943
52.60693679763316,104.87055751456904,67.45313119348062,59.05888497086193
63.52400908839431,103.93908125827832,65.69064407752248,58.914671736886945
72.86423825218725,102.45363461023798,64.80558901126028,59.90829800393166
81.37708653283444,101.87371524867473,63.61456938218919,61.06813672705819
89.88553840948296,101.43066261904066,62.43057502931107,61.95424198632631
98.22143035385338,100.9046450166787,61.55465499516767,63.006277191050216
106.57549962284912,100.79314447725604,60.664509751570236,63.22927826989556
114.95790852476381,100.88270123604701,59.63239797027886,63.05016475231362
122.41994617134401,101.10726745360304,58.3392755488453,62.60103231720154
129.4864316543336,101.42303947975117,57.642909929586594,61.96948826490531
135.31836155635762,102.1928758273286,57.369590784271196,60.4298155697504
142.0971172538088,103.07157212917588,56.90063999598627,58.67242296605586
148.6408103960359,103.64701749704341,56.65514274537311,57.521532230320815
154.90777019368346,104.95112443839507,56.808229634456794,56.72574784538588
158.03748558282,105.26691346542012,57.75775897390392,56.094169791335794
165.1598694017582,105.46482620976926,57.97091004508144,55.6983443026375
172.0417880392874,105.67364844207756,56.837164386731466,55.28069983802088
178.75371532094772,105.68386601514196,55.87133963876059,55.260264691892104
183.82378258140957,105.78029399290597,54.551696494707016,55.06740873636407
188.0239547329921,105.57815786617292,53.111714850001704,55.471680989830176
190.8590373102717,105.46161389928938,52.61221279286388,55.704768923597285
192.21240170338243,105.57062980371475,53.343990075203024,55.48673711474653
193.4534796992413,105.54799455355734,52.589332370410574,55.53200761506132
193.7703389424018,105.92783241066255,51.955613884089615,54.77233190085093
193.76117302107065,106.17566879519131,51.97394572675185,54.2766591317934
190.59549318714852,106.54671563089707,54.93225276967806,53.53456546038187
188.86601702983828,106.7325686555347,58.39120508429852,53.16285941110661
187.3212664222947,107.21275680017068,61.48070629938563,52.20248312183467
185.87638145626005,107.65980231117472,64.370476231455,51.308392099826584
184.92084790260435,108.16150523546173,66.28154333876635,50.30498625125256
183.99748351994532,108.42886505296428,66.28185621516306,49.77026661624747
180.24557763561103,108.55743517607245,64.59756927755342,49.51312637003114
178.77444848225085,108.6077291758154,62.11733755236147,49.41253837054522
179.66814888141766,108.52675936821993,60.329936754027806,49.57447798573618
180.29344122685342,108.54435940382491,59.07935206315632,49.539277914526195
180.33399483434695,108.57495149151106,57.27566812782082,49.47809373915392
180.4664370206378,108.67077475090787,55.3172854970449,49.28644722036029
180.1319016446612,108.91224095977019,54.326554109577835,48.80351480263565
180.5473759054964,109.51881066803895,55.13211619799891,49.22688599618959
180.22254161085382,109.4676048037247,55.78178478728412,49.3292977248181
180.4044873640081,109.13917009600695,55.41789328097555,49.9861671402536
181.4493980829638,108.66254786245631,53.32807184306413,50.939411607354884
182.79599353034507,108.33526023826383,50.63488094830157,51.593986855739836
184.46297321242707,107.89902743038353,48.923686668895044,52.46645247150045
180.27643738332802,107.45512219337711,47.64139693838146,53.354262945513284
176.182428674924,106.38065492806822,47.81653687511514,53.900621980116185
176.35847241490615,106.2092381810716,47.46444939515088,54.243455474109425
175.54227939883563,106.40540213373808,47.483205159746,53.85112756877645
174.70076471472586,106.59708711400913,47.55843339858014,53.46775760823435
175.05682856860253,106.9885050867145,46.84630569082678,52.684921662823626
175.94609620325414,107.87171650793682,46.64706168878802,50.918498820378964
177.04142023439798,108.54418547773159,46.004805630381334,49.573560880789444
177.45607174272408,108.95203137402153,45.175502613729144,48.75786908820957
178.07852751635804,109.15159414597103,43.930591066461204,48.358743544310556
178.5075254190427,109.35691898379875,43.07259526109184,47.94809386865511
176.63888940024503,109.51890794275658,42.47680602333468,47.62411595073945
176.55758559784846,109.78252432133235,42.63941362812786,47.09688319358792
176.59063923731432,109.87432622339385,42.573306349196116,46.913279389464925
176.05245981957097,110.06025981524054,42.22956482029494,46.541412205771536
176.13921228280404,110.37048741234923,42.056059893828774,45.920957011554165
176.13224966069419,110.52300844403058,42.069985138048466,45.61591494819146
176.49617679419487,110.38403425311142,41.34213087104712,45.89386333002978
177.36162228483207,110.47770829426436,40.995561554881824,45.7065152477239
177.6776050818855,110.42833265794636,40.36359596077496,45.80526652035992
178.26745470945707,110.29139873489248,39.18389670563182,46.07913436646767
178.648125437898,110.34695780575643,38.422555248749966,45.968016224739756
178.7214656753629,110.41269145292497,38.27587477382013,45.83654893040268
178.6208727174336,109.74312318289977,38.47706068967872,45.84181139309842
178.5224259169738,109.61839265652978,38.673954290598395,46.09127244583839
178.44126702196166,109.585729978286,38.83627208062263,46.15659780232596
179.17279326702734,109.53410064929045,38.72116591093805,46.25985646031705
180.05759501540552,109.32606760823167,38.29924586137831,46.67592254243463
179.56172939027238,109.25762076491691,37.94369351742048,46.812816229064154
179.16921267201224,109.26229131731895,37.38511444749431,46.80347512426004
179.3433652138021,109.37172002593957,37.03680936391457,46.58461770701881
179.58932657500438,109.54983274746081,36.54488664151002,46.22839226397633
179.20357952491037,109.79440314575025,36.004650609086276,45.73925146739745
178.84986805852785,110.13972946319795,35.416735428448234,45.048598832502044
177.85818298512487,110.36486265503589,34.849996746695545,44.598332448826156
178.0579747647205,110.57221415665862,34.450413187504246,44.18362944558073
178.04108896784814,110.62124346752978,34.48418478124898,44.08557082383838
177.86832967720608,109.98580853495955,34.82970336253308,44.11151659286456
177.52498786879517,109.83888304110775,34.26540589169137,44.40536758056817
176.42341119510223,108.97559474132447,33.97602691025614,44.885678015724125
176.6676873163916,108.90960133733984,33.48747466767735,45.0176648236934
175.0935048103756,108.80951802207274,32.907198792485865,45.2178314542276
174.61022432562237,109.56438620801131,32.63739592228556,44.94445892205722
174.0155519328968,110.5175118455526,32.59902367024787,44.26592468446347
173.9095289938052,110.853481696476,32.81106954843109,43.5939849826167
171.32881974685694,111.73721610730273,33.13296986397593,43.036395705551136
171.08491087601865,112.02847644890716,33.620787605652474,42.45387502234229
170.29140445945137,112.22367872173182,34.00219461691401,42.06347047669297
169.7364792087427,111.73336677033522,33.90624708573032,41.83829634688519
169.66149203941026,111.89614103791547,34.05622142439522,41.51274781172471
169.7257061182914,111.99059330564003,33.92779326663292,41.32384327627557
169.9615001932892,112.16284494585302,33.456205116637385,40.979339995849585
170.21039336257635,112.27478617964971,32.95841877806306,40.75545752825622
170.18299776925824,112.45317966819479,33.01320996469929,40.39867055116605
170.3921176929756,112.47132923486541,32.594970117264545,40.362371417824825
169.99564337286998,112.50896648935813,32.231408843446836,40.28709690883939
169.46994446835865,112.81632343109186,32.13339563900856,39.67238302537192
166.16798294344918,113.66739440683229,31.907523185154535,39.1085403245032
166.242802102191,113.9522479185694,31.757884867670896,38.53883330102898
165.75066372699231,114.23739229083199,31.62754852312942,37.9685445565038
162.01905649562008,114.94827299878793,31.365278439364396,37.650423790093285
162.19949907064574,115.0759977002129,31.00439328931305,37.39497438724334
159.65940786642759,115.22789009187437,30.66154571144245,37.09118960392039
159.1087999320084,115.3536046107156,30.688445832518337,36.83976056623792
159.2404588220373,115.45467147077585,30.425128052460465,36.63762684611741
157.33089694895952,116.10080380806178,29.990528857813946,36.40879290674611
157.54622736375774,115.51980201642007,29.559868028217544,36.51798487435492
155.65887885404132,115.72539613997274,29.14460896727115,36.106796627249565
155.2491502946905,115.81294410715553,28.929715962379035,35.93170069288399
154.89789480142358,115.90828779972708,28.604093013109246,35.7410133077409
153.49199876592087,116.03564759909383,28.3562806115058,35.486293709007384
153.0619566064728,116.03755227841137,28.204483151097442,35.482484350372324
152.71780840024363,115.97260631206404,27.88343718247438,35.612376283066965
149.8222478961666,115.29375152104974,27.637990553827045,35.96399125896201
149.27632025593064,115.28295028153744,27.722357743126864,35.985593737986605
147.23077634740307,115.33831426377061,27.77662239618082,35.87486577352027
145.29594101755478,115.36801442658769,27.612730569883734,35.815465447886105
141.88111988012582,115.4153850642055,27.408867878385077,35.7207241726505
141.44409832142625,115.34734364970134,27.282930309982596,35.85680700165881
138.62150501408038,114.8785564968092,26.92808734746062,35.79437637790747
138.7345193505212,115.00262918401933,26.702058674578993,35.546231003487215
134.9257996383106,115.51960893568295,26.43411135619056,35.49794484301118
132.08329360339854,115.56196328722635,26.23602436342325,35.41323613992439
129.66161570375274,115.62799387056077,26.199631230197404,35.28117497325552
129.063476067717,115.85118444826175,26.422586466039686,34.83479381785359
125.47791676965888,116.15314663502846,26.8027110221893,34.23086944432015
123.94197498077449,116.38869636269123,26.97335190047255,33.75976998899459
123.27306717865301,116.56159442362532,27.34857102981512,33.41397386712643
120.99699534614524,116.51404898761454,27.08390227749318,33.50906473914798
120.94255119992236,116.48840646771365,27.19279056993893,33.56034977894977
120.67559708954309,116.39624262089811,26.763606691780122,33.74467747258087
120.8792530059852,116.34075368007753,26.356294858895886,33.85565535422202
120.89524105467578,116.39917568671953,26.32431876151474,33.73881134093801
120.85205501549922,116.46400419700797,26.41069083986787,33.60915432036114
120.95099104456806,116.58850303732305,26.2128187817302,33.36015663973096
121.0300931376852,116.7096550408312,26.054614595495895,33.117852632714694
121.56452463674846,116.82137171487885,25.92340832069422,32.894419284619374
121.63165675290657,116.88065169612779,25.78914408837802,32.77585932212152
122.5117690788914,117.10125039263366,25.884984684523314,32.334661929109764
123.03379922886617,117.1739693682967,25.763707570025886,32.1892239777837
123.22666857184039,117.09233007193328,25.37796888407744,32.35250257051053
124.33215963629917,117.11312173493667,24.996521597565796,32.31091924450374
126.32227401087736,117.2301741753473,24.647789808579976,32.076814363682466
126.50997618694802,117.17499578737818,24.272385456438663,32.187171139620716
127.18266260437541,116.62145394765285,23.82108309755588,32.40018434309937
128.2346633741977,116.0460631623398,23.496875630593802,32.66106887738418
128.32842420264024,115.92493159418188,23.30935397370875,32.90333201370004
128.43553367177853,115.8209931805749,23.095135035432186,33.111208840913996
128.5514229499951,115.61233463273437,22.863356478999012,33.52852593659507
129.12083081529278,115.50755406994257,22.61575859389825,33.738087062178664
129.19603707804822,116.02273969078384,22.465346068387362,33.59798042983081
129.71154429425468,116.10426507460421,22.319954134839087,33.43492966219005
130.28762619994166,116.08898658181737,22.048506367616596,33.46548664776375
130.4639744331472,115.53481682979478,21.695809901205504,33.69719352954782
130.58435381953302,115.52683618149806,21.455051128433883,33.71315482614126
130.65779394316783,115.55302286761614,21.308170881164262,33.66078145390509
130.76623736610753,115.5728089192855,21.091284035284847,33.62120935056633
130.89141402623977,115.60016285114432,20.84093071502036,33.566501486848715
130.94882597039455,116.1719338747583,20.726106826710804,33.28079156062009
130.97859722551829,115.89221205955445,20.66656431646332,32.98864742638045
131.02976767874586,116.01219316504755,20.56422341000822,32.74868521539426
131.0640661078998,116.53166506134774,20.495626551700298,32.55057557655047
131.4118475819615,116.75995868411903,20.636752766499573,32.0939883310079
131.36274274170242,116.98660321320477,20.734962447017736,31.640699272836397
131.2550340187987,117.19053815749663,20.950379892825126,31.23282938425268
131.45635882748724,117.43571253980494,21.372121120238987,30.742480619636055
132.06914524332706,117.61760036011127,21.794490668453292,30.378704979023418
132.25845013988126,117.77798734667833,22.241316173053413,30.057931005889298
132.86849220761317,117.83769696462191,22.677060925848185,29.93851177000213
132.8845935090203,118.27630073198884,23.478119375758098,29.8945652879924
132.34326832448403,117.79453715528729,24.560769744830615,30.01236136513917
132.68161805510596,117.61994181821082,25.614531432181977,30.361552039292096
132.70099567181197,116.59998763674615,26.463554913000674,30.625902973759967
132.3509329487972,116.39443534745872,27.163680359030188,31.037007552334806
132.29575023946919,116.13348298977431,27.274045777686265,31.55891226770364
132.48524117949142,115.42121654480802,26.895063897641755,32.05013949228075
132.3004805158348,115.21837176600403,26.329768987808222,32.45582904988875
133.094392038191,115.4998214762176,25.673861902801146,32.82484558916687
133.3916723635042,115.24471966542406,25.079301252174712,33.335049210753965
133.61760177452675,115.1122152327539,24.62744243012966,33.600058076094285
133.28062798361074,115.09808216565018,24.37978984403399,33.62832421030171
133.36872872458156,115.0339547906474,24.203588362092386,33.75657896030729
133.34119815980813,115.0527289384917,24.258649491639243,33.71903066461869
133.25632403140696,114.63568730311145,24.428397748441576,33.635794898384326
133.07368105902862,114.80120388236311,24.793683693198236,33.304761739880995
132.76306432182696,115.04455981514147,25.414917167601597,32.8180498743243
132.4681230023118,115.22256738349452,26.00479980663187,32.46203473761817
132.06630925629563,115.4272118469047,26.80842729866425,32.05274581079784
131.63805454971563,115.55975657982988,27.664936711824218,31.78765634494746
131.10516080164786,115.2684652080633,28.730724207959753,31.42704616161273
130.59100443507054,115.35139984063008,29.759036941114417,31.261176896479185
130.57051645472788,114.88840186912445,30.768576520276945,31.21860922101322
128.0005467522573,114.51551271118046,31.972599197194352,30.980408354895243
127.53571423764356,113.41666066490868,32.90226422642182,31.179539459117684
128.72771542525348,112.89961136984098,33.56969719407306,31.196492934962706
128.66208042397213,113.24319734733058,33.700967196635744,31.537250664559895
129.12962043906194,113.16473628252457,33.80133951071158,31.69417279417193
129.57553491108183,113.08458078908778,33.94905495991371,31.85448378104551
129.43815465933136,113.59858642313698,34.223815463414674,31.870908713352232
130.50443296830238,113.6743104554114,34.18930905375136,31.71946064880338
130.51740419349622,113.80413471725703,34.16336660336369,31.459812125112133
129.5333836423517,113.33295584735416,34.048436035467695,31.360684029825403
129.5978790835283,113.26305514372618,33.91944515311449,31.500485437081366
129.07026309029365,113.22131227305924,33.936374817713805,31.58397117841523
127.41245842084734,114.3296261070159,34.13226600025843,31.447155614733862
137.8704018818884,112.97220557238417,32.99146601130251,32.08040858577355
138.8938083328251,111.7098060189087,31.977580161224374,32.53935358913397
143.35076285161213,111.5974067298383,31.256737280939042,32.76415216727477
142.72036920629745,113.63802193804436,30.48512598927012,32.74771891545927
143.50239974381694,112.74414287735317,29.924665972486075,32.52827492033167
142.8761268955201,112.79830879493046,29.194877719897814,32.419943085177096
143.69459316479973,112.82003366480322,28.535690100507495,32.3764933454316
142.54916687769665,112.86364720132168,27.927198995643973,32.28926627239465
142.91078758525046,112.88157289316254,27.203957580536304,32.25341488871294
141.9010339915943,112.32790784633066,26.39449643596385,32.4177555384151
142.23166736692204,112.83832533228835,25.73322968530836,32.32930172410774
142.52856528014948,113.37333632660835,25.13943385885344,32.179500751954045
142.8359787883047,113.40463132876873,24.524606842543076,32.116910747633284
142.22432077500136,113.45669635154724,23.953645412610648,32.012780702076256
142.84604703062212,114.99414325906804,23.596335592708392,31.596314961052418
140.90444995674002,114.66750882626917,23.110221888259957,31.375722256207652
141.8895121081431,114.86531161907749,22.86501477182367,30.98011667059103
143.33022184034186,114.99810787517035,22.540635293024216,30.714524158405304
143.46815282805005,115.55734921664134,22.264773317607816,30.438961123952375
144.03126447173645,115.69842260828524,21.97269042063611,30.156814340664557
144.131297217877,115.88055692865673,21.772624928354993,29.792545699921593
144.23990723009854,116.47518616857849,21.55540490391192,29.419394015392932
144.66643173844298,116.25792500037794,21.50915794579101,29.047114293226098
144.80277745546962,116.36660661274018,21.236466511737742,28.829751068501594
144.97698990797107,115.98213544444972,20.888041606734845,28.80619367444128
145.10649365966108,116.06329536323676,20.629034103354808,28.643873836867208
145.2332990944619,116.4876508700903,20.375423233753178,28.574771589255995
145.35172870228402,116.16325802176772,20.138564018108926,28.449207898608798
145.06336518201329,116.24143962791115,19.946789007203403,28.292844686321914
145.139582924078,117.53086679850354,19.79435352307396,28.002785114102192
144.44879167417048,117.67602342753231,19.663986832926604,27.712471856044637
144.8371789346101,117.86617848890899,19.63659202063246,27.332161733291272
144.5431717859887,117.6110766825198,19.481490002063737,27.099249030258164
144.9550919463048,117.74558615144133,19.39463615305723,26.830230092415103
144.9663847088802,118.29192251339313,19.372050627906386,26.468992116457166
145.03650880786356,118.06465056112947,19.231802429939698,26.198003433224017
145.4859300156656,118.16420354616298,19.052024381740075,25.998897463156997
145.91023839202765,118.26073114444176,18.91645165554358,25.80584226659943
145.97541502343702,118.35039026951857,18.786098392724828,25.626524016445824
145.70804830022115,118.382316035607,18.617885662513043,25.562672484268944
145.78301170476715,118.81002967385868,18.467958853421074,25.406432955185544
145.8775804863024,118.12626662232243,18.278821290350535,25.38532580674857
145.63566152022455,118.46352050811235,18.071796278549,25.40168097912599
146.0839225672693,117.72332697699242,17.86295512099266,25.50670616829959
146.51263424693462,118.74332008761195,17.691346511100793,25.524164195377026
146.92981796805225,118.07121144413576,17.54020463729562,25.50193034546923
147.02649071965186,118.07900719359887,17.346859134096416,25.486338846542985
147.4519307597778,118.77896036428957,17.172886606316744,25.440247610106123
146.89690123694328,118.05113698439422,16.93634173615985,25.54929045407089
147.3260177350233,118.3753222498648,16.749107803784966,25.57191898691487
147.39755894850464,118.43067241467946,16.606025376822267,25.46121865728553
146.80992809750296,118.08909078051482,16.45303528555464,25.480256028979344
146.55021905115262,118.0608270738169,16.310609647263703,25.536783442375196
146.97751187377008,117.6790729310755,16.11632585175423,25.63998987813256
146.0772237957075,116.61292899415149,15.941147487719606,25.796523231820768
146.1295241561486,116.90724942567724,15.836546766837435,25.865866535172525
145.49468347570559,116.87430700356572,15.791713148800648,25.931751379395564
145.88144202548432,116.82883403221861,15.675684827070004,26.022697322089794
145.92043192727476,116.84296493369376,15.597705023489121,25.994435519139465
145.60636256108228,117.17395484911052,15.570704377407157,25.987595066772943
145.27214168536472,117.22761791153599,15.584567997403132,25.880268941922004
144.93975699116382,117.62879663178778,15.596135369150259,25.731113518073112
144.9466790843726,117.66562239917536,15.582291182732746,25.657461983297946
145.30842516473191,117.31130148871594,15.50861484053635,25.716287985694507
145.3281937924749,116.31296881410296,15.469077585050371,25.76460314669901
145.03288449853858,115.60779994296692,15.41019167281666,25.875931888758444
144.05705489377613,115.66250366140905,15.411326009012132,25.76652445187417
143.4542967537095,115.96657717741716,15.319737360651379,25.806929884104896
142.8109647840703,116.68083371599643,15.311197501016597,25.67362060585962
141.89878994273573,116.71551559655866,15.199176661605668,25.604256844735147
141.63666109357655,116.41187801883652,15.080922579756486,25.569020220011843
141.01144374990366,116.16103995467303,15.05141436974118,25.430724899658255
140.99752966847305,116.59900427524772,15.079242532602377,25.192192229378232
139.7581086737868,117.31948642137337,15.020922355426965,25.01980902040087
140.04772517620228,117.74867209277099,15.072401552230286,24.79214987923989
139.68774399017965,117.56876258544528,15.164198514919796,24.523803484535577
137.48275454087104,117.65447926251596,15.194399341312767,24.352370130394217
137.1580468793655,118.06212981458626,15.220203928599354,24.16067976197815
136.56828228935004,117.76772397675467,15.157420463832057,24.128335115242237
136.60329554964218,118.13562037837787,15.087393943247754,24.01215160194204
136.02959892876567,118.19248975219939,15.00143583468331,23.898412854298993
136.02916311454646,118.27380830625322,15.00230746312174,23.735775746191344
136.03022826765547,118.37983318155413,15.000177156903687,23.52372599558951
136.01044778654776,118.8064380940618,15.039738119119129,23.27835118881615
135.72029195585898,118.91863779198029,15.01525695566021,23.05395179297917
136.02390609823865,119.31712391805468,15.00901582843131,22.857966698360812
136.61792017275627,119.42449736051202,15.016818642766935,22.64321981344615
136.8699802109745,119.5295691825469,15.107490942715437,22.433076169376402
138.0021782071593,119.63649151371754,15.215580321560722,22.2192315070351
138.00422127630696,119.72670561147193,15.211494183265382,22.038803311526316
138.57056646714605,119.81757767942085,15.256529909725407,21.857059175628464
140.6228355773449,119.91785610047026,15.259905062699033,21.656502333529644
140.35288195653965,120.29237401740646,15.215969167940242,21.491309636026568
142.10890767720934,120.10222809435815,15.187476168521037,21.291008408469818
142.09066421909668,120.21039004386905,15.223963084746345,21.07468450944801
142.0990219825827,120.2918059026347,15.207247557774274,20.911852791916708
142.373340703959,120.37072914131272,15.23020307164605,20.75400631456067
142.9143441580087,120.17862565483082,15.287307315680193,20.568657711457668
142.9345365351561,120.24470944829694,15.2469225613854,20.436490124525427
142.9454688672401,120.32327221290389,15.225057897217422,20.279364595311524
142.72005428173824,120.38022042333259,15.11369619236008,20.165468174454123
142.7677175142996,120.71481994125067,15.018369727237344,20.054876679324895
142.78038872501108,120.80855210021605,14.993027305814394,19.867412361394134
142.84641799219796,121.11491197542908,14.860968771440653,19.80673516083325
142.88996659598106,120.35726299270868,14.773871563874431,19.675224981480028
142.95372685807922,120.3973031112725,14.646351039678091,19.595144744352375
142.98630006161258,121.00808100479672,14.581204632611362,19.457891925816607
143.32158782401265,121.02680105656772,14.449600117265158,19.420451822274597
143.38709972788124,121.0424753303446,14.31857630952802,19.389103274720835
143.117041869363,121.10797333712011,14.325107412259808,19.25810726116982
141.8180167247868,121.15993665224391,14.264740037482497,19.1541806309222
141.5838593001814,120.95066215056494,14.203961275034297,19.043636022621182
140.58572799851882,121.503217656875,14.094642642824837,18.99131562776835
139.85751337792445,121.239557356872,13.979702312570948,18.994846370626792
139.39542792714496,120.98434220299592,13.85997961428804,18.983329878458008
139.45683081293643,120.97728220228953,13.73717384270511,18.99744987987078
137.69747239021893,120.97801239297692,13.63005493477356,18.995989498495977
138.0197172813284,120.43457699788961,13.50174515502625,19.05050028372741
137.82461024778314,120.92197038999976,13.377074759382815,19.105482424975047
137.62742059390828,121.16453255060301,13.257802078392162,19.134010092508895
137.93250127013104,119.89199616508087,13.159742851079207,19.118572237890454
137.48146416128847,120.89683853405009,13.041349669144632,19.14982229919144
137.7800224743419,120.92052928613916,12.952967554118972,19.102440795013305
138.31942313893586,120.69728803358493,12.887244202296005,19.042384311439267
138.61759030288644,120.46471812451793,12.795438809847438,19.00299519412067
137.8704785120856,121.26880562189933,12.782472165573491,18.902010425233467
138.11151629605206,121.07749043308674,12.801043089707614,18.783994310791655
139.08151971967513,121.11677547920395,12.85768924643899,18.705424218557223
139.0627038604261,120.67186745936102,12.895320964937095,18.597414077936342
138.79906844930602,120.47256251304519,12.924695899133678,18.498128082524456
139.26329242225864,120.51831668121687,12.989992202991457,18.40661974618108
139.24449090055379,120.55945887164182,13.027595246401164,18.32433536533118
139.23879664691972,120.84472997027706,13.038983753669301,18.24972358262734
139.26544073571054,120.35418713638292,12.98569557608767,18.240849540359502
139.55322592538693,121.08669919200017,12.90408572548918,18.25770701538778
139.85151401714992,121.07001508427402,12.800372882859161,18.291075230840093
139.86575264770906,120.84856566124715,12.771895621740878,18.242325196864133
140.084939005071,120.65429655449472,12.823955183345861,18.14043113404018
140.28799559568537,120.95078125654693,12.90758528476415,18.037205012582803
140.23077366093767,122.70751310090945,13.022029154259528,17.95062420243888
141.3987411221367,120.78760406823267,13.136726233130902,17.86943106576139
139.86861403850332,119.6129363331915,13.252303623860772,17.764869222062995
141.77742341896783,120.404196192302,13.363351426408782,17.655599465145848
138.54138206393918,120.43972204872043,13.449391464886103,17.584547752308982
136.52411863369466,120.23136544145743,13.551470035117013,17.50970493055274
135.98335184768328,119.04064029485252,13.648844530300275,17.43075753166376
132.48130328797006,119.08921557794186,13.758521884655066,17.333606965485103
131.94128719040677,119.13560509540613,13.853047067247093,17.240827930556556
142.78571822972037,122.14294865116555,13.850170473090609,17.140500496620668
143.4935399662824,120.96093729290695,13.908318119449282,17.048204680666625
144.4563551215061,120.74681354725016,13.945815777174579,16.98567017993707
145.18155439671176,121.25127529389707,13.96668661439421,16.957592945063887
145.66188414923326,120.54861333036159,13.986681633381208,16.891935086089894
145.37806989734955,120.83614390705173,14.064676589148476,16.806507480709737
136.03191933234388,118.91313573790973,14.153170553621585,16.735932836775206
133.29952422931726,118.67387600416089,14.228926587721629,16.7245401068226
135.4976561609948,118.91027424608046,14.251327250798953,16.74270634814261
133.77758672736707,119.13959711196377,14.250206398520694,16.775669147737982
135.2491017308386,118.41804767007311,14.259798119087698,16.742457167764265
136.44515818583056,119.18638244400935,14.326394612893845,16.68101326216584
