189.5,126.9,4.0,10.0
188.13038888154122,126.29249567918112,4.00197046286307,9.997852169880954
187.2602316874094,126.29324203370462,4.004999708887263,9.996359460833968
186.17355618265213,125.96835110716303,4.006417314100961,9.994561292626843
184.869679704878,126.07826913717682,4.007858385207824,9.991917889636056
184.86917490206218,125.3187924791618,4.008867990839469,9.99061045902944
183.78244386147253,125.21107106593749,4.010537806890267,9.988874058965225
182.80418642664233,125.10344162320494,4.012397037018215,9.986948984482265
181.8264403801427,124.45271444775463,4.013185008372097,9.985267254286
180.3054475608422,124.45406964754221,4.014664061697112,9.98255685471083
179.21877516135382,124.56353402638445,4.016347029966687,9.980794280097086
177.9150405745163,124.02156355884406,4.01776709603808,9.978881420342995
177.80534057954023,123.8053144321656,4.019998656644449,9.977042815008474
176.50156503239742,124.34932647520729,4.021368927081517,9.974927405528629
175.19763416348363,123.48161031626522,4.023123939312959,9.972955239681966
174.11122355014535,123.48235295529769,4.024161497182071,9.971469961617027
173.24185810744478,123.26613649976503,4.025489337336154,9.969552111370612
172.37246690174706,123.15833194985905,4.026901277051662,9.967989902222604
171.39480896053635,122.39897778173174,4.027651928240663,9.966480836407573
170.19974895753728,122.29127612226037,4.02895218771977,9.964718723848582
169.22206335777565,122.29184346612601,4.029855279549828,9.963584036117322
168.13577080149014,122.29264223547352,4.030812238864532,9.961986497422297
167.1582182460996,122.18472071750604,4.031506682185079,9.96067279252829
165.7461994981223,122.18568285563798,4.032593059546005,9.958748516264423
165.09411743212314,121.31813094021481,4.033907730044667,9.95671973177787
164.22508511284357,121.42729989558445,4.0348872621700425,9.955517459342802
162.81312476491132,121.42809112338149,4.0360437142963335,9.953935003748741
161.61844814252055,121.21158670794652,4.036929296593609,9.952676986894252
160.20659722908405,121.32110112572502,4.037928138173152,9.950779150205996
158.57794991667282,120.67034559430937,4.038403328531988,9.949562439251885
157.81769479448812,121.10535128223202,4.039128778113642,9.947999517571002
156.62320247906402,120.34622667857258,4.039987231967849,9.94653206680281
155.4286646508648,120.67294889589606,4.041002298954639,9.944376883813549
153.69137854366502,120.89090245028862,4.0422424336910545,9.942636284986317
152.82265700724716,121.00006447759516,4.043044266564363,9.941392385368532
151.30262099724777,121.21792418895613,4.044046327151967,9.939825813991066
149.56559552219764,120.35055104677112,4.044951865113038,9.937999392291475
148.69704130788637,120.45967862213855,4.045570379673438,9.936805480814373
147.0687746562777,120.56884539749954,4.046279441380027,9.935526879526433
145.33213119793942,120.46074171117554,4.046781578029954,9.934685203422765
143.92070718056078,120.56988544938943,4.0480342427797185,9.933443524687885
143.16035273654148,120.67910808530769,4.049391938443968,9.932048423190531
141.4234354726845,121.22239564943378,4.050359426963717,9.930744244686545
139.795225076087,120.46315305744585,4.0509920978951595,9.92986163827273
138.92625135608674,120.46406732197222,4.052531300616318,9.928033109220006
137.51489040137986,120.79042385337411,4.053577373674324,9.926476008652164
135.77809064567518,120.24900077000353,4.054407905472277,9.924081869264732
134.90917873353584,119.81619176788779,4.056006992636766,9.921587504939147
133.7148004030353,120.57665926630675,4.05753899190019,9.919795474661568
131.6526983093994,120.36018024284812,4.058329506672808,9.918709977105248
130.1333200832653,119.92657038979533,4.058804190014407,9.91784917780321
128.50508951606946,120.79603885221547,4.060023886882231,9.915041019642327
127.52802822145237,120.90532671020817,4.061172957600645,9.913462361269815
126.00810858200059,120.79797795892021,4.063087159707987,9.911165215503132
123.8371947187544,120.6905190532122,4.0650054183742474,9.909087553527865
123.61938508544411,120.58310269547837,4.066625562546614,9.906920707771379
122.09957709436446,120.80137563471277,4.068283386369836,9.90436885192201
120.2547069988158,120.91049114663936,4.069201624171292,9.903127354733291
118.19306434465436,121.01930825843395,4.069717169620941,9.9024810134006
116.89070122786813,121.1283035135508,4.070591044133753,9.901478199755177
116.022661892046,120.04346191553492,4.070759862518583,9.901274079212664
114.06953142232415,121.02020554359027,4.071222758684875,9.90068584474069
112.00760492632806,121.67166501567601,4.07229429821092,9.899697885558467
110.92209350952093,121.0216007344988,4.073384298139611,9.897866747701594
110.16227419409574,121.34763995645059,4.0741200810433025,9.89674666720372
107.66621111716826,120.48073292175073,4.07563782817937,9.89469694296211
106.90595174659126,121.13282197994806,4.077294631577562,9.892400487500991
106.03720571350769,121.24254542548135,4.0789749355218,9.889930066712294
103.54224981919315,120.15780326558398,4.078564153307613,9.889708920923004
102.56548639782372,120.5925653276375,4.079451178087542,9.888024715908804
101.04607119204856,120.9190265178454,4.08096316446933,9.885956283743413
99.31002842272112,121.35372202057319,4.081877013360463,9.884358200728757
98.44178730319949,121.13744448596975,4.0828288756930915,9.883030675757963
96.81418555407981,120.16219227397521,4.083947640270096,9.881084259549649
95.94610887992458,120.16266598851172,4.084655900147194,9.88013683047663
94.4269365976738,119.62136464379998,4.0859874755976,9.8780920238104
93.016485069214,120.70659347268177,4.086884762398527,9.87686957383043
91.3889649841637,121.03292860580497,4.08809860949331,9.874964572185197
89.9783511503205,120.70862453907301,4.089422126430189,9.87282559393769
88.45952412460557,120.70930190226609,4.090361344585972,9.871470867551526
88.02509825789672,120.81905360000948,4.09159206097808,9.868872726321142
86.39785835521101,121.25384161960727,4.0927308609379685,9.866854288568648
85.52969399172387,120.71263363983391,4.0940168186773755,9.86486851734359
84.55297999447369,120.49703189086021,4.095575257945172,9.862323225239297
83.57669862909414,120.38921840840504,4.09635156902968,9.861085032408027
82.3836503951297,120.06440159685656,4.096977173511237,9.860135692746644
81.51591482557299,120.39016691154032,4.097581651516985,9.859180061294484
80.75669053243688,119.63151191537494,4.098043781972108,9.858503597808165
80.75628080746763,119.63239453494937,4.098863231910598,9.856738358659287
79.99719638360392,119.09054207178804,4.099134403305923,9.856230659030475
79.12947574625387,118.76591519940062,4.099855905698364,9.85496448918995
79.2374210971005,118.87515896245873,4.100799614017981,9.853311373086559
79.23699511597657,118.76738800849873,4.101651576265811,9.852026102958115
78.69445525287655,118.00950285647872,4.102612971631358,9.85003074382979
79.01908933978821,117.90242684660569,4.103780077202784,9.84737100377761
78.58491563974228,117.79538809518714,4.104952104870096,9.84465466350859
78.8011091725521,117.14628410158673,4.10611541195585,9.842211532593208
79.45090151615202,116.38855375135611,4.107092840105198,9.84034976514707
79.12511878327973,116.60669253890944,4.108406294694812,9.837573530810385
78.79948263769784,116.2826785713233,4.109477614773629,9.835400494897657
79.66575626148173,115.63385615761783,4.110699244263523,9.832718664515339
79.55666251926851,115.41839702564445,4.1121829020129335,9.830229275108042
79.66438801370238,115.31083669633792,4.113425935795887,9.828655911070447
79.44707324746183,114.44507765511358,4.114668920973852,9.826627804306623
78.7966604356309,113.14358855693371,4.115379190167456,9.82937529172987
79.01290840022601,112.16606619150961,4.116360503366873,9.833772431824677
