145.1,55.900000000000006,62.8,18.6
149.1032383648752,55.30850940381438,62.50427015002756,18.782981192371253
154.22938258637944,55.305474165437985,62.20064963411898,18.789051669124035
158.72421089706674,55.225897730768246,61.88649189538783,18.948204538463514
162.65357042435326,55.24356932839912,61.454742952672305,18.912861343201765
165.94366123497295,55.274839344785576,61.02953166968132,18.850321310428846
168.5491592263874,55.26938143344251,60.71352263565094,18.861237133114983
169.39993334971518,54.66296266292915,60.23140076083857,18.854648302298436
168.98832269865898,51.13745615383875,59.84222120057909,18.631256146247882
169.1394919915319,51.19175921950168,59.539882614833225,18.522650014922014
169.3139335189005,51.19374211973266,59.190999560096046,18.518684214460052
173.68872638027074,51.1403189087446,58.78028870947949,18.625530636436185
175.1212005112029,51.171643449802204,58.29007044499099,18.56288155432096
179.35364365094497,54.30193479472611,58.07943641681462,18.198193329693048
183.53032076740936,56.23348958137657,57.91190149241319,17.84329203147526
185.49265133954646,56.28119425131858,57.468480959759376,17.747882691591222
187.97209423108367,57.496623008338744,57.11877340604952,17.62161429223321
191.03271724731692,58.10686824653832,56.722242611796574,17.546066863476756
193.4863480512354,58.76264816373074,56.36643744309777,17.372371138876463
194.21132159638833,59.45565650738299,56.046034219529304,17.11589831830931
197.18740402065816,60.63138147644558,55.69481610320858,17.00482707307171
198.54058990877033,62.96148295765706,55.214641531016944,16.797018518714125
202.51848372959418,63.634669067979736,54.97539207364971,16.553008895823115
204.90358325550298,64.24208595561221,54.582774471575554,16.43257048299402
208.81548733072117,65.44842398048931,54.36473297341715,16.192970619604935
211.73308797691703,65.50530164467295,53.92429077343698,16.079215291237666
212.9296529740148,66.10970374940744,53.67223291279137,15.94094714854367
215.23156011679256,66.14535915096307,53.32583289104532,15.869636345432411
215.31848153052022,66.80475355843848,53.15199006359002,15.608921418122868
218.14072602938592,67.37584431711464,52.76109491307285,15.517458670213399
218.25253016729545,67.96370808780824,52.537486637253785,15.385158964221077
222.4859004717294,71.66925698077112,52.37283385273209,15.238388024598224
224.22856369602556,71.21422499298271,51.98549852935973,15.11578829176842
226.49761915509748,71.22560785341723,51.546751539528806,15.093022570899354
226.6381909124494,71.30583166676472,51.26560802482497,14.932574944204394
228.30228490807542,72.37462967976586,50.97083408318774,14.817254951278649
231.4031790511197,75.95163866314215,50.79767993013058,14.696643473062698
233.57448425947734,75.96992773774994,50.45523905313016,14.6600653238471
234.70825465652393,76.53607617189203,50.17664175775539,14.522240204922134
236.24812802407496,76.0927856767517,50.06063996579839,14.420906214154451
237.3980801442114,72.71329221496006,49.72945739227896,14.289367304100338
240.96890155646736,72.75244031700805,49.42801137771537,14.211071100004371
243.3989582836146,73.78606024945188,49.42491656016229,14.086638689813292
244.48615764681367,75.317877496935,49.188566800483656,13.930077644926344
245.5717176143906,75.34281897963616,48.94287706185607,13.880194679524005
247.9875949059363,76.39104506580459,48.90250526688348,13.700295622434709
251.84983490904884,77.40851591995633,48.812575695006494,13.573991522718249
254.81326898177528,77.90424548981939,48.58966983973362,13.533192764688794
258.28930615887725,78.90245917298049,48.26462254077884,13.430201699866398
261.3147139145955,80.36281941806824,47.85470897255633,13.329932181297767
262.9283966541952,78.95923748326493,47.42461953548099,13.339820008780187
265.39213492570536,78.46252039376303,47.12957248174078,13.40676828992796
267.85395407367685,78.0313062604523,46.823633644443895,13.345656664820181
270.6868499503066,78.04853016755834,46.666030813736086,13.311208850608082
271.728058456073,77.6268147546589,46.41389004255933,13.239501556229055
274.5399276794824,77.66919025885383,46.25133702212962,13.154750547839186
274.6373648290964,77.72883125411767,46.056462722901614,13.035468557311512
275.1468057876858,77.78198517955202,45.93885166997949,12.929160706442794
275.6963354872489,77.81301402896091,45.737388875961045,12.867103007625023
275.8393643832881,77.84387776407604,45.45133108388268,12.80537553739474
274.6095496306081,77.83740950171604,45.24599036894949,12.818312062114757
275.5143090948535,81.43713694075358,45.20775296131582,12.703983267468045
276.0169953401362,81.46073029982753,45.085327022641664,12.656796549320127
276.10164528826914,81.49724698456696,44.916027126375745,12.583763179841267
275.82836058229844,81.51428140705484,44.58606709284275,12.549694334865498
275.52988711188027,81.5382569733269,44.31182561664188,12.501743202321384
275.1726807173818,81.958694278047,44.15985871752398,12.527248280995883
273.53001036496414,83.26527383244996,43.98642511062655,12.508169905989515
273.6146412875975,83.73247869108609,43.81716326535981,12.43562358379149
273.1955816550496,83.73384408239278,43.79719422924634,12.43289280117809
273.2677349628465,86.75616058960765,43.65288761365255,12.392526636044485
270.74288797722625,86.73562131074091,43.572956814617896,12.433605193777955
269.1770105441893,86.7386823160537,43.2864332445386,12.427483183152383
269.6944747517263,86.78683580267474,43.10187448358915,12.331176209910298
269.32470768672385,87.23801328227569,42.995477486288976,12.274752378013543
269.39470120141107,87.30356833759001,42.855490456914566,12.143642267384894
269.45448898095185,88.64126398732012,42.73591489783308,11.984943598893423
272.46188393349837,89.94578390812845,42.56059511532645,11.878533809813787
273.83893763046024,93.24963934635473,42.295619007902246,11.908506364026456
271.4041539587514,96.99426413777921,42.20618505598872,11.857758724174255
268.07258471253135,100.34104132581876,42.27514978234916,11.758378114174795
266.82203722465766,100.80389462224086,42.306094784941365,11.65605484571568
262.90169485475354,103.2931732160404,41.927824200227796,11.608870852829732
257.9910186949338,106.96707324071113,41.961713779080796,11.601667859078063
256.06023268337685,109.03639141988138,41.74344301551622,11.542874287416135
253.71017396682007,108.64430399032757,41.57303968837137,11.515295686480698
251.02995721512875,105.45047706467427,41.27181702173375,11.432485343478406
251.45921064876717,104.30543621272362,41.216269639510216,11.313688592219705
254.25714456079731,104.33822410532589,41.21990526288404,11.248112807015156
256.703777725785,104.36458725432249,41.119098419849536,11.195386509021965
259.2758369865079,104.39278554654454,40.75286207993073,11.138989924577844
262.14872180827246,104.0474568784854,40.53736523408822,11.039608289598059
265.8429586169702,104.06820930206062,40.214765491027904,10.998103442447611
268.7230561226319,103.71574617335922,39.912640161886145,10.923305459538744
270.4353581611436,103.7545530554439,39.58409239600614,10.845691695369366
274.39701911452704,103.4135601285981,39.339518684171914,10.759802729567703
277.88458211364156,103.3948694761809,39.22936035904015,10.797184034402111
281.35593456561,103.38927973109801,39.14386287862417,10.808363524567888
283.3949518319809,103.35787611297434,38.87035776161273,10.87117076081522
284.34061808541526,103.27251782634524,38.49541494404263,11.041887334073442
298.1815034237255,103.57600046001217,38.78785563650508,11.190981833471543
299.1012009902473,104.38409326306984,39.23753967798033,11.100849010368748
302.0934450417392,104.38366935299612,39.395013807507965,11.101696830516207
304.9615354770367,104.33633300065114,39.048867536447595,11.196369535206177
306.3586493005053,104.62902697934427,38.55518880377793,11.377831215909069
