134.7,46.5,7.2,3.6
136.14457981233159,46.591659131646125,7.199672866862847,3.600239451520016
137.66637172186284,45.91529066692562,7.199511230478525,3.6003442997706796
138.93450687728134,45.91526721305894,7.199417637156537,3.60039120750404
140.540864413084,45.83067757520548,7.199182320473708,3.6004926013729444
141.7244728141542,45.6615660685006,7.199031907405735,3.6005632734866477
143.161713940356,45.4079017413455,7.198827696816025,3.600666391006158
145.02165593745212,45.15421285615655,7.198570763747547,3.6008222894126374
146.37435253330554,45.74588503297842,7.1983435852218935,3.6009880665356424
148.40340025408537,45.15399806789316,7.197985886634266,3.601255155005976
149.079790692565,45.15394043429003,7.197779183297909,3.601370422212236
151.61591801297314,45.15390063566095,7.19764628258928,3.601450019470397
152.2922652149515,44.984794727818546,7.197513054537566,3.60152154117895
154.57480053154737,44.73113303066355,7.197316864724109,3.601636664002473
155.25118728082168,44.392933924367476,7.197091602663434,3.601760758350616
157.44921021873898,43.885587579573844,7.1967971362584855,3.6020492765310337
158.2101672469251,44.223614668760455,7.196495392644231,3.6022672371613376
160.7462627877877,43.46276331316815,7.196325450688681,3.6023636064150386
161.84525232417857,43.37819620685859,7.19621137434317,3.6024312808467602
163.28240862030566,43.20908174937735,7.196021307285081,3.6025281340214677
165.48039764661053,43.039922396048176,7.195730882345974,3.602717023166696
166.0722117424587,43.63158922404242,7.1955500338421166,3.602830710370699
168.18565519653058,43.12425543364608,7.195243458396494,3.603119011315847
169.62282489659887,43.71591036022474,7.194987007534684,3.6032550784481283
171.3135898927037,42.870509186788745,7.194702663672857,3.603434601146203
173.34243040925247,42.87044852280503,7.194490582523858,3.6035559291136385
174.86410034987352,42.78585971758173,7.194234027573147,3.603673354766274
176.2167173501989,42.6167164163997,7.193935035868252,3.6038430810121063
177.653833792694,42.27851472251985,7.193670722012509,3.6040185696813447
178.92196504483147,42.02474404597773,7.19325008090702,3.604391550131693
180.86627887503684,42.44724152309486,7.1929196622677525,3.60467860497817
182.21886023805274,41.686417910162696,7.192661201029484,3.604817181896131
184.41673006870275,41.68634619674458,7.192354388588068,3.6049606087323682
185.09304773166042,41.60177221348756,7.192143642092772,3.6050555028189017
187.45993494675795,41.432631016330554,7.191814291870538,3.6052346771348387
188.22078156255895,41.17897322493767,7.191569818467794,3.605400673854188
190.50308345774093,41.77052098761117,7.191292779046251,3.605649120973758
191.34848681034205,41.26326174118331,7.190979772444627,3.605871394669128
194.05342280578745,40.502441386671116,7.190663413357352,3.606074582248763
195.40591187285685,40.41786790757085,7.190444882823144,3.606174065224004
196.33573429738382,40.24877777115181,7.190305784916337,3.606262383308059
198.78705664016144,40.16417134634047,7.189979412964296,3.6064297738409845
199.97051091629436,40.84018418441658,7.189680553804708,3.6067524937494606
201.49208414911485,40.50197217393863,7.189339595450757,3.6069975130860166
202.8446105987844,39.91019182986538,7.188990318199885,3.6072503665688975
205.04231201646266,39.910092812778494,7.188711089979679,3.6074484007426677
206.64830101987627,39.740995381485824,7.188541265247628,3.607558191528509
208.00078119163487,39.65638624689994,7.188251913985781,3.607734523684321
209.9449535796546,39.48717900326415,7.187843922437298,3.608067551434938
211.29745060406617,39.233492736677455,7.187497815902339,3.6083185954292976
213.41061562633752,38.72622929565879,7.187161534335402,3.6086069743524587
214.4250061066099,38.97963467835539,7.186858168737548,3.6089156076959883
216.20008232777084,38.97956118380811,7.186560165020988,3.6090625967905523
218.48224329001783,38.979490023137856,7.18628695335755,3.6092049181310593
219.49660573409383,38.725838375446976,7.186009425524729,3.6093963734330092
220.93361434405304,38.38762034608553,7.185612878138645,3.6096863915600785
223.13128366245374,38.218367929727386,7.185202347314804,3.610119831508851
224.90630466374813,37.626615387811306,7.1849409540581055,3.61036471223032
226.25874333618182,37.71105616619782,7.184664728614864,3.610520725421291
228.79443397420138,37.710971548919474,7.184369516081132,3.610689959977992
229.72425709585025,37.541852444033125,7.184105892883888,3.6108586024596865
231.0766743106252,37.37273810639821,7.183812611327102,3.611019634230382
233.27429263223715,37.03447929058115,7.183415480508752,3.611408110109787
235.13379986230854,37.625755998429405,7.1831309598497946,3.6120869478854094
236.82440890520502,37.0338941043992,7.1827286035888385,3.6125252306096214
238.5149482261702,37.033821988991335,7.182499272053311,3.612669461425348
239.86748524708372,36.949177132945614,7.182090593691478,3.6129175883002254
241.72711273924483,36.780021031206296,7.181712562945051,3.6131500687265126
243.16413888369263,36.61086162405444,7.181311688575158,3.613392246027199
245.36170348513738,36.44148138363944,7.1811342517706205,3.614079514081428
247.05233215585602,35.93416446806336,7.180795747817289,3.614437693988403
248.7430053308139,36.27210214067384,7.180392794906546,3.614751028168437
250.26463680018563,35.34226673683894,7.179969818334114,3.6149085256226314
252.6313879808833,35.257666244947195,7.179675704141696,3.6150663577202757
253.73034219781886,35.08835649079192,7.179307415493218,3.615602766765806
255.33639934491174,35.76445103652248,7.179056434781145,3.6157771757146713
257.4496021735467,35.510553503027246,7.17876981228987,3.6164379585317215
258.2105390061824,35.00319290165128,7.1783643271521225,3.6168470411944598
260.91554577358005,35.42566821656785,7.178051336461558,3.6171621213776715
262.69069607657815,34.41130125661811,7.177884644928833,3.617248090155187
264.04335162204444,34.24211277856783,7.177421985663234,3.6175189922973594
266.15661006678823,34.07271515314991,7.1771775784687,3.618212444549774
268.1009114533641,34.66404464123059,7.176939832804479,3.618968911536808
269.45364583278416,34.32577291145002,7.176574961311065,3.61923639926127
270.8908521259679,33.311292146101614,7.176322642248113,3.619378917743059
273.1734184297013,33.2266609229826,7.175999016900964,3.6195743646433263
275.2023092260098,33.057258125392686,7.175792158744721,3.620248731951441
276.7241549724562,33.73329679590065,7.175437803172329,3.6207656741890535
277.9924298334762,33.22581695218936,7.1750586408808505,3.6212571377122558
280.19049537194707,32.71812946024581,7.1750330163509055,3.6221462479658446
282.4734932931526,32.63334586539652,7.174630905430689,3.622617373535141
283.74190005793344,32.54855760747223,7.1742920553317155,3.6230955774195333
285.60217456850233,32.294587392867,7.173978631790604,3.6237311524122653
287.0397292617857,32.040590185643204,7.173705870192966,3.6244014565711944
289.06905791348777,32.63198885187175,7.173824414113517,3.625413746250446
291.1834721450894,31.87068175682691,7.173371383399458,3.625812780643969
293.1286099306867,31.954949430297653,7.173206717103466,3.6264126904372027
294.98933431649516,31.78565823482751,7.1729095227995625,3.626708574349023
296.59643234973976,31.531744592529318,7.1724495213114805,3.6271038486820912
297.94982603070565,31.36242701210007,7.17196733777121,3.6274508622416444
299.97962668609784,30.854645385102884,7.171797460643294,3.6281562578219004
301.92487448875164,31.361732400850716,7.17181462640311,3.62889860138731
303.95480648242346,30.51567250150451,7.171932006186641,3.6293594971100553
305.9003600974014,30.34612933379228,7.171864492404446,3.63009455286724
307.50786660830533,30.092139978584353,7.171412474491163,3.6305109995102645
308.77653886086335,30.683734136313312,7.171887609831532,3.631638516265324
310.4687918963684,30.17581400505343,7.171673657746076,3.6321911431077236
312.499497384891,30.598583611413808,7.171567850826898,3.6327571741632467
314.53040983564836,29.498307089419665,7.171246722922244,3.6333290074461337
316.5612658060619,29.32865651590127,7.171163135827307,3.63416112500524
318.08471119022175,29.159221694887083,7.170731749703064,3.6345352801230186
320.11584491231656,29.835899450130473,7.170413098540182,3.6351627006451617
322.062325196393,29.327718794835345,7.170295887689787,3.6359996571565025
324.5166030596305,28.565562811231615,7.170479482557158,3.6369097660163217
325.78638666593883,28.565217978598433,7.170193389910472,3.637599431282688
327.6486912687786,28.48019991032791,7.170033766280758,3.6383424050032787
329.34176103639084,28.14123888825663,7.1699685228799765,3.6390495907811
331.62758043046784,28.7335558822317,7.169835819139372,3.6396208839751694
332.4744562886496,28.225430621486225,7.169314159593092,3.639933371375801
334.84464068456924,27.462949431010685,7.169925499087576,3.6410092815410606
337.0462317702176,27.377923403880864,7.169803312519268,3.641712874849601
339.2480187130632,27.292942578817357,7.16956031493655,3.6423156446647584
341.2800115510662,27.123142602503023,7.170352875883837,3.6431840775473083
342.8893508407218,27.715624625099924,7.1701332515317535,3.6439680683911013
344.4141654219065,27.37658286279529,7.169757195477469,3.6444397915970312
347.29412755771494,26.698591807328974,7.169622752314429,3.645177237011102
349.0731974386041,26.613637060698107,7.1692275505449565,3.645670322653365
350.5977446736836,26.35932436371393,7.1696773791043835,3.6460383335019606
351.8685678530741,26.189678649067755,7.169513683199336,3.646465407744197
353.98629105272073,25.850462871115514,7.169996677297261,3.647148260706093
356.52734720763,26.52766685880347,7.171569959121708,3.648389776434963
357.5435602407296,26.2730103109304,7.173156319275049,3.6491997655929618
359.15435097883466,25.848862541536608,7.172807878443441,3.6498024003335687
361.86705797656725,26.357048444989985,7.172798523982722,3.650693963615146
363.81714098949055,25.08502424510728,7.172495152556451,3.6513536757150264
365.76706148380015,25.7627524181281,7.172677170479305,3.652427071079307
367.37832941181136,25.50809698550574,7.172304917718884,3.6529752621247704
370.17662209789216,24.829294334813603,7.172241434327852,3.6538479844131695
371.7880829296575,24.913858951248855,7.171829835577268,3.6543245444258265
373.6536386437111,24.828676671279823,7.1720939654418325,3.655081124456083
375.60431539609345,23.980074578207397,7.172116159066294,3.656035006953475
376.79196379954124,24.573499121012475,7.171806332290721,3.656679411403335
378.6579515679933,25.08192370161523,7.17209855493323,3.657721457346852
380.0143450413805,24.911995448175205,7.174046932250303,3.6582360487154553
380.0993311276327,24.14793746109175,7.173783489930172,3.6589734512241625
378.91142841847415,23.89307605471535,7.173541968494045,3.65954334831555
375.34725928338025,23.638089275847356,7.173473844994321,3.6603450207881445
369.7457802735884,23.213173412086974,7.1737980393457335,3.661492367609487
364.7379785867691,22.873463221231393,7.173467037920141,3.66186635101121
363.125257179737,21.51533468755128,7.17340914512028,3.661912296801841
361.5974610480371,19.987408833906308,7.17326495832159,3.662027553893285
360.0696578615967,19.13853836989945,7.173137267244706,3.66213844637491
358.88136176129655,17.780395314899085,7.173046917386331,3.662215927280198
