287.5,77.3,72.4,24.8
293.1006457085946,73.95930519606071,72.1726286846263,24.494429556970857
299.3602192195014,68.03277147961035,71.55637874867742,24.444599904006804
307.6843764690526,66.54689752408382,71.16696052532816,24.460184855832026
314.34781933436096,61.315939479260294,71.0949369563058,24.612763708683474
320.61447438819516,61.225979256765044,71.83231165544345,24.792684153673978
315.5593826300004,66.4667974536425,71.52345889266775,24.7300840390842
310.30777130013195,68.18920591571512,70.16396237423467,24.25094690948145
301.00581084586105,72.4917049149104,66.95055845765805,24.372878841138267
290.2924434175152,84.80178821501714,67.2217370443349,23.729009346941695
269.2503287513448,82.83970843342018,67.22949431476145,23.44552170394418
279.86834057496503,65.43910996164448,66.95566129352727,24.707213645885517
279.0532111216129,60.27026498720466,64.33636160086695,25.129266862914438
278.8389481786786,64.53783506002813,63.37866908751633,24.91143711258326
289.1266105714173,64.52645632242651,61.96090507585506,24.934194587786486
287.881993479523,64.6319622941269,63.10192845719455,24.723182644385723
286.42959943872967,64.67450220228847,64.64572543061536,24.63810282806257
284.3603857278518,69.44597433547698,66.02047331786454,24.768036932458582
284.64156659225466,69.97671321907825,66.86220744587979,25.110655022076983
286.64424662879964,75.72779751450771,67.12429816037785,24.98835519811945
290.2991260531681,65.12641449192292,66.93483562965602,24.83023228924363
295.12809909490755,60.15568557156624,67.2060467900258,24.84253288610835
296.3169463844732,60.036077269491884,67.67354405670518,25.08174949025707
301.4932136992532,51.47657486736435,67.35688768162609,24.996391572544944
301.685286540952,41.656962580763306,66.97274199822846,24.649649896180385
296.8569799890783,32.57842731878327,66.71930678347381,24.402344971493747
297.651980203935,26.334698976248646,66.53687171591295,24.2217133971901
297.8418509559493,32.71433621758295,66.15713021188432,24.077248109789736
301.44735215612735,27.17576152795598,65.91379131515177,24.00613588324601
300.92172166566064,26.46381894231736,65.57632792893297,24.041296687371027
303.1285527417618,31.999946557949826,65.31612948773436,24.04494468544908
308.61431669065337,31.848349474900676,65.39095037035753,24.348138851547382
314.9316887178786,34.052601957464184,65.24260419257604,24.101766511976653
310.28452711526324,43.66681340271424,64.87159060772092,24.204017201648107
311.0657630152522,46.50769961139643,64.68637039565925,24.031251135948327
310.69498242735693,52.05500958709938,64.05649198266057,23.908147894855738
305.9587292973108,56.15530335027768,64.00832457647579,23.868137796736534
301.2527682173607,57.51426458231609,63.909528043123686,23.867563530731818
291.9382870658935,67.12275949277108,63.53720854974931,23.65185550613069
291.5246760724824,62.514315650101345,63.0164928702102,23.43317952694109
289.025136974121,63.94458058829031,62.669809986148316,23.245530190955577
287.94444934756154,68.68401498280495,62.17514020033641,23.062819038183953
284.0798619896649,68.7353313996544,61.99899039998337,22.960186204485073
286.8929932126467,66.8787601238823,61.62530649193096,22.733894852595924
287.75126859500335,64.08797924492524,59.90875572721755,23.100918948570033
289.96706407454036,60.23784576980794,59.33345007487003,23.088615285351732
286.95412088559425,60.16723668214497,58.97501768310838,23.229833460677682
285.13520876284355,61.903671395830166,58.790224559018164,23.57958140289888
284.1886409992282,65.76130512568687,59.405552314429315,23.53116057410257
274.9373470847002,63.64035859212985,61.191728875127104,22.629542481721803
279.9262916124711,62.843160450234556,62.87308474444503,21.632995448876883
285.74880288591476,61.10087857712652,62.94205221990157,21.212895854311647
296.88830218175576,56.64411111334613,61.3804593116463,21.06256579537325
301.70522407714446,56.778240362992285,60.63390712480748,20.79430729608093
303.82502801539897,59.013178455154346,60.15614832547961,20.08628018893804
307.98961254102073,59.16440829614045,59.23143115594289,19.78382050696583
308.8562196933079,59.130173871441826,58.71343802938965,19.852289356363087
312.92993144442596,54.97705358404288,57.8202110229623,19.69530068605072
307.14075054388115,59.21423460975866,57.46555416371992,19.574051696851573
300.9015268908796,59.13519268326989,56.898284255225875,19.732135549829106
301.04171954353023,57.05132948682078,56.61789894992466,19.1770393434648
305.8953645635617,57.21430625477795,56.24255067444715,18.851085807550447
315.2505382906979,52.65234649155629,56.013899061965056,18.73415741309868
324.6456055286839,44.76241233083316,55.618468213494765,18.41866006048085
328.9462953583027,36.27813284681772,54.984349665515026,18.314516647245124
325.16238261979225,23.428450846944425,54.662108955507506,18.089377461041686
338.7719338608578,23.007688283364693,54.28406806015156,17.81252502208552
346.6483796486533,24.895600615525776,54.0410244645259,17.360239210613067
351.7181765780984,31.633015225294805,53.76549553410135,17.03749656236252
377.6719673876104,30.205029190358207,53.989956011935675,16.63521600118208
381.93468162435204,31.81258880661597,54.130636751295974,16.66559641587489
354.78797946037224,38.876084510207136,53.11907638010742,17.72036002414496
343.7115949731203,40.202099437694294,52.394139982423,18.33657379376896
332.08115937387703,46.4614974420239,51.66874580609804,18.901195262279707
353.95353359256603,58.6618414146992,50.43831343471693,19.5730526891837
342.4692743762145,65.90693997327504,50.63311717093426,19.180869431761288
300.9766903723148,66.37922094145335,51.52291872527206,19.3165096855818
262.91020042213364,65.92604917394428,52.063748657925416,19.12731481527083
231.65030007537177,62.33032717579018,51.887675325484665,18.619265510144785
203.56205134833294,54.29320216478388,51.48083622837319,18.371399219314362
188.29809784218986,45.80575759132215,50.75393435598785,18.10225587814319
182.1373146165497,41.715203728194275,50.32722082466522,17.784510282663646
186.5480786532559,45.034277372022025,49.90892277178147,17.44878551040466
188.3858680249295,46.70541174837484,49.34806268606875,17.22123541533351
200.3903953111039,53.51457177970943,48.93693180565618,16.940872222019614
207.28411934942764,57.60458215903505,48.343751976302194,16.880401154010546
208.5048356145679,61.236108329528975,47.91290433232104,16.654395915070435
212.6352929825954,62.87123463022907,47.611594939150194,16.36899531725181
213.36502821026303,66.42004112684398,47.13750955274016,16.169077806498482
220.4200931615372,66.4579592170134,46.6759293140655,16.093241626159664
224.39037047677164,66.04228736938792,46.470269412718054,15.957723480270422
233.74409575071775,66.08178416387472,46.02975639145689,15.878729891296855
241.9727181169274,62.82082742771867,45.78419568409298,15.725244059174312
255.97891162877764,62.851910942405155,45.24295129407183,15.663077029801336
266.85492900097836,60.58605213731106,45.072945659759114,15.50304918127461
273.9440203891485,57.36548820440017,44.88931083258257,15.413388004153365
281.4263187288267,56.50643824201963,44.78364390521877,15.274121709915363
291.7745735051093,56.509683169137205,44.428521283155135,15.267631855680214
297.91584870359753,56.51937256470676,44.097892538815714,15.248253064541109
301.7425835113512,53.33549874792142,43.75852915706581,15.216157743573996
307.77105166017554,52.47835200339166,43.515837064715384,15.112875201049182
304.710068403794,48.85116226824231,43.31398958630962,15.140038681440661
301.1511820930998,45.252757876893085,43.22383419623224,15.128919452673266
303.1270893850976,42.09955662018098,42.86997381182393,15.13890211681979
305.0628384962004,41.640240363231094,42.57675684272649,15.16296431744252
304.34374826509736,41.59548086214833,42.233375713886275,15.252483319608052
300.9258771340647,44.269507246958646,41.96946402159781,15.229171015752769
299.79516812167327,43.77708377829962,41.581217166170134,15.330796326334
299.4885783818742,43.75001398003059,41.31493752885117,15.384935922872062
293.07801572386575,51.11872547992024,40.98719835203039,15.549559348308726
291.9356289349502,56.83496637112003,40.647485449548306,15.489852313933
291.19369998979784,54.62164625009018,40.39368577312416,15.572348639170446
284.41311815749157,54.998976167099755,40.08859449955941,15.68432973878737
280.20502298753155,53.69720553289344,39.862434992174414,15.695166053008446
277.3167734670744,50.24308079736,39.610900677796565,15.714234546598606
278.32303895397484,46.791214218279265,39.31404607638169,15.755262215215868
280.19233291971415,43.77895256080774,38.99250710618443,15.799949847916462
281.59049244568143,43.37258384312904,38.747354815408755,15.762298362887574
