213.3,76.1,5.2,3.2
210.54905908275873,76.1296471658568,5.1999920384478395,3.1999738555886683
207.50370715546558,75.59998601852533,5.199929679211011,3.200032460891064
205.12040050080074,75.93101256328725,5.199854468660129,3.2000194435728404
202.33989468716183,74.54072140168394,5.199786280125863,3.200061858873431
200.28762926291571,74.60691165594444,5.199720159455414,3.200087704196356
199.89043028190545,74.54066305338932,5.199683344747386,3.200179113185176
203.0682021000195,74.40821083353555,5.199665576425754,3.2002699750632937
202.27378534854205,74.27577570544257,5.199602370407844,3.200324113087105
203.39927665318143,74.67300421294189,5.199556168756583,3.200315241957
202.73726198181393,75.2025982158382,5.199513726070739,3.200384664501126
202.60488789024473,74.67294435366199,5.199446480096091,3.200430672401232
203.0021447834699,75.20254797575737,5.19937758002125,3.2004832767111755
201.67810736871292,74.73909880624606,5.199305723692711,3.200530275688905
200.75129421905524,75.33490675561221,5.199233348596344,3.2005778105070157
200.2216998200221,75.202469708806,5.199168040212566,3.200638377506914
200.8175686793011,75.73207876134535,5.19909156946519,3.2006747149265733
201.01620858326996,76.06306707635535,5.199030569479411,3.200729431493192
198.76533176679564,75.53340780413993,5.198970779207291,3.200797758695624
198.76534852920983,76.12919274412835,5.198937254378917,3.2008866802208393
197.83848952712614,76.5264174380889,5.198949787891213,3.2008824940090466
195.9185802609685,76.98982433434342,5.198946429240971,3.2009222613882224
193.73387402327722,76.46018769542968,5.198885869917987,3.2009293489840527
195.38900091353582,77.98284702217629,5.198819146532613,3.2009827880521273
193.4691231856517,78.18143323133465,5.198760514410004,3.20103251675859
191.88024756688188,78.97583854709642,5.198735558777634,3.2011099818211033
192.47612634394517,80.49852435540274,5.198652493913358,3.2011287266565946
192.14514368773266,83.41146255270566,5.198581088247431,3.201175451251335
194.5285092020228,85.92717881376292,5.198504204030675,3.2012111926316966
194.7271253819594,88.4428584483395,5.1984913657808764,3.2012991973750498
194.46234428342143,90.95858137610001,5.19842235046266,3.201349859598586
194.26376306351327,92.34883379709484,5.198361925384647,3.2014050718690634
192.21147694226224,92.87843449807524,5.198297128403865,3.2014648413877196
190.22539783043337,93.34183750229717,5.198224875741114,3.201512610751949
188.83513515080728,92.74601376959744,5.198194763906321,3.2014934456855615
188.10692601544156,92.74598189633957,5.198140149709826,3.2015571922012955
185.45881294555576,92.54733087536451,5.198090987588246,3.2016385865094388
183.8037541178303,92.21628979642313,5.198020646805422,3.2016831451454513
181.75147409919262,91.75283545637535,5.197957015393129,3.201741319408285
179.63299692494368,92.21625354022287,5.197879628107077,3.2017558439159775
178.4413780405215,91.9514214582362,5.19780358720753,3.2017947168351135
176.52152942476286,92.34861579318567,5.197731574055787,3.201841063074579
174.46928375090496,92.81202168968136,5.197651295010618,3.201868024513092
172.4832521860571,93.27542226244034,5.1975708967318015,3.201900368855872
170.43100388149622,92.28236374741299,5.197539740468975,3.2019555769503003
168.97459256492152,92.61336525560255,5.19746146735701,3.2019754938123905
168.11399075792195,93.804987346138,5.1974163891756655,3.2019987326836823
168.37878146673822,94.99660075729572,5.197448812654831,3.2020341953710685
167.38578737007487,94.53317966101979,5.197368781410845,3.202044549789956
165.9293715087823,95.65858173548655,5.197323087172204,3.2021002229474953
164.93636847280322,96.25437327139046,5.197272561538782,3.2021511096946336
166.19422619007867,97.77699662573171,5.197230727133116,3.2021934959247287
166.85628375087106,99.29962142722543,5.197155217488883,3.202235000400625
167.65072672306724,100.4250124386444,5.197111596160479,3.2023129352366606
167.12114727340537,101.94763978157746,5.1970369836185855,3.202354595984256
167.12117923963083,103.40406407839473,5.196973051167653,3.202388960947261
166.6578056921963,104.59569209764814,5.196896415954864,3.2023939426509633
166.52543055787095,106.05210338147094,5.196842042929898,3.2024224334376434
163.8774358202203,105.52249061803224,5.196752138497978,3.2024320843684246
162.4210631821004,106.05207563015757,5.19667993365825,3.202468416873924
160.83228228874722,105.91963792609837,5.196633979759848,3.202543179941917
159.83931135978852,105.91964715903113,5.19656240106054,3.202524714076409
158.581549772924,106.58161614786242,5.196494961069668,3.202581796266436
156.99277906191702,108.56758168119691,5.196449422650818,3.2026344301385308
155.93360883836297,109.75916930537164,5.19639528144882,3.202653093637868
156.5956397954287,110.75213749051291,5.196324993563183,3.202704162724082
156.33087473417487,112.14230845353582,5.196259241240314,3.2027405795383888
155.0069330705617,111.67890677062368,5.19617066538038,3.2027537792824736
153.48440099408947,112.53947407365979,5.19609265730037,3.2027864816154272
152.69002249723442,112.60565391316099,5.196087278373984,3.2028236669993952
151.96187244705115,112.20844930079572,5.1960158407031924,3.202848416436831
150.37314515992728,111.81123102185174,5.195948270682485,3.2029044382576974
149.9759882940952,112.34080489845998,5.195881881749119,3.202930179171194
149.57883411106855,112.34078240763915,5.1958135098787395,3.2029751608128625
149.04928002553908,112.3407590341814,5.195754841899903,3.2030219077283513
146.53379853175346,112.07595210602203,5.195678847087526,3.203052713269893
145.474675169792,111.67874658140084,5.195603330991249,3.20309292250504
146.00429983665416,112.20832230457383,5.195511466088492,3.203098944980604
144.0184355307652,111.87731826169905,5.195437995656456,3.2031400170285287
141.83398651247262,112.40688029293126,5.195367305449037,3.2031598883319865
140.64249174907096,111.87729720739391,5.195296082591932,3.203187948446512
141.1058975269669,112.473035692712,5.195226192556802,3.203235976640419
139.05386564871623,112.00964816073669,5.195155709592939,3.2032710510344056
138.78912487616134,111.54626604630616,5.195073416538109,3.203298563107329
140.3778454020455,112.3405874701024,5.194996835785375,3.203337951022628
140.51026871145467,112.40675371520867,5.194929616835834,3.203395160744514
141.23844358207458,112.4067224783671,5.194866091497275,3.203457634427646
140.2455512960695,112.47288401995372,5.194804313133118,3.203524307946029
138.3921218010282,112.4066546859984,5.1947445707305135,3.203593021125035
137.9949909972133,111.94327335219685,5.194664870866348,3.2036241633185325
137.5316708357842,111.47990356790577,5.194578378163527,3.2036369163396525
136.20782369785599,112.2080231450685,5.194503476116213,3.203670809861259
133.62630007741598,111.74465150684021,5.194422429192048,3.203698752609375
132.5010458927232,112.67134121426554,5.194349119983622,3.2037395436596783
132.17010627706063,113.3332424440499,5.194294630616991,3.203804525474527
132.76588036109075,112.86986743930959,5.194229671652711,3.2038453723249933
136.27416587379068,113.73035909826226,5.194155677210492,3.2038896280507734
136.14181124761257,113.79652696650905,5.194092186991432,3.203940262844829
133.89127546543418,113.39934193445305,5.194030497632918,3.203992693948272
133.36176011268893,113.00215809654847,5.193971358814788,3.2040429865259723
133.42798591066762,113.53167404719089,5.193905953976576,3.204100614194431
132.1041507053912,114.12738783490931,5.193852735372931,3.204148671878016
134.28855363807884,114.19355125325193,5.193791250106649,3.2042080285294325
133.95762368893963,114.06114072145722,5.193719788823536,3.204256548294244
135.08293542208406,114.0611194672869,5.1936586113598295,3.20429905663489
136.53920291662024,114.65681710948614,5.193611556077045,3.204376108786688
136.2082725370843,115.84827643615118,5.193540263706943,3.204412840647556
135.48018079155347,116.3116074157764,5.193478211464707,3.2044525907723425
136.60549626539446,116.31158890965511,5.193404109761994,3.2044896030149186
135.81121929857278,116.31157071941743,5.193335553882485,3.204525983490279
134.68598755283753,116.77489957375583,5.193257600241536,3.204561811035864
133.6931375052914,117.37060271030191,5.193194342948635,3.2046135493748107
133.16363476064674,117.10580842152942,5.193126660504654,3.2046655410531626
131.04552243944184,116.70863529461725,5.193063075492178,3.204707752235825
126.80919457345456,117.30428219253683,5.1931579130174335,3.2048678321786177
124.95579764508123,116.840896955004,5.193090584004669,3.204923010804445
122.90381467088343,117.4366092593458,5.193034132775534,3.2049887762054126
121.91093591462068,117.37038331389356,5.192970415020287,3.2050525850912175
120.12372315659908,117.10556717894356,5.192914471545072,3.2051320461736617
119.46181325108923,117.17173392940242,5.192847240782715,3.2051872494341485
118.53512822103089,117.37029351547173,5.192776538353302,3.2052339549839823
116.61553250650977,117.37027313692053,5.192705770879529,3.205274712086375
115.02690578476027,117.50266028700112,5.192647797408949,3.2052763633393098
113.04113650359062,117.37025244874961,5.192572432197697,3.2053177780056377
110.9891727981201,117.30403588294766,5.192512238519405,3.2053642126863626
108.93721932571849,116.90686108315964,5.192435320286955,3.2053943549006507
109.40060124282824,116.77445771256227,5.192372983239444,3.205429239760553
112.57788541974881,117.83350740009375,5.1923124612262574,3.2054991419735885
113.5046185911469,117.43632027816398,5.192248034233881,3.205558279060087
112.64414515415226,117.17152341737126,5.1921784481624575,3.205608474472991
111.65128331836426,117.0391100674449,5.192116874161321,3.205663808248786
110.92319328451686,116.9067012864555,5.192054329237783,3.205709986115132
109.79794847804133,116.57571944809544,5.191989905295558,3.2057460049254582
110.65848510359153,117.17143527243401,5.191923876919343,3.205780895057333
111.32043953862394,117.1052162171879,5.191862678122734,3.2058342384227414
111.32047226308835,117.10518665379102,5.191797229193932,3.2058933652164887
111.25431203804742,117.17135640142773,5.191732916360312,3.2059386328585693
110.8571883929233,117.03894070225697,5.191672844182456,3.2060009103913973
111.18818269865722,117.3698719845788,5.1916077799090425,3.2060618929421545
110.46009809866588,117.89938381339347,5.191544604387547,3.206116326588555
110.19535588625496,117.50220763462077,5.1914901050589295,3.206160297908267
109.73204715411548,118.03172775139593,5.191414989136474,3.20619729887388
109.40111955367034,116.97262700088675,5.191349443443326,3.2062524108253454
109.00399512268065,116.64163897685607,5.191293737112098,3.2063079852945187
106.62111372789845,116.70780769584093,5.191225468354326,3.2063547433893103
108.34213279921556,116.24445176250258,5.1911702639518325,3.206378895926697
110.65888119615803,114.98679200904526,5.191097250704955,3.2064112076378075
113.24038596006112,114.72200409737295,5.191024095351433,3.2064550953462785
111.78420444642136,114.98673099942576,5.190969375327443,3.2065317907503688
112.8432909243956,114.58955047184408,5.190925991810371,3.2065942562519827
112.57855538377004,115.25144747344079,5.190863066423912,3.2066352696525193
111.18856268500284,114.7218957994824,5.190800255838729,3.206672633523732
109.93095518495808,115.18521371754764,5.190739503284466,3.206717337840947
110.06336877724533,114.78803512996276,5.190677870359263,3.206777858062856
109.13671515753686,115.25136071826094,5.1906249082194025,3.206806782244892
109.20294910171572,114.7880109205262,5.190539583257498,3.206828433943588
109.86488987517237,116.31037338564641,5.1904744865809125,3.206881339247587
109.66635588386086,115.9132091651632,5.190397789855491,3.206920421517164
110.32829962030455,116.37652557796676,5.1903209780217985,3.206955058647621
113.43927199040783,117.43554312688363,5.190259526733154,3.207007888956159
115.09406876299875,117.70028969652968,5.190177578154092,3.2070366051204817
118.86692124870031,116.17789991962361,5.1901164063080225,3.20708269595345
123.1030079521059,113.79497024777153,5.190235757852949,3.2072773630823193
123.83116131419453,113.13302619749184,5.190160333132035,3.207318827772277
125.15504011670426,110.08816627501767,5.190087314492606,3.207364124046544
123.43408522638457,109.02907271772338,5.190015797257654,3.2074089014816716
122.44124923534667,107.3742632385873,5.1899341296025625,3.207438443535704
121.8455562676024,107.96996972730844,5.189874444504448,3.207471086680087
120.98510443911697,107.50660492089814,5.189805598658364,3.2075231979838335
118.13891028120112,107.04325216317463,5.189753078188578,3.207552298219021
116.7489279092687,107.04322863775788,5.189694846478578,3.2075993490525225
116.2856244778319,107.57273750318063,5.189627951008731,3.207637342028077
114.3661187924619,108.43319972508802,5.189572896599577,3.2076737094870666
113.17471397652798,108.76413097720133,5.189517561802043,3.2077181404452673
112.18188974844878,109.35983100764402,5.189446437676193,3.2077498277304652
111.18906100105428,109.16124521943715,5.189392376151041,3.2077790928813763
110.79194731910229,110.0878913491384,5.189337031572273,3.2078131532719607
112.04959679263915,109.42597271012545,5.189261773978057,3.2078484894665436
110.59345694502244,109.95547430794454,5.189188977429687,3.207882563567173
110.19635898912016,110.08783688680911,5.189110055499964,3.2079156837494716
108.67403828049541,110.88208823282396,5.1890457235756005,3.2079551217235287
108.93883068629926,112.3382345396486,5.188973748841154,3.2079831108771755
108.01222130591539,112.66916290324299,5.188906124873429,3.208014378236755
107.35035933423592,113.33103456881338,5.188858972809224,3.2080421425191328
108.07847192045907,113.86052624393987,5.188779361071744,3.208073745508929
110.13033532277953,115.44902175135897,5.188714910434086,3.208111649899086
110.65987280805585,115.97850609487223,5.188646944755117,3.2081499677462384
112.51316494134505,116.50799019094086,5.188576687002123,3.208185778130536
114.10170432803092,117.96410020336509,5.188499068078274,3.2082168115259715
113.17511719764336,117.96408307278135,5.188431669106969,3.2082510726934537
112.64565174386257,118.3611911379474,5.188370825557871,3.2082787556943515
111.98380398920119,118.95685931921594,5.18833112526045,3.2083040818154815
109.73348388087513,119.08921829838435,5.188277390408962,3.208332826508276
109.46875780377499,119.61869946845749,5.18823743033676,3.2083547149069065
107.74793431982023,120.14818333520807,5.188191674423766,3.208369357966526
108.74076406920756,120.61146534281349,5.188117512347063,3.2084118332147438
108.8069834090632,121.14093490457857,5.188050790097632,3.2084483693793677
107.54948122600915,120.54524603246371,5.18799531251343,3.208481977123266
106.68909338979472,121.60419835047034,5.187944036081501,3.208518201246404
107.28479656419145,122.00129413917625,5.187877985924802,3.208553489592431
106.62296240728892,121.73654238417457,5.1878388341538715,3.2085740133653906
105.69639123175574,123.06023500547781,5.187794127298603,3.208598853504075
104.10798429126018,122.5307408676736,5.187721982674341,3.2086251205740344
102.7181308968607,123.39112746150425,5.187666982375548,3.20865684997325
101.79155624819916,123.45730490337995,5.187645835450999,3.2086712836681155
100.99736215359228,123.65584775186542,5.187603107159754,3.2086933160734032
99.6075062019391,124.31767658901171,5.187566590954747,3.208725365357685
99.0118634253792,124.45003287781502,5.187531463463785,3.2087507167756724
96.96017606622931,124.97948918067699,5.187471388140401,3.20878902553513
95.1732250195298,124.58236289453333,5.187421076707235,3.2088299523041885
93.78337366059857,125.64129318289221,5.187384409568589,3.208866049872991
92.7906214396933,126.17075754898704,5.187359844287514,3.208886121465516
91.53314492670371,125.70745590401611,5.187310040021635,3.2089094213171
91.20224797202947,126.63401671365685,5.187262878760238,3.20894279974328
89.01818847689408,126.83256099801184,5.187235610013922,3.20895843639846
87.0326810333412,127.29584272640855,5.187212828423564,3.2089704356341024
85.7752101948521,126.83254369706536,5.187166644028438,3.2089940190777226
84.65011445400616,127.42818039441629,5.187110870866584,3.2090279945925526
82.66462378325777,127.22961704806539,5.18707560239696,3.2090530262976875
81.73807620741376,127.69288940404792,5.187031177946732,3.2090781024017616
80.34825994137572,128.7518119884313,5.18695948795504,3.209102817115148
78.23043005679587,128.75179431556793,5.186900658677697,3.209138162841888
76.8406089392242,129.67834025971786,5.186858613808961,3.20916912788346
76.90681227784042,129.81069846944752,5.186817745211876,3.2091843256948356
76.70829563853924,131.06816163485837,5.18675467302505,3.2092015498711217
75.45084691502544,130.53869410958174,5.186721075255151,3.2092182657728086
73.9948603252474,130.2077698289323,5.186673745497916,3.2092439840459335
73.20068887096383,130.1415787628249,5.186645163988374,3.2092618254209775
71.74470428702362,130.20774939525836,5.186602764054965,3.2092847227274572
70.2887173227978,130.0091922014576,5.186570651992472,3.2093073775315797
68.50182108688816,129.94299973742548,5.18654024040335,3.209328495099239
69.49455943911839,130.5386287133672,5.1865191809922555,3.20934393024542
68.03856733098472,131.06807717889166,5.18650301863969,3.2093562277855625
65.65604535421052,130.14151343380877,5.186456718505829,3.2093930637415835
64.06770237037115,130.53859314104065,5.186417633078466,3.2094149125543123
62.54554182832143,131.20039480941017,5.186382246594029,3.209444823895238
61.28811629518501,131.13418539707365,5.186330655346381,3.209500350804063
59.832135645303914,131.46508196993943,5.186295838193972,3.209524504371255
58.839419671813744,131.99452892840904,5.1862776248237505,3.2095373396189633
58.04524917674917,131.72979443569275,5.186259173214198,3.2095531778053217
