55.1,74.9,8.4,5.0
57.34402507299782,74.08314922449648,8.398479262116767,5.0006404654556444
59.876991359148775,73.23820442134297,8.39674912446332,5.002462593546493
63.25360078521159,73.13258087539846,8.395960714759665,5.002696234109796
66.41913957751652,72.39326802700158,8.395050942390956,5.004282774713966
68.3189795112642,72.39258759498071,8.393711462778816,5.005643638755719
70.85228670909531,71.75889688467277,8.391623668672777,5.006893408982565
74.12339096001156,71.7578301578964,8.390782639138925,5.0090268625353165
77.1842255117512,71.6520010529447,8.389142729066851,5.009649583010846
79.71736995715817,70.80714472750404,8.387368923801006,5.011190538709481
82.14517551041304,70.70141980156909,8.385241417649858,5.011619364476851
85.0996563705282,69.9620820631056,8.384178426559773,5.0133201591187655
87.63245382104459,69.9616663644829,8.382807352646596,5.014151556364176
89.9540189225735,69.328181447863,8.381740346364895,5.01510415411956
92.69770075006035,68.48333379257078,8.380455747995784,5.016775139594914
95.2306199766611,68.3774355574812,8.378908768767003,5.017559465025203
98.3966760953445,67.53257668443354,8.376863934841658,5.019259236869495
100.08569552698165,67.42716645945859,8.374831836944796,5.019079263983292
103.25093292542599,66.58194011089581,8.37336286613852,5.021797074153527
105.9946303730738,66.47633231594101,8.371733083323626,5.022021698198506
108.31593544085914,65.63139889287504,8.370469823915618,5.0241260439076285
110.11021229117101,65.52579616662413,8.368696502360564,5.024344415287779
113.48570474273876,64.6801466100045,8.368564854338693,5.027930214748625
115.28032972326793,64.57445485507677,8.366707110964635,5.028290652975603
118.65648187024867,63.72885548610258,8.366444291726914,5.031479022243034
120.45144919796162,63.62286970576692,8.364384764947737,5.032399104758664
122.87880014532846,62.88295738617538,8.363514761483238,5.034970559642425
125.72882955805461,62.77725985558878,8.362258255968277,5.035298868225337
128.1567826829899,61.93200603914472,8.360581459436968,5.037378865169378
131.00728055052969,61.82637012902664,8.358302208324552,5.037587111925268
133.4349989146645,60.981096755950546,8.35662158983247,5.039870863372228
135.1237996489581,59.60995747025668,8.355762310448906,5.038546406031998
138.50066394016798,59.6086245732979,8.354385866942154,5.041212199949555
140.29505183762393,59.18644564811247,8.353214672963034,5.041427791277418
143.56666842899492,58.34137719782586,8.351652011257132,5.0433916541639014
145.25478530899713,57.707891275037824,8.3519218719786,5.044174641967765
148.52682548836242,57.70703754436602,8.35035476959716,5.045882103311381
150.21555314640221,56.96757781809951,8.349767293766892,5.047421875735344
153.48757495389808,56.967088390093934,8.348941275985382,5.04840073174649
155.2826105215737,56.12176594383218,8.347157553490336,5.050439782925907
158.3436336637037,54.53797813994063,8.346533283145037,5.051762624891032
160.03331170300473,54.53702017215895,8.344722407086804,5.053678560454386
163.20082024175932,53.79723842611935,8.342761121296617,5.0555290344658035
165.6284394300718,53.69082719970272,8.342909447712866,5.0572477176016255
167.42310152344274,52.845364613572386,8.342882709944693,5.059091737404094
169.95787849723587,52.105162971506466,8.34131303988316,5.06133294059121
172.59735891677514,51.04933339645687,8.341862775831032,5.061187860679855
175.13210097917445,50.203152639601065,8.340848056788577,5.064059572472754
177.87894589424673,49.67460175217369,8.338869471224678,5.065063031061994
179.98973668486332,49.67345589146242,8.3414266132772,5.067354752484545
182.63128488378342,48.93263429027774,8.340435792264307,5.07000839334225
184.84978843437187,48.61548702067389,8.34102927384479,5.070359992156025
187.38494943776993,47.768155427837705,8.342607936780963,5.074389621250967
189.49982066088953,47.133026518867084,8.341290069898973,5.0761200653850524
191.93027576191943,46.28620931803757,8.343287040650393,5.0783084938923375
194.8916046572607,45.43871639699819,8.342569280639186,5.0813114700650175
197.4305765642903,44.80310570828383,8.341536489360642,5.083305091798561
199.1211405875934,44.69636595257686,8.345307878016193,5.085228388508642
202.50751784622628,43.848146529817114,8.345209673512217,5.088503155837678
204.4134249190397,43.3182214385506,8.343986938574915,5.089855724290283
206.74024591331283,42.36385076778808,8.347834141132063,5.093260578545753
209.49123059777622,41.5145497557243,8.353174156502169,5.097305869043474
211.50240756073242,40.7707245143448,8.358220344168036,5.1011773625894365
214.0480457360737,40.663148585761,8.357581574394946,5.1042193205524775
217.1211485684728,39.8123995095414,8.363778886522933,5.108502858667225
219.77541164855992,39.06819426508812,8.363192447206066,5.110690225733724
221.7929457104098,37.899226585345126,8.36269493751334,5.112821545531419
224.23080152969803,37.896817100732065,8.37159541874895,5.117640514757544
227.2049795293834,37.150808568270854,8.375757334417958,5.1215281009200115
230.07685949017394,35.55366586897321,8.375393332114928,5.125037988805263
232.20218076793432,34.807610588433235,8.380197525012091,5.127742187938942
234.75677179944788,34.486805262517244,8.380384964143486,5.130681652001113
236.03063057976493,33.632733270638774,8.387983346307395,5.135281673892688
237.73254733519033,32.88595785887344,8.394312858115143,5.136886175010253
238.584942194756,32.45737986571287,8.395583680337648,5.141011890654456
238.68725177658507,31.601080060542785,8.404311067562054,5.146839093934301
238.79007422988562,30.85178667143765,8.412242669349443,5.150390313425332
238.36146810224304,30.7424820719215,8.41443110843149,5.155243558406855
236.86024062426083,29.884437113516743,8.422691276910331,5.160365025224585
235.7855114018152,29.133795454069748,8.43132937390039,5.163074100587736
233.31765868097733,27.525739031323255,8.439104293624384,5.165319214373068
229.88463593453258,27.522819073160314,8.443939579969774,5.171159130698951
226.55438776403227,26.77117526246595,8.452318071784475,5.172355624852159
221.82657691060143,26.661511296514785,8.459787328869387,5.176952819259559
217.09311576319715,25.798101941473583,8.470188218800871,5.1844040011824974
212.46182377951686,25.044275018121322,8.47901851906779,5.185632832313641
207.718774397071,23.426355060052256,8.48940037176119,5.1911147102023545
204.3716691284827,23.42220098825823,8.499818811629163,5.199422853790411
201.88518320676278,22.233135745550044,8.507007643758039,5.202613638145013
198.6394607997368,22.23118907925988,8.516479203956836,5.206506970725334
197.12073929170893,21.470847309413564,8.526083807888265,5.213271304355795
194.62427352305335,19.95192118495118,8.538751797304728,5.219658784996817
193.75217187368608,19.841232906661997,8.548299786421907,5.224203427873016
192.87895303129343,18.970887039828824,8.558317546105528,5.228475236437657
193.74076102055474,18.20604290871986,8.572905648705364,5.237234927673438
194.17051695356602,17.549096307649606,8.583966919027052,5.245268425297598
194.9285135064187,16.348082486690075,8.5935938287521,5.249893185825983
194.92197925311575,16.346138652759606,8.606662335358038,5.253780853686916
195.67942827316347,15.578154286308006,8.620782864279812,5.260731017572887
197.42146225801446,13.933428971174498,8.636895858924632,5.2687619937648025
198.51105273631123,13.602872644329096,8.64911157889168,5.27245564448743
200.26027508195932,12.612844538359944,8.660841798164393,5.278038469230729
201.5708768698253,11.621933205367162,8.675521064992394,5.28294900329632
202.99243795237098,10.848564368412372,8.691889551094716,5.289960941947735
203.0943035903309,10.184390599650131,8.70848401344945,5.2963540498250445
205.4032329031405,9.519806382487861,8.724980177944241,5.301421115545575
211.36150481486982,7.858996166514567,8.743377156375015,5.3077802136339995
216.0051873565884,7.746391137249699,8.754885437731295,5.31158852538294
218.87930303191575,6.857929152444641,8.769275381422261,5.315398250578985
221.5355855079658,5.858469356098828,8.782793780814215,5.317036586461122
225.637453644465,4.9671443831818385,8.798646904372447,5.322478014120689
227.96491513475502,4.185942178532342,8.815836707516954,5.327511495511508
231.52225086091266,3.4044608943910752,8.831572013947698,5.330697585318337
234.973251102172,2.0645132325183964,8.846156803474251,5.33320506182041
238.09272411639407,1.391765841445253,8.861774668124664,5.338436152589284
241.10646592746141,0.49670230271405824,8.874208188856896,5.33895815068371
244.2372178859894,0.2736499092543556,8.881798546443516,5.337270489414359
245.68935954241277,-0.6213323890175952,8.889275430261144,5.33538265724172
245.9114097479655,-0.6203495504103751,8.893298545595126,5.3334169800272795
246.02180781480524,-0.7312925955806655,8.896591195091789,5.33121428719175
