296.9,108.7,26.4,13.0
293.9613568417242,109.70832804832702,26.345510337124356,13.06570389048798
291.8202636041781,110.30279424441062,26.310000305302232,13.110399071724892
290.91853268026114,110.57920978496284,26.2622570282485,13.174636365582941
290.6600779562942,110.86207775703924,26.161684787425344,13.226382110187267
289.18270892941985,111.15415688103516,26.031947336735982,13.259118963083045
288.3426575577298,111.12338206568371,25.865415659817554,13.320668593785943
287.805097859002,111.10247478577034,25.71223964475502,13.362483153612697
287.56341437998407,111.42970678641501,25.583003744441395,13.32062201067288
287.64782972736634,111.42634202603132,25.414173049676858,13.327351531440248
289.55036704816257,112.03953545305833,25.254547106808253,13.316114243627522
289.6280083694064,112.06007898602486,25.099264464320505,13.275027177694447
290.3314197169033,112.05934443208166,24.896435675930363,13.276496285580869
290.70230600707725,113.29939988790301,24.753673379283356,13.192426508741635
290.5040628026164,113.3164881110394,24.55472141789076,13.158250062468854
290.596274285101,113.32178106920595,24.37029845292144,13.147664146135751
289.2121408002013,113.33943654676486,24.193723236042977,13.112353191017954
288.36945397781784,114.26659116344133,24.121895281846967,13.01524555662791
286.4238567715593,116.32418997218059,23.93214130617145,12.980996327341924
285.6449379949948,118.0842458101151,23.751238077817433,12.938366214439068
281.70410294489767,122.14184739965454,23.56674472440334,12.889326488968647
282.0860891764389,124.44741491687624,23.37533679307675,12.858707708572654
279.89408296229516,126.20516280058499,23.20584780017076,12.758338007050273
279.67505444117785,126.52256592176863,23.078966828167918,12.68846977892035
278.0698021974414,129.08068128484027,22.918387841709347,12.628864263674506
277.83357923264083,129.40115654898585,22.832402902499442,12.546344604194308
277.90295674069597,129.4349407825898,22.693647886389158,12.47877613698644
277.9845099419061,131.66209003642905,22.5305414839689,12.444507723857194
279.9598041896842,131.69794154716632,22.426347951041958,12.372804702382659
281.4106861115391,133.64535325565123,22.25808787578783,12.304886561250857
283.35367144733556,133.67651296779775,22.173305521000188,12.242567136957799
285.57869402326156,133.71171694766713,22.04880530029029,12.17215917721904
285.6532976043313,133.74676776011077,21.89959813815069,12.102057552331768
286.79004008337876,133.7659066154069,21.762917544955194,12.063779841739496
288.46268721280813,133.79149694937504,21.606663771262873,12.012599173803183
290.36663524844425,134.09187543610776,21.496859767792305,11.9401410671666
292.27782561575475,136.2247307415194,21.352406724777076,11.877776389607048
293.88838013282685,136.51433317696765,21.2644632166598,11.820765773048393
294.72152845774207,136.8006360224333,21.15788059828253,11.768064759268109
296.2896107644571,137.61932074028667,21.12618289665858,11.682928779464461
299.700188384664,137.8910610133167,21.006230017855376,11.65492533814368
301.80664914552455,137.91707920933865,20.898975868059246,11.602888946099782
305.91435523335457,138.19338266078591,20.85502486154595,11.560998366276925
309.513152378497,138.4704273441211,20.788219157399254,11.516251041473533
309.7843737184416,129.11043643742298,20.753354489621664,11.455846406741168
311.54924079196496,129.14084946140514,20.76576763372965,11.395020358776858
313.8247126215634,129.41077277735795,20.761269594508477,11.360334351312904
315.86707518448804,129.4345929708646,20.712521974445178,11.312693964299607
317.1249652140383,129.45319336063645,20.711501785459593,11.275493184755945
318.14309865389566,129.71717126878272,20.684421521021935,11.249834022282617
318.92036842197,130.4826071904969,20.63423798665324,11.223318180634317
319.1564250376177,130.51020850533067,20.662373549076413,11.168115550966794
319.42322018409914,130.53518390645797,20.628499965919758,11.118164748712156
319.64300300959326,130.31676648339888,20.6872865419274,11.056647367834435
320.393469396922,130.58464317008873,20.680849116289483,11.019059110794634
320.15955656678034,130.6020417988742,20.651254038858212,10.984261853223659
320.3746904670971,130.61372569802165,20.71736662080464,10.96089405492877
320.3464193222987,131.1266525906519,20.773908910401428,10.928957128605356
320.59633643655064,131.1330904548881,20.771320221068414,10.916081400132944
321.0606902107127,132.63447226864957,20.83658157129598,10.89522446826485
321.518480321588,133.38835384163454,20.916184656132767,10.880236282176044
321.75466725688887,133.64857183346354,20.94232322891294,10.858312741900036
321.73318672442923,133.64998949900527,20.985284293832283,10.855477410816558
321.70894219002275,133.65976622881598,21.033773362645256,10.83592395119511
321.69005203860326,133.67805310068164,21.071553665484167,10.79935020746381
322.3945018790046,133.92662392031417,21.160889330745643,10.801620350220107
329.8771830274767,132.18375868865297,21.21873625844028,10.781935327793448
334.1228669256442,130.17885653902704,21.249259322280853,10.781438045786235
336.08576312920076,126.17344686758071,21.337311865335057,10.764567488344245
337.80260659075327,126.18421097905625,21.422801893317054,10.74303926539317
341.0372883109628,123.1689012786623,21.500611755713404,10.73011407896672
340.2511038424827,123.16831832278332,21.559320616070217,10.731279990724687
337.9542734373831,121.41885288517813,21.60401334348846,10.692124579327729
334.875787367726,120.9277336025709,21.695966531243457,10.66352665261565
