304.1,101.7,15.6,5.6
303.115439024495,99.88082254884566,15.587558601134761,5.6208526359746696
304.2709553256652,100.03769629883202,15.568242464824994,5.634493202577732
303.62653450697815,100.68426594400874,15.547653968935885,5.65078404548761
304.1271945192518,99.53057175915077,15.528403910477282,5.666675827662993
304.13931360300074,98.70612216185492,15.504165742979469,5.678736949830999
304.1480009868114,98.6973448215471,15.486790975358138,5.696291630446645
304.15784834647366,98.36291918976497,15.467096256033601,5.710533911486689
304.00162757642147,97.0441520729729,15.452259385124373,5.729840856962223
303.84876514655804,97.36395007341612,15.430569970103505,5.7450734055712065
303.8525287470766,97.3588710440082,15.423042769066427,5.755231464387079
304.026242143947,97.02358957305665,15.403068134472795,5.770890087995596
305.0164189120878,97.99736519123437,15.387396200891684,5.788020454340562
305.18890067066314,98.31926536926079,15.369963094609709,5.799280920025347
305.6878902211635,97.16636103020043,15.354429764970458,5.812716131636063
305.3721493624181,97.1600105793127,15.330911163882343,5.825417033411522
305.0552907825429,97.31835024464526,15.309849711218662,5.836127008953388
305.0680686897279,97.31317746981746,15.284293896848704,5.846472558608991
305.4047197930707,97.47026142495328,15.26518083947904,5.859399222995279
305.25269606361087,97.4637730989343,15.242177198134593,5.872375875033255
305.59190465862787,96.9701112101077,15.217663925046187,5.8788437772682425
304.4593878075896,97.12879982901953,15.19570453922473,5.888179837715707
304.30862438386333,95.98117038807021,15.17066808749315,5.8974956253254
305.2947953587726,97.27955057489265,15.156535161755906,5.911680617122192
305.13843487512173,97.10617800322322,15.142837306037158,5.932006937440582
304.6603432456706,95.95989739707923,15.119261852020141,5.938464486250299
303.3646956526502,96.11818921718256,15.099674211336138,5.948241199384249
302.0662836571732,94.96965714059823,15.086482267482152,5.961541409595828
302.0782883701721,95.29111778892847,15.062472841484203,5.9712196222088325
302.57676283184145,96.58981072982881,15.043899350619391,5.982834893671809
301.1169998001806,95.28096746249909,15.028847948302714,5.992008125541659
299.82406246299155,92.83218178995108,15.006639938155644,5.999424437152804
299.82920610161716,93.15233708407963,14.99635266090449,6.010755574542384
299.0237086695394,91.84117813721731,14.977973395126003,6.026074860372763
299.1975512854051,92.15989147275049,14.956170789285093,6.040413441087284
299.86153989093,92.3182628483574,14.931484964947558,6.049493536551503
299.7093248344297,93.28964217461883,14.910288429335575,6.060494775703921
299.7164505232234,93.28256947953206,14.896037051748156,6.074640165877473
299.88674272156834,93.27764315138842,14.881014211544333,6.084492822164746
300.38575829138193,93.2717000594884,14.859541200133599,6.096379005964798
300.068551028335,92.94306638252795,14.843116540075359,6.1028071737335905
300.56310816782513,92.6150411333771,14.82988876321954,6.108266670618975
299.7568804648208,91.14820303872082,14.816341348331266,6.115137782317336
299.7695511283145,90.8201472200452,14.791000021344006,6.120997083742651
298.643098652226,89.67615446842518,14.769872125423715,6.134949738885428
297.5188712914522,89.67134330615238,14.744703102761182,6.144572063431038
297.20544182836403,89.0168295739837,14.72234498901084,6.155165447915279
296.89251754177974,89.33538266436692,14.699249973899075,6.1670028554291685
298.0384098252398,90.62634225354665,14.677889947265099,6.1798545802537355
298.21363617705373,89.32583851423428,14.651701382992321,6.186748944037057
297.5777659257397,89.64506335152234,14.627421481309225,6.196309471616519
297.9141715524813,89.15478332030813,14.602252808670334,6.205405662778401
298.4123370210701,88.18012628028652,14.576770125063613,6.2130232356799855
298.4235913367874,88.17452277276172,14.554261493628953,6.224230250729591
298.27426247309467,87.03858785410817,14.529668508800874,6.233345102542087
298.28659056189906,87.03721525017042,14.505012331192068,6.236090310417581
298.29667442639294,86.39110716983424,14.48484460220439,6.237336373116008
298.14857246763444,84.93679095553479,14.458578412846355,6.243737839839768
299.125972029172,84.93023957094779,14.43698039029126,6.256840609013769
299.1365700937459,85.08797962447728,14.415784261143424,6.263477896263701
298.0220218190459,84.4425136294289,14.391402404662237,6.2667079401426875
298.1965207456145,83.95783852044897,14.364030979253762,6.2711788749162585
298.3700590910708,83.95456116690434,14.338259891096598,6.27773358200552
296.77676272436184,82.67011078767993,14.314402230981377,6.278274025627826
296.62723693687815,82.6658868197911,14.292748112407288,6.2867219614055125
294.8761057095679,83.7834845865216,14.2690846446066,6.2952974694852495
294.88668396204855,83.94172029200027,14.247928139645271,6.299170538561783
294.5782359907317,85.21804401185328,14.224617090211147,6.307351067127181
293.14970531028706,84.09715028023423,14.20251380050234,6.309788246566715
292.68391401783924,82.01801574693305,14.175216113188968,6.312909466930258
292.69605046925477,80.89701133455347,14.150943210357928,6.319942058023846
292.07185619127534,79.46029956602041,14.12312663335088,6.321904045916909
292.88059673223427,76.11685624118032,14.099038295457738,6.31654117069345
291.779213351561,75.31907286037415,14.074189113867984,6.320953687351335
291.9522414432129,75.16064623943018,14.046077728951309,6.319862130852081
292.12247805454024,74.99801178542965,14.023118094254695,6.327617450895224
291.49980216561914,75.62958157339997,13.999213391549723,6.333734355501758
291.6719105722126,75.94702009565816,13.972068318778657,6.3330007918169535
291.68370048186665,75.94433722283125,13.948488499470502,6.33836653747076
291.69481196173854,75.9400186629185,13.926265539726694,6.347003657296269
291.54878353510526,74.83340355366514,13.902086183611404,6.346580410130307
291.56112663179863,74.83219153704637,13.877399990224717,6.349004443367857
291.5741878379994,73.88434885572809,13.851277577823229,6.351362095871064
291.428119622687,72.78004793035453,13.828201143107261,6.3534738892329425
291.12555946513635,74.03861120646049,13.803498641061982,6.355638605607364
290.1926026824141,74.03561049850316,13.781890492913098,6.361640021522022
289.88800115601595,74.03151116919886,13.762342703740298,6.36983868013062
289.89995581252407,72.93120424316355,13.738433390724014,6.370823441988193
289.91059047995583,72.77078894310407,13.717164055860518,6.377755128017966
289.60676179438786,72.76780448669456,13.697404529548958,6.383724040836962
288.9916329299229,72.92234074302547,13.673569742707857,6.388174657117912
289.00452931065,71.98357359517564,13.647776981253593,6.386202114171379
287.9210432263794,71.98098711956418,13.624887407075274,6.3913750653942945
288.08970961629154,71.3545468334662,13.600146464397742,6.393888289003083
288.2564439902368,72.28753431876473,13.578949965081968,6.4015468098544765
287.01957192185785,72.28533217715976,13.555933674941336,6.4059510930643935
287.6534592230457,73.21663003237128,13.535494490799762,6.414358509992533
287.50550718419373,73.21530451227012,13.519717847984863,6.417009550194852
287.20186407852,73.21469663523726,13.50401385135756,6.418225304260565
287.3693128777377,73.21373349515271,13.480401598506079,6.420151584429676
287.06791677206564,74.14224401115578,13.461250557111413,6.428960310639878
287.3918233714897,73.2112460261802,13.435125650479574,6.425891403942155
286.4715081697362,74.14142032193826,13.413321551931794,6.427977314480853
286.32831360083554,73.83022488621954,13.389589438496806,6.430125683446
285.87468776307924,72.58872503708766,13.36741293873447,6.434650247642946
285.8843925140934,72.59028576376902,13.348003436706152,6.431528794280198
285.74137817549723,72.2826844544994,13.324810700412884,6.428288585848308
286.679476490464,73.36250953116499,13.301552169143829,6.430399547625858
286.3813299973031,71.818465215953,13.28081063251555,6.433315563299328
286.08399551278507,72.74488362333254,13.258954368604304,6.43005444738215
285.63248750992074,72.74444077983871,13.238320026056062,6.430940134369808
285.6374093437648,72.59042628264429,13.228476358367956,6.431374343472023
285.3345518808363,72.13356061741024,13.219276752423216,6.422733876237374
284.5771225124882,72.13121657444782,13.19828260521665,6.427421962162225
284.58646385177894,71.82497279358134,13.179599926635083,6.426023473893999
284.59687318846903,71.82344751973983,13.158781253254952,6.429074021577006
283.2291505536551,71.82372415415624,13.136721827548111,6.428520752744183
282.62744486478704,70.75103186866562,13.115915625414834,6.431524558954024
282.63799674126614,69.98473000173443,13.0948118724566,6.435128566265647
282.49554192764043,69.21875717719514,13.074169981843914,6.439316626024257
282.2015035457473,68.91368672847742,13.051606693882931,6.438817471712411
281.6002210218299,68.45223474667812,13.034258470441141,6.446786481853548
281.61005123537535,68.30106523995367,13.014598043350233,6.444264233984547
280.55437902204005,68.60522390783805,12.9942533080809,6.445000944484337
280.56351328226367,69.51889964881693,12.975984787633656,6.443086365118562
278.5978162758208,71.79622101675163,12.956206324183723,6.447488794251941
278.4559115893377,73.92038475856148,12.936294716583498,6.451255038562674
278.4659542678847,73.91842685202262,12.916209359489434,6.4551708516403945
278.4752486340172,74.22464536702353,12.897620627224434,6.449261757715704
278.4866175406029,74.9835613854962,12.8748828140531,6.445861729555904
278.4963361133435,73.92292171037319,12.855445668571843,6.449702588356973
278.0524928125847,74.07165348556761,12.836319768215148,6.454509871926214
278.8172084246083,75.12660663400463,12.817247566909067,6.459106206889494
277.6189512391068,74.97304165406244,12.798803365543929,6.464366345227863
277.6284085411291,74.9708240556474,12.779888761499326,6.468801542057941
277.6377461666926,76.02365279420543,12.76121351037242,6.473545981041347
277.49646169490495,78.43155462190354,12.742490229692686,6.478417913725972
278.1066846077736,78.42714063799114,12.726443963583272,6.487245881550767
277.66580775596873,77.67454404171383,12.705150238104121,6.487360025623878
277.22390677762604,77.8223910113223,12.686844259468746,6.492368731513825
277.233733087475,76.61908726027893,12.667191639770845,6.49482714609866
277.3928444606147,77.51776211108896,12.649239245240803,6.499099554974708
277.55261845480703,77.5163582605095,12.62976991746119,6.50190725613362
277.7116388204487,77.6648350112084,12.611568214960474,6.504792783518448
277.2707626315544,79.90868641127419,12.594462201823776,6.511381938012703
277.4298714959956,79.90688820712283,12.57572475458612,6.514978346315415
277.438700912681,79.75454413077648,12.558065921215304,6.52040152747689
277.44733877087737,79.75185055795178,12.540790204822574,6.5257886731262715
277.45598116942205,79.74906161279388,12.523505407733227,6.531366563442078
277.31485402049447,79.74633538108742,12.50698490700813,6.536819026854989
276.7277029179042,78.99970978947856,12.486790259632148,6.536949144376989
277.0349638932007,79.1469568839631,12.468922225493795,6.540781913635237
276.29777731606606,79.29718641471374,12.45265421215496,6.538451085655606
276.30551323891405,79.29679080058318,12.43718236645893,6.539242313916699
276.46381205073357,79.74216830476324,12.418215451910681,6.5413794328287285
276.4736083164661,80.48529261918837,12.398622920445623,6.542061913104618
276.3326531368087,80.63623358115167,12.383426029454874,6.537287239483494
276.19184748977244,80.63444560288802,12.36823816265925,6.540863196010815
275.90421617732113,81.67155313558008,12.350229748016279,6.543096769036402
275.172327717623,81.67051534255697,12.331972863821335,6.54517235508262
275.180947820776,81.52045730576259,12.314732657515279,6.549116896149773
274.30214232493745,82.70553232294591,12.296441895560383,6.5468358666257025
274.4584524434697,82.70360247946707,12.279494233519198,6.550695553583413
274.91178461580773,83.1477896724982,12.259292241571876,6.54878352024989
274.7728418315436,83.14869288428898,12.242023493621954,6.546977096668355
275.0772998506387,82.41380652571344,12.222840577606746,6.5424170083816495
274.9383081726219,83.44266837674735,12.206321098434092,6.5462131527580425
274.9480186050141,83.59109389981676,12.186900233649533,6.543684920974363
275.6902084766953,83.59150449522276,12.172473251381852,6.542863730162331
275.8457940392837,83.29810246394521,12.155064063134299,6.5421439188589865
276.148188611133,83.00569485393666,12.137256349508444,6.539977708803426
277.0370019547893,83.59602087904723,12.118761324477223,6.53208010010318
277.045682947942,82.42457618979003,12.10139933817175,6.5327495669287
277.4933233683456,83.15542679585623,12.083711051596396,6.5337026118495505
276.47909166009623,83.59367544331613,12.066185002846083,6.5340579448936325
276.3423137789797,82.13363392892653,12.047711119954778,6.533844522429196
277.08056390087796,83.30045741371323,12.029966627277288,6.534206754646217
276.069435456441,82.2822736764945,12.011769829238476,6.530120542170901
275.20429478364764,82.57219410442258,11.995137526792632,6.532584235658923
275.2131057029627,83.59107285476536,11.977515688162455,6.531456928536889
274.2034609157639,82.86536646257092,11.962146769636938,6.529542217980635
273.9217598609838,83.88290263367173,11.94474129856928,6.527296407976586
273.78512983580333,83.88295757399916,11.927895296194704,6.527186527321737
272.924043119851,83.73856513570011,11.91094855323654,6.526118041442695
272.9321952409694,83.73749989224065,11.894644310999642,6.528248528361609
273.0853183352831,84.75116025622494,11.877774617722023,6.526563267841022
273.52718764121414,84.60708290854491,11.861324840826672,6.525621684878842
273.9683760150824,83.73959441954167,11.845453322470846,6.527588204124059
273.4002447654125,83.30913243458198,11.827186081279923,6.522614868645434
273.8414922986934,82.30087897429132,11.809515513404168,6.521197958958915
272.9863072559419,82.01409018270687,11.791962370631493,6.518801132702552
274.0016865115092,83.30879847245657,11.774995157985918,6.518544794117631
274.0102258219508,82.30311214417634,11.757916537102721,6.517927001094921
274.018649610836,81.72956534286001,11.741068959332333,6.516372418499367
274.02619362291273,82.87607108407448,11.72598093517892,6.518434703177647
274.17731091450173,83.88084279547986,11.710441032108097,6.515754041117126
274.4716829721285,85.0273770635744,11.69453087396635,6.5140213333754255
274.47940905473365,85.74272083678908,11.67907870875608,6.514083822047792
274.6305947866424,85.88661305460295,11.66262788715315,6.512220028634653
274.6380721442021,85.74311409836653,11.647673172033691,6.513574623985735
274.5022254426254,86.74047180194671,11.633923096275696,6.5169635692060375
274.36738716140076,86.59779962500507,11.618303203498943,6.51701146786333
274.375002008542,86.5970226350146,11.603073509216388,6.518565447844282
274.0980515484629,87.59384451773951,11.587247247643635,6.518966818453382
274.67513384289464,87.45123601056174,11.571619746201021,6.519549560953704
274.2553074486006,87.59557339730078,11.55803954933673,6.51528578262641
273.5509981650143,87.59339235516946,11.545981913205717,6.519647866889061
273.7002428341115,87.59372407602945,11.53152251426292,6.518984425169108
273.70791100947224,87.59365959449754,11.516186163541494,6.519113388232904
273.7152695413898,87.45102443351759,11.501469099706524,6.5208078284050135
273.86480590757776,87.30943428527499,11.485781459342144,6.520603032878636
273.87083613825746,87.45126130509729,11.473720997982651,6.520096261892192
273.87763103548053,87.59394894604418,11.460131203536507,6.51767941755611
274.168216554875,87.17037865946443,11.444388299352106,6.5166777888088205
274.4579089980393,86.74691959892998,11.429926861677307,6.516210736897085
273.90151846049235,85.90142523929937,11.413757338207123,6.513773558312215
274.4719968912775,85.75937703536401,11.40061783142985,6.515915627484683
273.7737175438467,84.63411262653817,11.388203591284226,6.5120877491248015
274.0622207876774,85.61859755247862,11.374284293379905,6.513923061393752
274.77291308808765,85.61819891501659,11.359734181620258,6.5147203363177795
274.7798681470197,85.61730715424333,11.345824063756107,6.516503857864313
274.7870315769326,85.89777434180593,11.33149720393043,6.517540452051897
274.93443880713056,84.77407873985771,11.317471690897406,6.518620077045178
275.22158586487876,84.07156370740879,11.304372817350052,6.520662037070218
275.93004277351497,84.49234016619697,11.289641784416103,6.520418790096842
275.7960861972085,84.91166316067564,11.277342906697859,6.522408892132591
276.7837422689902,83.9323959417742,11.262464686672427,6.520509406397621
277.7693682865803,83.93121368462504,11.249861259615948,6.52287392069597
277.77670397267656,83.51234605047875,11.23518988742342,6.521633145944122
277.7835533347983,83.37226791750662,11.221491163179998,6.52237148254605
278.0696429569804,82.39545391025538,11.207762868647194,6.521421172638742
279.0524066660513,83.09205079126608,11.19526172402255,6.523246177415404
278.7803208066942,82.95200557112123,11.181738025535102,6.524488909104252
278.3685120887113,82.95031337068701,11.169356275306566,6.527873309972706
278.9327673023671,83.3687207604502,11.155000473179614,6.526674499334764
277.82551492682114,84.34267095601952,11.143079547705604,6.5268965751913015
278.66656344212913,84.34215009140436,11.129753082810362,6.5279383044216095
278.25615640997387,85.17509613552777,11.116727549495458,6.529725411425685
277.1518050717167,85.4531920454743,11.103175720399673,6.52909721793515
277.0199770490837,84.48191998116961,11.089263719514308,6.528665023485224
276.7491891714853,84.75954211893057,11.076135076922084,6.528125145752284
276.89420029416937,85.17583686026111,11.063259069839974,6.526974377949453
276.4844910933645,85.45420356433479,11.0518765271785,6.5241082659829175
275.38462985627024,85.18105447271337,11.037885100353666,6.5169779739724145
273.59464782751905,86.14806058822508,11.024868337177399,6.517647723314412
272.6342923211706,85.18060038866682,11.01218360536746,6.5191723779241455
272.3647130752082,85.18021982229128,10.999271812924814,6.519933510675222
271.9572764086003,85.31825020172683,10.986581735120666,6.519727222144123
272.1016998551967,84.21639546226744,10.973395487135319,6.518151539403254
270.8692089738273,86.28362934502081,10.959452601767586,6.515224854074128
271.7012914971903,86.14589549000907,10.946350536375336,6.515515400541995
271.70780874604225,87.24744974844769,10.933316038671528,6.512291316414509
271.30224200876773,86.2883764182679,10.920243933805477,6.507291624805817
270.76028275840105,86.42709535351135,10.906346114805734,6.504307834252216
271.4523788834437,87.25010664825258,10.893128049404488,6.503454266390645
270.6372844090289,86.5659232150966,10.879425092335644,6.50191121112052
270.6439357597789,86.84122953119686,10.866122390835624,6.49879882234977
270.9238037904628,87.93527246400996,10.853381508897957,6.49869367444426
271.20299804084647,88.07099619593443,10.841602139691632,6.500550776375847
270.526820177037,88.34565372593713,10.828161459184107,6.497554279621051
270.5333746686981,87.66397835775483,10.815052475861888,6.496371971922486
270.6763497169712,87.66537559607296,10.801792089881314,6.493577495286204
271.2273273898282,87.66508763273019,10.789609357289725,6.4941534219717685
270.4166230432183,87.93711903606379,10.777398161261775,6.494630578387159
270.69449430087417,88.07246627964372,10.765845012920625,6.496030774712615
271.10895177563236,87.93712633331937,10.752764795215413,6.494765756757589
271.38717879045464,87.25847844743949,10.739764674020547,6.493426757393292
270.57908444928427,86.30947802971504,10.726899774011246,6.49086508010053
270.58545625187105,85.63223353934306,10.714156168837683,6.488993137923643
270.7270896341059,85.76832639042999,10.701938353686073,6.4878563850678255
270.86833599194887,86.3101008690562,10.690291708232486,6.48769170874531
270.87498744868554,85.7705020759574,10.676988794759186,6.484216323300507
270.2048953871337,85.77038547906581,10.665126029894465,6.48444951708367
271.15717485429195,86.17795423581215,10.652212215003175,6.480017054773191
271.0280325592512,87.12263530523002,10.64053104557771,6.480415232486339
270.49411317936386,87.12210284005265,10.629182221607474,6.481480162841076
270.4999456890166,87.12202106602575,10.617517202301997,6.481643710894861
270.90951920308675,87.12145906929722,10.606785181334775,6.482767704351951
270.24203776707327,86.98670748504888,10.595101489733889,6.482941560123059
270.6520029344975,85.77621627400057,10.582640743769614,6.4815152155670885
270.65763967760455,84.70028283372434,10.571367257555497,6.48182256326935
270.66316554560893,85.64067369152687,10.560315521546675,6.482504727037434
270.66905305995476,84.70066093963015,10.548540492855047,6.482149424863671
270.8089404229712,84.56621763956855,10.53720840799842,6.482593383810707
270.0096836793898,84.43176262911254,10.526044128615352,6.483223776965076
270.01441901829367,84.43116431683302,10.516573450807627,6.484420401524125
270.02008794395744,84.56511750474756,10.505235599480105,6.484513998973873
270.1595494985641,84.69892940882713,10.49414337832034,6.484721078868343
269.3621572050359,84.699507149638,10.482923552656162,6.483565597246616
269.3669326002137,84.83214490657191,10.473372762300539,6.485769018831137
269.5067580257873,84.0312292299869,10.461094293507337,6.483366077877144
269.64447192911297,84.0298869663813,10.452813341588225,6.486050605088362
269.64949072555396,84.16242984284843,10.442775748706215,6.488032372618213
270.72243396641096,84.96266569000196,10.432487882967605,6.489259640292684
270.19487204788277,85.23075348605101,10.420349360132256,6.486715228140449
269.66750747961277,85.36488192798893,10.40871959063617,6.485048070773607
270.47118999617817,86.29634132313173,10.399672595211966,6.486833657812375
270.4765757852754,87.36129498697795,10.388901017017611,6.487167785131825
270.61550493766765,88.02741946241491,10.377166213515066,6.48553634066801
270.4884680128479,88.6932226576351,10.365320968880264,6.483525421598934
