167.5,136.3,4.6,3.6
166.41532669566905,135.28028243851045,4.599989616718417,3.600006685695958
164.01165594769344,135.7999906438107,4.599976464588593,3.600018307112983
163.75181233084243,135.28026819051888,4.599949732369407,3.6000352818541557
161.93282188779838,135.9948690592173,4.599936617953247,3.6000454732268192
160.89341115633772,136.4496051364304,4.599904932147241,3.600071571368885
159.39924355028066,137.42406153062146,4.599890152667806,3.600082690547743
157.58025621360807,137.94376849481213,4.599874815809318,3.6000944793674248
157.06055262828673,138.3985108489229,4.59985661711926,3.600106969311984
158.48976750817764,139.43793138454365,4.5998449477883225,3.600115418398371
159.20438745405912,139.8277076256906,4.599813643494779,3.600131256542361
158.68468647947267,139.6977698960364,4.599792953183939,3.600151055979822
158.03505276744278,141.06200832010316,4.59978202641851,3.600158744579347
157.06060576305936,141.38682093303623,4.599759148204747,3.600172481040073
155.9562321337403,142.3612679095034,4.599736109522763,3.600193496329371
154.52703316480952,143.01090129575832,4.599725672959657,3.600203257648935
152.8379792777936,143.46564283281614,4.5997144877588525,3.600213749480536
152.18835029530726,144.6999494611393,4.599695936827026,3.600225873052833
151.34382662449767,144.57001800567346,4.599684946374977,3.60023365597354
149.84966367449903,145.9992184003134,4.59967784153616,3.600238349580343
149.6547840812488,146.25906853189136,4.5996545603457415,3.600248043345654
148.2905532226789,147.16855563863885,4.599643211125517,3.6002558740906516
146.79639424947416,147.7532239361031,4.599634590003339,3.6002644577615
145.9518750617718,148.0780380934561,4.599618719621653,3.600272391434876
145.36721013582167,149.11744922025076,4.599604358237474,3.60028429479575
144.26283655094585,149.63715167156923,4.599590687838484,3.600296258112033
143.1584670139384,150.93641545766354,4.599569175413946,3.6003105523227648
143.48328716359867,150.4816689050632,4.59956385410479,3.6003146883075154
142.8986203130007,149.89699447713366,4.599554723947006,3.600320712812799
142.4438809757747,147.55830557082854,4.599544824711316,3.60032871788632
140.36505609392816,144.3101283721391,4.599533228008268,3.6003372396463007
138.6110493236057,143.40063520294007,4.599521057144544,3.6003472831880434
137.57164436275863,144.1152241450656,4.599501299399777,3.6003648035512557
136.33734603173556,144.6349266781259,4.59948805545423,3.6003744346902877
134.84319163253912,145.8692291469226,4.599480669841324,3.6003785186669166
134.19356653355297,146.0641137917139,4.599463432103042,3.600389459797503
133.1541665750415,146.71373599868787,4.5994368392050475,3.600411614550099
132.17972752643797,147.16847226334986,4.5994157934650675,3.6004253519347436
130.6855796737513,148.3378066983682,4.5994017714549145,3.6004336598503586
128.9965439160867,149.31224784314074,4.599386115640714,3.600447815195713
128.0870633948681,149.8319493664237,4.599377277964428,3.600456128694655
126.78780202398174,150.28668956970913,4.599371622782118,3.600460661058019
125.22869054840926,151.32609610627773,4.599360809583601,3.600470097483129
123.66957650564825,151.84579972901489,4.599355424583362,3.6004740088495812
122.5002485600262,152.30053811342887,4.599336555009189,3.6004818692286755
121.00610496813836,153.40490648728505,4.599320833760709,3.600490746968922
120.42144211011303,153.92460685228411,4.59931150442502,3.600498946203143
118.53752337529167,154.31437876757207,4.599291884505132,3.6005117548470587
117.36820017084321,155.35377963405597,4.599270047295644,3.6005262406404848
115.93901979451782,156.26325744453425,4.599260690313314,3.6005334167232
115.3543613382434,156.7179938524139,4.599244617425177,3.6005418118592676
113.79525619170634,156.78295356414012,4.599236266530581,3.600548165238872
113.21059625542497,157.43257663652207,4.599224370435457,3.6005595412059037
111.71645317823396,158.92671998094727,4.599218162298861,3.600565214874137
110.74202275920854,159.3814526983724,4.599192719527977,3.6005800444072897
109.50774275485394,160.42085075524037,4.59916628143336,3.6005935700851768
108.4033809414617,161.20039982432246,4.599157833494208,3.6006004258435027
107.16909498306696,161.7200964180895,4.599147185774194,3.6006104233660245
106.71436256884138,162.1748310341914,4.599134230818818,3.6006189745687607
105.4151158576385,163.08430388030084,4.59912089634548,3.60062801216527
103.98594540571288,163.66896176842474,4.599105636447207,3.6006397574513693
103.53121131015982,165.1630987979499,4.599097167541076,3.6006461527269105
102.42685967580847,165.42294274326517,4.599071844997434,3.6006591070955647
101.25754335547397,166.46233656864572,4.599053895353883,3.600671981056757
100.41303804149082,167.30684347643717,4.599039955417368,3.6006827333766975
99.76341871254931,167.8265387825047,4.599029334971762,3.6006915439044582
99.04883790861244,168.34623384515004,4.59901695147081,3.6007006850681473
98.3342589609079,169.71044134850231,4.599001309900348,3.600707885324535
96.25547028884124,169.7753965595023,4.598986857643026,3.60072220696178
95.08615511426586,170.29508967685607,4.598971611983581,3.600734014392135
