198.1,94.5,53.8,18.6
191.97030972259054,94.20885003207546,55.02116855746237,18.182299935849063
205.50312349612486,93.61863548828823,53.83621589850623,18.237482289157747
209.43471979404677,92.63039024011967,53.73763484213063,17.995512345646823
215.14435961635127,92.53836716827463,53.352016775543724,18.17955848933689
220.95865146070977,92.53694533689058,52.73544782807285,18.182402152105
225.01180848327414,84.38746994832779,52.275789455765555,18.09566220175609
237.844342030279,80.13763625019209,51.54667532289773,17.92195465502165
239.20962670198585,75.97058747980759,50.95708736633689,17.692126648379272
239.8668608782881,75.18394586945861,50.70041092835869,17.14982603982467
247.99859672120013,73.83298605870525,50.099260320338935,16.71928144577051
252.85274834277146,70.35416713743768,49.63933665102504,16.483735175327716
260.97895148024355,70.47306081519038,49.653391633413186,16.245947819822327
269.22169755617335,69.1859850003681,49.36747588300658,15.782678874194442
273.8530098767938,69.2977945627449,49.1031685445061,15.559059749440854
274.61586488879544,69.37512154522429,48.56934310762732,15.404405784482059
270.9700559061952,73.92975803745128,48.01000249575782,15.127461199231766
263.49410480477144,74.05509006667842,47.47032760784637,14.876797140777487
256.4689511174821,73.72916298866438,47.18296139516126,14.57280639098799
256.3253012500372,73.78349721961274,46.524174787247475,14.464137929091251
257.496466835812,75.78436522174782,46.051119441944024,14.20095357731314
259.9704282210802,77.71720463833498,45.71808292248526,14.027183745000906
263.36531535252215,77.75852168693115,45.3331744340846,13.944549647808563
264.50431138937466,77.8257209434405,44.871056342886,13.810151134789875
268.3400045252863,77.4630251657601,44.3902760567186,13.636716941943677
273.40656575353586,78.91503016304546,44.033091129060075,13.398871727965885
282.8721468073482,78.53751166426773,43.564841490630634,13.274722417464439
290.49502627154067,78.99497177149118,43.11211514944629,13.229980590499892
294.16996014111544,78.563057563754,42.66520766373741,13.23093897429416
292.0499857374493,79.04366049112812,42.622694226372566,13.12622556848536
285.74757134933196,79.0930883571209,42.418452640288464,13.027369836499801
272.6656189908124,78.74533713600165,42.2578566103282,12.873694835286695
259.7927295938517,75.86200643742733,41.83899676632216,12.732212023871096
253.26004093984386,78.00345819131714,41.538034000131006,12.62628978928105
247.14761560753075,78.05335271376282,41.32608457156705,12.5265007443897
239.86199186018857,77.67940690226334,41.06117964662583,12.450161677409461
234.5782015753804,77.73603239199605,40.981487220762396,12.336910697944031
233.07620285322832,79.40778006177723,40.72240061627164,12.256499407176657
232.83358162896198,79.02728814726542,40.39707445622599,12.206914627621948
233.7950517096321,82.25733646955754,40.08412245171633,12.186770610359934
237.10583333167077,85.8996625750344,39.863714172569374,12.103417734952842
233.99909568317517,87.95586842116558,39.713667103539095,11.968207521453946
230.54423608460962,88.42202369216906,39.506406220677995,11.826672543890547
227.93935800779823,88.43509554981713,39.21994641060739,11.8005288285944
221.04425752000634,86.93742077245493,38.95948388946161,11.673508717378914
218.4107800247774,88.14412374639005,38.80493222804878,11.583605620310442
218.51403852608567,90.49616572259788,38.59841522543221,11.503211348421747
218.95419854382692,92.85364914021396,38.484258996009984,11.385227349551132
220.92701418025584,95.20644358405197,38.3502751194119,11.253615337386766
221.0569111574797,97.86578066725255,38.09048116496415,11.24063109376149
220.83662276699704,98.60907809172345,37.77705398756727,11.262044161544152
219.04428044680625,99.06128634916286,37.61210045710014,11.107555280835061
218.79117520823857,99.41721283245487,37.3736252190505,11.140388029436114
221.0812892919442,101.69889605176208,37.244755772252276,11.028380311434685
224.15183704573565,101.70739668160248,37.00734327574233,11.011379051753883
226.83941454416978,101.67972907375399,36.771951897790515,11.06671426745087
229.85304860406455,103.92499776047254,36.60005347071275,10.967704163547578
233.58302092914195,106.8517717681456,36.41628753169682,10.935099117112575
236.92855050812327,107.19622493378056,36.2446808381959,10.970576393005084
243.17391974982888,110.40363363275694,36.03800870531088,11.059088239448505
250.82275243461714,115.78236593646051,35.88731294008083,11.120887635146039
255.96106895921173,114.67262886266292,35.694552184850664,11.179532005464294
260.69939367502417,117.17530149901692,35.55977324428578,11.204424689480913
264.0015693687624,117.47097886419995,35.40965026322369,11.33020644871643
267.6434341716458,118.15746669201985,35.29906333902886,11.391859329391039
271.666445834672,118.44732266147382,35.13859119742888,11.529015679978746
273.5320769515895,121.28122452307585,34.992815228879145,11.597989981231047
270.7399581899565,121.95802073320449,34.846854854316,11.676947035431043
270.12602766715816,122.23724379163129,34.64345531892452,11.834131209071494
274.8458460714353,125.41361389541888,34.50651153531756,11.921716941844457
277.79345545760816,127.570745939725,34.33309944756555,11.89880786667751
281.0974106212996,128.63671261773064,34.135970639845404,11.903801683887146
283.6724343505236,131.08044711967534,33.95284914386773,11.983258642468048
285.53551209648896,131.39374042913056,33.76856329553687,12.065045952277597
287.73045857438706,135.283767398504,33.62192127957577,12.064285403228244
291.6812565827612,139.8758448459288,33.47618959199926,12.04615198830898
292.1685737401516,142.99861654897109,33.20420009845405,12.1244119733448
295.3876144984243,145.10547496766756,33.06739011323264,12.111542823501123
300.69700009257843,148.20075901983387,32.9175784884029,12.20235045725562
304.96592655331085,150.63060624996334,32.74869342213779,12.224553912529846
309.540883650691,152.3989795688452,32.63864008680052,12.164676836082734
314.803485839065,155.5107697187623,32.50388065301738,12.175363502027425
310.3866387466025,150.56927199450212,32.35535063833672,12.385194427895584
312.88403749507756,145.33692138954643,32.208654088241666,12.461107894546217
316.0898848747489,142.87004056299452,32.02342832014807,12.552060332234008
317.2437251791858,134.83956468876403,31.788094392722403,12.725020856259718
318.03277413029883,132.0155782086762,31.590945934113083,12.84919604196865
319.51595044528136,131.960518247499,31.38393470257665,12.959315964323014
314.4456699848108,131.19240993431012,31.192599217282808,13.117946403202854
314.55694099517257,134.23668429901633,30.97005719655936,13.22893630442368
308.45000539953327,125.9465894050475,30.80770169515576,13.307490502118375
311.60066402670617,128.31924303291265,30.68573124172574,13.368341869322638
309.98870198919616,128.62527039894803,30.480193988777874,13.442179402845479
309.38731954489054,130.3051471316123,30.31456760435651,13.503404120098336
307.4086751539219,130.64840261783124,30.174723913435123,13.499748559803562
309.8149173619321,131.0015119856863,30.12743812731985,13.474272485508461
313.96499839337724,135.0442418442165,29.982469722267663,13.544006426286229
319.4551868239426,137.3934527926648,29.861416449245407,13.596538599187047
320.20883890866054,139.74368585087248,29.709832374987098,13.641092815893073
