154.9,99.7,4.8,3.4
153.10302419411195,99.97817272301499,4.799965551898564,3.400046189896584
150.83330051817288,100.56179521047075,4.7999288630765715,3.400097111165097
149.86057146775752,101.3399661440518,4.799889523095702,3.4001531966522784
148.69328659034335,101.85874375320513,4.79985639762765,3.4001992584773304
147.5260042283358,101.7938601668521,4.7998135779865985,3.4002660120913855
146.29386427238023,103.4150986710833,4.799776889622786,3.4003108460960445
144.21866412308367,103.73932627622457,4.799743331997678,3.4003609258475835
142.40286032602617,104.38781567664628,4.799712365243632,3.400395896743111
141.55981698877332,104.90659967907085,4.799679733818053,3.400439772467073
141.23557857632818,104.45262135861057,4.799647981802678,3.400484405719684
140.84648972674646,105.23081184015419,4.79961385085899,3.4005271028466715
140.78165753666863,105.68474233485315,4.799576071477435,3.4005812302091836
139.09553889303987,106.52779261000668,4.799548841193926,3.4006129386726327
138.38219379578473,106.5277679526437,4.799510521497386,3.40066225339859
136.37181592770506,107.17626441140767,4.799478652747914,3.4006975955186647
135.26935783995384,107.24109849105925,4.799445082160554,3.4007323624560866
132.80501284470023,107.95445107307296,4.79942141497583,3.400760099339495
133.453545392807,108.53809328964732,4.799387220715485,3.400803477948609
133.51840933734024,109.25144352923378,4.79936262002371,3.400839170898052
134.1669392345041,109.89994645383572,4.799337879645872,3.400868375643984
131.76743688343012,109.77022614696027,4.799308916343205,3.4009017642354227
131.8971513320701,110.3538815921899,4.799287468583344,3.4009243966168543
132.54568266283295,110.09445953751866,4.799262538034136,3.400953413568735
133.1293651096798,109.77018211853043,4.799232512665278,3.400988880253601
131.50808035171806,110.54838836622332,4.799201910614451,3.401024441495497
130.2110564011253,111.06718316344387,4.799167252893094,3.401067870617159
128.91403006140078,109.83496834192904,4.799133534925401,3.4011154361009384
128.0709663671272,109.51068815317699,4.799101191105201,3.4011528396176103
126.70908432662237,110.02948392234504,4.799066109850838,3.4011990773821084
125.9308697216582,108.40815506472514,4.799035870745094,3.4012329404675463
125.15265922476796,108.27842809781346,4.7989962087055185,3.401276764987565
125.34723417329512,107.43532323329583,4.798961841886893,3.4013191963347724
126.96856587622082,107.24075050926689,4.798932349303419,3.4013485748005285
126.70917085577886,105.23030066081002,4.798900814016749,3.4013810563921867
125.47698779940785,103.73866888481191,4.798863340960971,3.4014192150541898
124.05023900686574,103.6738038966698,4.798839632807993,3.401443678009467
125.80127808707154,102.50643974358235,4.798811525730655,3.4014719486281715
125.86614936552557,101.33907040839394,4.798774566616413,3.4015098587161967
124.17998694695449,101.07964721293968,4.7987521670481845,3.401533597823108
122.03985201918212,101.72816611472271,4.798733424088888,3.4015529453188855
121.32648391303061,102.83065065232132,4.798706384450067,3.40158162312264
118.99179111172982,102.70093407111935,4.798682701595751,3.4016031585568
119.57548609907259,104.25738064030516,4.79864501215936,3.401649447516269
120.28888353103586,104.77618968052366,4.79861617629607,3.401679387488875
120.93743236570205,105.35984511261738,4.798579100850941,3.4017230577999666
119.51067818255994,105.23012431818864,4.798550663055586,3.4017522099229325
117.69480399871067,105.8137890875461,4.798523521171937,3.401779085002303
116.98143713232433,105.68406461839089,4.798487953790583,3.4018154232846802
117.0463061336833,106.65684504386691,4.798456311374366,3.401849976858624
116.20323210858132,107.2405035879906,4.798420500246955,3.4018909464560467
114.32250066518114,106.9162233957222,4.798392442142033,3.401918409457463
115.42501812909424,106.46223747861258,4.798369916422307,3.401943960456394
116.20327500028259,106.98104708310781,4.798336480154399,3.4019782888718244
115.68446777906824,106.52705110972674,4.798296909623278,3.4020229742941046
115.74933865101559,107.11071206156866,4.798262055069554,3.402063074678976
114.51713830348602,107.11069840210885,4.79822931432326,3.4020903935986113
113.15522948304485,107.30524162814905,4.798200445672221,3.4021248714515506
111.33934053771806,107.88891355090556,4.79817930454354,3.402145000439951
110.04228242603965,107.8240474045302,4.798153134024301,3.4021701734968652
109.65317611775895,108.21315355994017,4.79812292219845,3.402200691064184
107.64272540527543,108.99138633436799,4.798101659968431,3.402221343704172
106.21596282587011,109.44534372024053,4.798068381071146,3.402256983957081
104.46492821289344,110.09386428284003,4.798040903481289,3.4022887119222083
103.55699076520125,110.67753142777265,4.798012303449845,3.402320954824277
103.81641776378733,111.3260548177262,4.797988270899795,3.4023490864724852
105.04865747905168,111.19632938559717,4.797953074272262,3.4023847682146506
104.40013000652317,111.06660932872207,4.797931556638962,3.4024095894267745
104.01102662844572,111.65026705756534,4.797891933938951,3.402463700022607
103.2976488847746,112.2987872960903,4.79785916677069,3.4025034543458488
101.28718966696266,112.6878898528677,4.797823934970913,3.4025474377117715
100.24953524064952,113.33641814524461,4.797798786426782,3.402574603689483
99.79557220107651,113.85523205432936,4.797765770855835,3.4026143223393444
101.09267303710256,113.40123501611649,4.797736046687009,3.4026482170059595
102.38977292193022,113.98491051184115,4.797710402203777,3.402675581884066
101.28725994961745,113.85519165757916,4.797687273586376,3.4026957523794783
100.50902084408555,113.53090451246662,4.797660475515948,3.4027262887986334
100.18476026672563,114.43885478765287,4.797637387506036,3.402749618069531
98.43370011886554,114.95768064636857,4.797617833083495,3.4027689673470816
99.08226018975856,114.89280945028328,4.797586751388614,3.4028024535085373
100.76849101219898,114.82794176683794,4.797558777933867,3.402828833036697
100.63879397917303,114.6982214907147,4.797534847573062,3.4028513888704888
100.63880919448543,116.25471549334179,4.7975044169482635,3.402879558805976
98.75803827695673,115.99528770860876,4.797484951849065,3.402899086871148
96.94212255231331,115.8655689670817,4.797463355429104,3.4029184952319174
96.0990284864788,116.44924228115384,4.797434099403373,3.402953135491684
94.60738830416024,117.22747787381309,4.79740382569275,3.402991848441577
93.56972892340201,117.68144358413471,4.797373169371754,3.403025798102228
93.9588717036606,118.1354113121399,4.7973442136970235,3.4030563810747037
94.47772224151906,117.68141220973327,4.797319135943531,3.40308808766994
93.11578205356574,118.07052830423005,4.797297004826023,3.4031137578261252
92.66180836038825,116.70856533487269,4.797276271192597,3.4031353365756645
92.27269263692101,117.29224438338294,4.79724907960439,3.4031651973392147
91.2350367736486,116.83823485243839,4.797203148112965,3.403215283837458
91.36476173850036,115.73568515149643,4.797173186009286,3.403244961122974
91.42963087327765,116.31936498046053,4.797144935454908,3.403275474196311
91.68906580230035,115.99507582836745,4.797115454194332,3.4033033074014227
90.65140292902998,115.47621329643277,4.797079502706714,3.403347522256571
90.71626977208486,114.37366561746357,4.797056107772726,3.403367930206917
91.36483090397444,113.33597452969437,4.7970365717084364,3.403385741401531
91.49455794985639,113.72509139264902,4.797003020289099,3.4034136365259133
90.65146179646636,113.98449485879053,4.796962454132015,3.4034475882235715
89.80835709286025,113.59535357304823,4.796939712981182,3.4034691681559743
89.41924094637245,114.69787608472176,4.7969109482717425,3.403497141583123
87.60330850044241,115.41127150584484,4.796890199093962,3.4035185154589764
87.73303291711704,115.93009995594284,4.796861844689914,3.403543531043891
87.08449696617899,116.44892492824178,4.7968315282906735,3.403575361066265
90.1975559432576,116.9028995026324,4.796807365908937,3.4035982235856204
90.65155075271483,115.60578838063432,4.796789832554848,3.4036145088378342
90.84612477618147,116.31918659019662,4.796772687346357,3.403631396037503
91.5595416036985,115.28149391064339,4.796752542713174,3.40365164910635
90.06788251917492,115.73547089999671,4.796732713383806,3.4036701046882296
88.31680231186124,116.31915822427717,4.796713641187286,3.4036886184019206
86.89000126241683,115.86515941180795,4.796687655212953,3.4037136708839224
87.92769509842256,114.43833546909721,4.796666168897238,3.4037330509737522
86.43603506525366,114.37347157413569,4.796647489210805,3.403750460634873
85.52807848588333,113.7897615329835,4.7966152711423735,3.403777086419113
84.68497910923934,114.178873243836,4.79657968053483,3.4038156695890196
84.29586125311593,113.07632028570278,4.79655280558167,3.4038442554556085
83.32303944836015,112.8168928724047,4.796538984439909,3.4038571005441915
85.00928772329827,113.53028820753141,4.796515371623834,3.403881903662384
89.22489086093647,113.46536697845173,4.796494766446284,3.4040138130510056
90.39231626368723,114.11391564759447,4.796467582759725,3.404040709107174
90.65174840468299,113.72477139661412,4.796453120151123,3.4040544819935152
89.67891541650793,114.43817905325412,4.796432156750074,3.4040762578643475
88.90065229564834,114.37331196227555,4.796408350019364,3.4040979357839882
89.28980195737816,114.11387511575487,4.796384028927753,3.404121627246685
89.61410090133451,113.07615723240863,4.796348752595066,3.404157036883119
89.41954419426887,113.65985294456237,4.796324452291891,3.404178755879016
89.09527462470558,113.65984156604739,4.796300786523438,3.404201512909009
90.13299070476641,114.17867644380831,4.796269864679467,3.4042323765259743
89.67900877647133,113.53010253510877,4.7962453982397975,3.404254018168164
89.6790161284157,113.14095813311727,4.796230694351061,3.404267202631384
90.84644082790106,112.42752797982007,4.796208052237087,3.404288935591096
92.14357787539906,113.1409353699594,4.796186210110476,3.4043128943906056
96.55382189652724,114.63258102351983,4.7961601926081725,3.404413154465951
97.59154415096228,114.63257016405665,4.796138780824651,3.404434873392309
101.15869022415647,114.37312996853852,4.7961153777903185,3.404459355820987
101.09384960009046,114.76225636460333,4.796082599722218,3.4044907208921757
100.12100711303843,115.41081449271095,4.796056878487923,3.404514928235828
98.11045104536913,115.4756598685716,4.796033294938144,3.4045382319625594
97.72131692667008,115.86479352505096,4.796017039282989,3.404555412057101
97.78618633533091,114.6324980557761,4.795992341101554,3.4045780869426334
98.82390712676242,114.37306158832469,4.795976652871536,3.4045945481871875
97.85105994661437,114.95676719144397,4.7959587315142755,3.4046107109406414
96.35935591917358,115.41075928962476,4.795941410871075,3.4046255419126674
94.67308187071764,115.92960643479813,4.795922167258897,3.4046442794195007
94.15424501703207,115.34587738810764,4.795882709215574,3.40467506170918
93.6353969422216,115.99443917194564,4.795866425429297,3.4046920357921553
95.32168940629589,114.89186055473179,4.795847766760115,3.404709786329484
95.45141456411332,114.30813732035907,4.795825645186314,3.404729381800147
94.99742632833801,114.82698285205988,4.795803525048705,3.4047509946136256
94.478575321444,113.52983711580299,4.7957926946530804,3.404760356668244
93.05172959357888,114.1135420755159,4.795774048125474,3.404777297257009
92.20859949114359,113.7243886629737,4.795751056456179,3.404799570092237
90.19803842233728,114.50266555169888,4.795735762855472,3.4048151208534487
89.6143361163269,113.91894121938138,4.795713157290148,3.404836567902375
90.19806000578589,112.75150439206524,4.795692693438054,3.404855592402877
92.1437812214773,112.49206703866174,4.795674745270431,3.404873701447854
90.91150894102896,112.55691241352811,4.795649962673349,3.4048971276884727
90.45751899624874,113.07575818061693,4.795630547342219,3.404919084815441
90.65209739315452,112.75146615829567,4.795616516751127,3.4049318574238283
90.39267884315177,113.33517095218022,4.795596608024096,3.4049505393029755
89.93868747312358,113.07573513843099,4.795579540049437,3.4049651336408497
93.63555201326832,112.75143881644298,4.7955621357379705,3.4049865779696575
94.2192782586332,115.15114219962793,4.795538616000971,3.405010025680998
95.19214590791903,114.11341864194803,4.795518720125282,3.4050273781651375
95.77586946259905,113.33512448050502,4.795500710532842,3.4050435680276574
97.00817276453554,111.97310715311252,4.795466531677475,3.4050771214773823
96.87847083517259,111.00023859221167,4.795441643983757,3.4050986451320204
95.38676524719138,111.64880174141139,4.795422759314944,3.405115851354884
94.47877387740408,112.81622237062054,4.795404630982304,3.4051328516744457
95.06249389867762,112.49193158249628,4.795393766170421,3.405142662514531
96.35964804073917,113.59449393941443,4.7953724826595225,3.4051618991985784
96.29480037229554,113.78905741412227,4.795353475197594,3.405177982830524
94.41394922205164,114.24305228678254,4.795340464118167,3.4051884851296523
93.95995745063851,114.04847347797181,4.795323929720162,3.4052032125121396
96.10025451830485,112.42703524206438,4.795301322532452,3.4052224660353425
96.03540389842053,113.01074289447865,4.795288299181144,3.4052355292864007
96.22998645323878,111.71358857176924,4.795266032808445,3.4052585529465587
94.0248512344721,112.23243867920776,4.795249480097047,3.405272924009437
94.60857733291326,112.23242768751795,4.795226064512355,3.405294907389055
94.99773272498517,112.16755595810261,4.79520117864136,3.4053240498409467
95.51660183813814,112.23240165773316,4.795178312983361,3.405347070660831
95.58147834841117,112.55667003587594,4.795139745473133,3.40538257955439
94.80320102742276,112.94580286062387,4.795120945225717,3.4054036511706576
95.32207010458387,112.49179138430776,4.795098920405134,3.405424990488918
94.41407871648228,113.0106395319139,4.795078219607514,3.4054449678485286
93.96008815340096,112.55662873402194,4.795057498808269,3.405464716670545
94.08981173646204,112.88090661396485,4.795039454609811,3.4054817615940096
92.7278200990786,112.42689442780615,4.795016794057841,3.405504155471809
91.56039563592739,112.94574604626844,4.795003027933893,3.4055176707367165
91.81983473517289,111.77830289428695,4.7949832620275625,3.405541028068727
92.33870315198456,112.62143881298005,4.794963980389956,3.40556021265936
94.21957535425848,111.45399827144419,4.794946397781227,3.405576371768868
96.03559048703212,110.02712925105395,4.7949282286331165,3.4055906225213968
96.1653176704434,108.6002553039006,4.794903215483094,3.4056156264305764
93.31160320662129,109.1839621806766,4.794884907392384,3.4056342620061626
92.857609295519,109.24881193907966,4.79486955203411,3.4056494848518994
94.02504942643965,108.98937599947917,4.794854931408209,3.405662332671693
95.51678387510104,108.14621459395542,4.794825234474181,3.4056934217602928
95.6465122212936,107.62734317792649,4.794798162851663,3.4057177707677035
94.86823965413774,107.95161441882308,4.794765683362642,3.4057492947248296
94.34939380980104,107.23817075851962,4.794738744662199,3.405773502692774
92.40368104926002,107.88673590513167,4.794719699449957,3.4057913982334114
91.04168783152909,108.40558220362462,4.794694808106018,3.4058174019354515
92.20913294522748,108.27585551260833,4.794672359388143,3.4058410307814806
90.32827411167861,108.27584880355148,4.794657173038332,3.4058544488951936
89.87428293747202,108.92441145191522,4.794635103848248,3.4058783201724
88.6419989501397,108.85954520181204,4.794618534446621,3.405895844375267
87.0854318399915,109.24867708528552,4.794592422477812,3.405922160494583
86.69630109174085,110.41609475992344,4.794563607602441,3.4059577453487533
84.23171877152194,111.06466471859926,4.794550553497293,3.4059698528768307
84.23172218357867,110.80523103051188,4.79454372938382,3.4059764126169316
84.81545027955845,111.3889391171473,4.794524416443935,3.4059971183657516
85.9180414150483,111.90778824180266,4.7945015234343815,3.4060209292762527
86.04776647273614,111.12948697405969,4.7944820143503275,3.406039827012333
84.231761512227,111.71319648749106,4.794463006299643,3.406058670207478
82.80489777584873,112.29691045416122,4.794452968516235,3.4060688093607667
83.5183387618189,112.81576550304189,4.794439916895378,3.406081562740869
83.12920444470606,112.42660789871461,4.794416338526045,3.406104558800435
82.15634767633382,113.1400340549485,4.794399019338323,3.406121540682913
81.05377103753978,112.81574144886972,4.794390364614428,3.4061297139251794
83.58322998609106,112.3617296400893,4.794373507398449,3.4061454525320065
83.58323672068263,113.33458871498149,4.794360038215297,3.406158529067744
83.38867219144731,113.26972343722653,4.794342817345571,3.4061736581308932
81.76723544033574,113.78858000849401,4.794330954861623,3.4061838323021973
80.85923714818031,115.08572400259321,4.794311906772418,3.406203890389613
79.4323713303457,114.63171641376087,4.7943037667383495,3.4062109576032418
77.4217850844403,114.17770999043616,4.79429770071785,3.4062157428069
77.68122888416642,113.91826568779005,4.794271797845838,3.4062426515189053
76.18950757736083,113.72368642590445,4.794258481715611,3.406254749671695
76.25437199687248,115.28026447827591,4.7942451153563885,3.406269988866123
75.99494686696379,115.79912083049376,4.79423328926885,3.4062814562402224
78.26497839031634,115.92882552429488,4.794213835082639,3.4063031310676473
77.29211647730426,116.96654548127607,4.794203752985533,3.4063127191012836
76.25439730760358,117.48540327729727,4.7941925075411485,3.4063219194817824
75.41125115120151,117.87454587640097,4.794182279857475,3.4063302014995105
74.95725816625604,117.6151047604608,4.794159320500717,3.4063501880954665
75.67070018132456,118.39339273332963,4.794146257336885,3.4063607517831196
74.4384173597191,118.45823753142112,4.794117052712197,3.406386673907291
73.53041357456613,118.06908663148519,4.794107586869352,3.4063954582867955
74.63300217994916,118.45822664015779,4.794093941236392,3.406408463929754
74.24386018335207,118.9122269066053,4.7940848665502696,3.406416510228413
74.37358174841073,117.61506635506774,4.794072749006417,3.406427487568903
75.93017371062109,116.51247927108051,4.794060907167355,3.4064380970480057
76.51390036047587,115.47474873302825,4.794047095756945,3.4064511939540356
76.96791736999306,115.08558938038675,4.794021612872284,3.4064768682515463
76.57877818002648,113.8532854072707,4.794006739954632,3.406489513789372
79.17310158769891,111.97239857631774,4.793980920983225,3.4065129533245524
81.24855902219801,111.9723893074801,4.793962681477598,3.40653149099985
83.51859575872989,112.166945294107,4.793933416787464,3.4065661641780753
83.51860894758204,111.90749993145674,4.793907039083167,3.4065941800047876
83.64833317502091,110.61033365770346,4.79389006327094,3.4066119368562964
84.23205877300143,110.80490264902518,4.7938808423598624,3.406621279229553
85.33465453689819,109.63744736703845,4.793857731803696,3.406647636716428
84.94551253676465,110.28602072363506,4.793846489429547,3.40665966125855
85.20495472479978,110.740016864571,4.793825720001114,3.4066786910098554
85.78868513587851,110.4157182686359,4.793808000856898,3.4066963812060442
85.9184113195004,110.0265604050312,4.793787480313541,3.4067165683142457
88.05873382542347,108.92396591006042,4.79376865436207,3.406734492794894
87.66959636274106,109.11852955277341,4.793747849541807,3.4067550724614764
84.81585514553103,109.50766784674012,4.793727213246422,3.406774357807409
82.35125838146752,110.15624138885845,4.793713356052043,3.406787111813234
79.95152411535089,110.2859465151995,4.793690484311803,3.406808826913478
78.45979734287575,110.73994548844742,4.7936761437528075,3.4068228455726226
75.4114773545518,111.3885195084464,4.793663711832385,3.4068348925040937
73.5305996027913,111.25879899972101,4.7936546705536,3.406843872382476
71.19571809288051,111.06421838648677,4.79364061924888,3.406857009590421
68.14740145139484,110.54534292554773,4.793620341182826,3.4068796657600195
65.61794788418455,110.99933827014382,4.793599592952988,3.406901673453815
62.958773975454086,110.41560764854925,4.79358534415537,3.4069175850252056
60.75360380731943,110.80475187502626,4.793575069609556,3.406926298685637
58.613289693253684,110.48045928765356,4.793569286607647,3.406930562653245
55.69468581771162,111.97218550812124,4.79354962997395,3.4069499078847802
53.29494349214835,111.90732036444496,4.793535417448556,3.406964009733254
50.765486495894145,112.36131939310866,4.793517512216891,3.4069793699489415
48.884604934885026,112.88018162118284,4.793511297955669,3.4069843858776823
47.45773472919435,113.26932251521954,4.793495917362557,3.4069996319791063
44.798558908828866,113.85304017938063,4.793483746915157,3.407010018305872
43.37168764661852,113.91789207451741,4.793470376378465,3.407022405075822
41.62053076579903,114.37188894457508,4.793447320112661,3.407041914046904
38.89649619360456,114.89075002224942,4.793438158679381,3.4070489598072027
37.98849364179316,115.5393213374495,4.793417481846199,3.40706760116135
35.97789686799475,116.1878991983487,4.793411284525607,3.4070730874008035
34.16187932632692,116.70675549216394,4.793395085756506,3.4070894375145593
31.762137926450933,117.5499025594505,4.793380661241144,3.4071051384948094
30.335269097345037,118.19847429060802,4.793362326631842,3.407123491098457
28.259819697440644,118.65247148606974,4.793342531658264,3.407142542783632
26.378935567195462,119.36590974117095,4.793340412588808,3.407144452414264
