256.1,76.9,30.0,10.6
257.82255473295396,76.10087124530209,29.937732462094257,10.572137233966977
259.72940248361584,76.09630031674476,29.872318979409258,10.58127909108164
260.71939921167234,76.40179181178581,29.764137605197273,10.594233461633198
263.2295044909249,77.6395398890323,29.724834897238395,10.609191232413332
266.0726646410351,77.61624721626758,29.639388466893877,10.655776577942797
267.3220540750689,79.15857003680077,29.628351265338722,10.680808020016991
269.8503183229089,79.13586441156372,29.549679168325625,10.726219270491102
272.36967899561677,79.15955418067423,29.48633979411139,10.678839732270069
274.9245552968201,79.17841671529736,29.337754009674192,10.64111466302382
275.5865957091475,79.19258712810169,29.248300418738335,10.612773837415153
277.4857070157824,78.90268879363947,29.143114194082262,10.577064441570649
275.7132112445886,78.8911432812646,29.008082386223116,10.600155466320395
276.99900421936076,79.17389018774035,28.883723073695986,10.64646831262316
278.58154604005773,79.16080592189553,28.772893765645176,10.672636844312823
280.47760813305126,79.160355731425,28.63910997505825,10.673537225253867
280.5242513402624,79.46689683894847,28.54582356063587,10.668259754639909
279.0665640617883,79.74813237482272,28.42940057324472,10.7121481917593
277.91723032936943,81.57069014555134,28.306189455695215,10.699850523883041
278.5977244253228,81.27572207796001,28.152127880455712,10.686323350732073
278.9881991853438,81.27629625480952,27.97216604769083,10.685174997033059
281.4587144169508,81.27357727640558,27.818016423091947,10.69061295384095
282.7066665777594,81.26410522841925,27.707010203590134,10.709557049813586
285.17084921089287,80.9813915209072,27.53830273498518,10.680027240129933
287.3019193701353,80.70036378046426,27.420009416444913,10.650104578166577
288.8299362409353,80.11448567819068,27.312590353089867,10.642414911415798
291.25961734347777,80.11573732822828,27.15743735688125,10.639911611340594
293.4000621130239,80.12403201632773,26.97665669365886,10.623322235141668
295.5174087200634,79.53546513802769,26.821613943134153,10.634841573583397
295.87968833369877,79.51721477504059,26.677817847541874,10.671342299557596
296.8131651263238,79.78373659263,26.54885409347377,10.717628608106066
296.6111635711948,79.76748227849863,26.374571272991453,10.750137236368792
297.2495291479143,81.49783866715532,26.250507109148202,10.747425427842455
299.6289218437071,80.34743464856594,26.087557096583424,10.75031577551087
299.72078967891116,80.34435570082583,25.903821426175274,10.756473670991086
300.0926480979916,81.77062289503577,25.72969727046707,10.751902694835348
299.61548544906844,83.75131225551989,25.55007539521361,10.75933907971643
299.9968669900072,83.74779287672368,25.351799719744147,10.766377837308843
302.8831241243097,83.76901110662995,25.196489237500717,10.72394137749633
307.712271466332,87.67834467123711,25.03606147049587,10.727047003491245
312.79423815952106,89.0661262247443,24.887532600257117,10.733540706515592
319.2453914952851,92.66925024226144,24.735449467506115,10.733940758616148
324.5674965502699,94.60452538545468,24.581945582930405,10.728387502637917
329.32011215256756,95.15173465375017,24.423312744499228,10.733568773830966
333.21129337029333,96.80230601946016,24.306955736411,10.717856939852439
337.3817177158541,96.80869767349216,24.14997174857099,10.705073631788448
340.97964004078256,96.8131642629881,24.013999028284374,10.696140452796596
343.2120836402103,96.8192928912408,23.876457697920696,10.683883196291154
345.98206304981125,96.30446961823334,23.72336914308464,10.636155689432927
349.5271573414952,97.93246930251337,23.595986679767645,10.593759145511752
351.9998180502555,95.83188654122398,23.447527488904452,10.53104713328381
356.052685167916,95.0497101028413,23.28730772795509,10.506297115174842
358.2370899361005,95.57627483852792,23.13382354260122,10.5069989815554
360.1680495194893,95.29820688305847,22.944649470944697,10.538457021762762
361.04559232744117,95.27942622471345,22.75693584764974,10.5760183384528
366.1825369377154,95.29713564261209,22.890294442729832,10.54059950265552
