12.5,63.7,10.4,4.4
15.336093191971376,63.776555412495874,10.40176232590847,4.3975699870515745
17.863681094727124,63.54726538521622,10.409194907587791,4.395912915502605
24.420346684676115,63.54736378143839,10.41711825243402,4.395716123058263
24.302394972720055,63.546847436239204,10.42271216421482,4.396748813456642
27.063191158194893,63.547523885545694,10.430948144854122,4.395395914843663
30.63374757985092,63.66253527045132,10.435506255196133,4.395878659666388
33.39662931818488,63.893019109667684,10.443677170737178,4.396072180584423
36.27717686830721,64.3552888765569,10.450162405559993,4.394345500416783
39.505774175764365,63.89464277900759,10.454443541525448,4.392569731104013
42.7346724969058,64.58801485379135,10.45898371032602,4.390612041054363
45.84817554071529,64.2428879001595,10.464361152592664,4.388378889441896
49.07796791379038,65.05189799708994,10.469068641534323,4.386431754353989
52.423837687730206,65.05253252897162,10.47347160526601,4.385162690590622
54.84688949679279,65.05341821992258,10.477171108529236,4.383391308688716
58.193925694379075,65.16939740511347,10.481092995205342,4.382398258370669
61.65773165168127,65.40092642806296,10.48362398013119,4.381349739107024
64.1959802081832,64.70782528847998,10.489631519663074,4.381414385763241
67.66187898046094,65.4019505811598,10.491183692599414,4.379833743901973
70.20148858777759,65.0557796173954,10.496297813205164,4.378857489352706
73.78131559631277,65.86559331887818,10.502701942223856,4.377372248407263
76.32196596202147,65.7509914103344,10.508460690556209,4.375346089142565
78.97943439520024,65.75143593553709,10.512911185882208,4.374457038737188
82.44892915959142,65.86795452176443,10.513722178158547,4.372746550317785
85.10780131489545,66.09775305703613,10.516060659728199,4.375765374746362
88.00179038892904,65.98205438380144,10.512981173278952,4.375766774751005
91.5866282649751,66.44491720010264,10.515189458502512,4.375445534060326
94.47993747851612,66.44520669298295,10.513009497923326,4.374866548299718
97.1387065353514,66.09868102421153,10.516186302811672,4.373911592117474
100.72347833905738,66.9095724273985,10.5189472765765,4.371681433106029
103.38369227522206,66.79334063546216,10.519915639579715,4.372779963268609
106.27786736100396,67.14109903880285,10.516535173654223,4.371459521263832
108.70718239177012,67.25658389252891,10.515749933003457,4.371815757663234
112.17687175748091,67.48674880083543,10.515997191797629,4.37412767373124
115.5312025856334,66.67615257052272,10.516942813577915,4.375759756887815
118.1936823450159,67.48531941895524,10.514383405615234,4.377286963310433
120.85482399245981,67.48519424094565,10.514269831577035,4.3775373193296225
123.51594105949538,67.4852659317308,10.514270198411356,4.377393937759323
127.10243978413224,67.60182245989975,10.514640028369088,4.375679825912742
129.64730739263268,67.7178297651088,10.51512659523223,4.375038932943023
132.6541174276871,67.71881756175999,10.51710988200447,4.373063339640638
135.42866023054847,67.83531624280062,10.520735524309003,4.371428946227206
138.78357643312822,67.72061693806522,10.52111446656718,4.3694409575112
141.44251093481506,68.06865431949751,10.52444730037878,4.367435999496836
144.10251321397595,68.41562305931024,10.525937435759214,4.367606523397756
146.88076344616175,68.41528012163062,10.522895156631678,4.368292398756994
150.3501742393521,68.068782248572,10.524934278818444,4.367202074017474
152.8946903527257,68.87953149366041,10.526091535396704,4.365309328535143
156.1335388711636,68.76500808983695,10.52634251184149,4.363000849992047
159.3719093630323,68.65007068803136,10.526496787112011,4.361557965781515
161.45159365429743,68.65118026972746,10.53042286876653,4.359338802389325
164.22761134984938,68.65190923844494,10.529867664767297,4.3578808649543515
167.81143408935736,68.76809242233142,10.531825514037033,4.356792023900291
170.35493470000657,68.88339064351048,10.533129067421946,4.357482162209581
172.90094323697687,69.23028049906637,10.530105901976642,4.357656165892631
176.1393967968321,69.57729204721916,10.52895423147857,4.357464010574057
179.37709704635017,68.88238564786276,10.528743297011594,4.359736188307755
181.22883886626155,69.46084154390647,10.525968647707876,4.359295955757559
184.9305345431251,68.99852735545925,10.522450116556065,4.358940229830106
187.58967183441706,69.80863745822026,10.521509043611987,4.357038918546299
190.1333951994429,69.69377957608218,10.519158200230716,4.355613960701084
193.60020878631857,69.5786871640115,10.517961283923299,4.3547177762609826
195.7975334063232,69.46365027930298,10.513215590332514,4.353743990603324
198.8012810846872,69.46385357435356,10.510706774822816,4.3533374005021725
201.57379987343816,69.46300799487955,10.507682192221516,4.35502855945021
204.23062234855402,69.57796707551456,10.504814833879252,4.356013771740586
207.69609528406858,69.80838825934637,10.500245237543949,4.356929822389862
209.7751239398028,70.26980937894511,10.497110050235127,4.357403610783414
213.0073753573689,70.96163883276586,10.494777512688223,4.358495481195931
215.77847476717884,70.38457419194594,10.491234408716883,4.358738155408953
218.43387155829336,70.26982076976606,10.487231624937985,4.357514965053503
220.97211332332373,71.19359399599985,10.485045029670285,4.355167397965202
224.3166004065685,71.19429526415635,10.482776617842289,4.353764861652198
226.16251251757092,71.30846690431525,10.479239626355564,4.3559395332417905
229.85226220404968,71.65385331622666,10.47590887134013,4.356682517351022
232.38957384753056,70.96197641362942,10.471625809074355,4.357616261264819
234.58123341014462,71.65329184078865,10.466367990316218,4.357531082673711
237.46202488067786,71.42291428432596,10.463438583476973,4.357593912860929
240.22779393206577,71.30806709197972,10.459210287768615,4.356983722258924
241.1509914804305,72.22972280001339,10.454671673013303,4.355528788165755
246.33125222053664,72.34432018134437,10.45044731428151,4.35647396153668
248.28898610076152,71.53870076698287,10.446598855164467,4.357046019122726
250.93687818606824,71.76820181773954,10.44195046712998,4.358142681311894
254.15946234185208,72.11324399639018,10.436816207717218,4.358061972455772
257.0357746292887,72.68822673984118,10.432315225674035,4.357721204119794
259.79627466210707,72.34393470744523,10.42779331793522,4.356745499174482
262.44126424226516,72.11514880768567,10.422522507613214,4.35477744217234
264.6255560574274,72.9192046320169,10.417440275037677,4.354271571627958
267.4975483121131,72.91953979968703,10.412827245444845,4.353601236287686
269.7946389444883,74.75629320504561,10.408559024975757,4.352024860995554
272.77951506487415,76.59201791474308,10.403344525280914,4.3510602053401755
275.53399805359356,77.3949555894178,10.397868197108172,4.350369337026683
278.0580007148033,78.1976745280403,10.392700871292773,4.349470822337503
278.40458440417694,79.00077361092784,10.386919131020235,4.347172479670198
276.45806016517946,77.85575540621345,10.386912490989053,4.347176466730657
