307.1,69.9,24.0,9.8
307.11734097753447,69.3463252052101,24.014842366666148,9.907349589579798
307.8917354628131,69.28917417458526,24.04675131692819,10.02165165082952
301.7965765518775,71.61581613246939,24.06071269816518,10.133028950961599
299.9357165321715,71.83331395241794,24.061247348282357,10.229631223820897
302.10596469897155,71.7896453434123,23.987369183247967,10.31696844183216
303.475139414106,71.74744137996578,23.918034129560183,10.401376368725224
305.36760304194337,71.71309907497982,23.873133577116374,10.470060978697125
306.4529734457231,71.6870713282075,23.841799741469238,10.52211647224179
308.0755216921822,71.6561079904422,23.808599720706606,10.584043147772382
310.51877498460215,71.6369893179984,23.745434583232132,10.622280492659979
312.4375794383035,71.34992626211859,23.657574156148698,10.66072825008828
314.60380324953684,70.79100449633151,23.60569190546104,10.708430438717668
316.77825663790725,69.7060008370131,23.538005207962538,10.737827717733325
318.6512879741559,69.69176870608732,23.534692101687284,10.766291979584867
320.56666019174446,69.67205370016175,23.44987065573992,10.805721991436002
322.22914035389636,69.39590630386866,23.332401270459137,10.823434960851673
324.1528811315828,69.38181899153962,23.217100728719448,10.851609585509744
325.54273883310117,69.37421649927944,23.097236464534642,10.866814570030089
325.85824866737846,69.36402889467422,22.99669215150302,10.887189779240547
329.1110478290257,68.28653374407888,22.843345250153977,10.924762939782717
330.2373659410295,68.27888076238308,22.701734399796983,10.940068903174298
332.141076200787,68.02002926178571,22.575885965005487,10.931833035122835
333.24246245157553,68.2603809501713,22.46887519643149,10.975070091602458
333.0376764780735,68.25916018323527,22.35532841524825,10.977511625474499
331.790102957686,68.24760018180562,22.24304307507717,11.000631628333787
331.6006184344366,68.23337751929292,22.10177930275406,11.029076953359205
328.5310404914533,69.01281234938483,22.017225017034527,11.026134836096894
326.7315938980986,69.0341032462453,21.994724449510347,10.983553042375974
326.5241585081669,69.03261098101541,21.893327297572164,10.986537572835733
325.5432703783444,69.03286287054829,21.795817296448156,10.986033793769979
325.3504364758078,69.03141506659755,21.668113747728878,10.988929401671477
325.1447437533612,69.02847096772004,21.56796608890485,10.994817599426487
323.9373939679633,69.01666868545192,21.4318974494253,11.018422163962729
322.7146895504575,69.01434647909672,21.334561299495586,11.023066576673127
322.75834961281987,68.76491143256456,21.247241174770775,11.01474892189826
320.8032894601331,68.75913865316278,21.11136389980617,11.026294480701816
317.31041950764467,68.76096253396972,21.042008787951108,11.022646719087932
315.30903966166034,68.76808626900971,21.022019496805644,11.00839924900794
313.3127310107381,68.7743037150061,20.996232066612276,10.995964357015163
312.80863099772705,68.77774876904631,21.001026245142782,10.989074248934752
311.61285011914896,68.52179493470281,20.88431402109084,10.999327121380134
311.3809811280345,67.0248960678138,20.847951336060042,10.992520851599448
313.4358571730075,67.01982649789582,20.73374610384579,11.002659991435399
312.2023681796014,64.79146758912647,20.71110821487878,10.978069232571722
312.9686876348624,66.5263242953936,20.66995608002351,10.988491629926683
315.75117273198526,65.27769803202932,20.569028861632738,11.002088258539375
317.77819489581935,65.28467072049399,20.478717010880864,10.98814288161003
319.2949061356612,65.29647798113103,20.40859765417047,10.96452836033594
320.07920735539227,65.5450904488996,20.31729832270853,10.95973779413223
321.33410384144025,65.55398500392089,20.26247731433229,10.941948684089642
321.61448837036994,65.07788747665042,20.19158087153445,10.914398508507444
322.8761509739374,65.09255100280015,20.109973425630308,10.885071456207996
323.1115516796074,65.10920907354235,20.125796551650637,10.851755314723578
323.58403225611994,65.12994379673553,20.153407056844085,10.810285868337214
325.5674783323408,64.8930915392079,20.074365580069117,10.798009048934155
327.02493067756023,64.42171155165695,20.067029161261875,10.77157960015878
328.00444241894303,64.434901083185,20.044125443266214,10.745200537102692
329.2268231492858,64.44671131525388,20.01553684200412,10.721580072964933
330.6996460712092,64.23296572584339,19.964304584760196,10.666668987352129
332.4100778951182,63.291688832341535,19.90829604746027,10.62644842548838
333.6482921462427,63.288490241935456,19.827704304410734,10.632845606300538
333.9325510245545,63.28725882923164,19.737266710323958,10.635308431708172
335.4143967790266,63.06004635418826,19.63424447398696,10.612955169693716
336.1712608643992,63.29619416587273,19.54509929391975,10.615520543217384
336.93719841607873,63.29885219166399,19.433961393694737,10.61020449163486
336.9992040502306,63.52935706225751,19.30995012539092,10.621028331813127
337.53234028248,63.995911610520125,19.184023877971136,10.62826545236686
337.82483575132596,63.9906723887396,19.067454050545216,10.638743895927911
339.0542664895023,64.22810316732641,18.942907214166354,10.63074526674907
