283.7,94.7,31.4,11.2
289.0948271051901,91.60006974491569,31.44105218922491,11.14176877701071
294.0626130793039,89.32065561411846,31.357347269341027,11.10305909204479
302.5887789243275,86.73746925624619,31.331828521384733,11.030412440992148
309.4724816864434,85.80657136951514,31.281261467614925,10.932659861531068
314.73152169842444,84.88711200694074,31.173857303028235,10.819576863047006
322.18091786211147,81.05147870504771,31.157238468754763,10.726231209563217
329.64797179597673,78.4963181051001,31.06048092102094,10.675734906850877
334.20235384478997,78.52093776877085,30.950691358903686,10.626495579509402
337.1538861347703,78.8609031689035,30.810335715437112,10.586865772187867
340.07676134623415,78.88342587683158,30.702573400750722,10.54182035633174
343.95395128336924,78.59496020917373,30.57032210443072,10.483574310151559
344.3322825906846,71.05306293719693,30.445865518964425,10.394424154160392
344.4052950726772,68.5612671807872,30.299840554979227,10.34777543171213
339.49523044177494,66.08692045921343,30.106800876062866,10.289884404499249
332.7225701471894,60.543560479497565,29.96848837349803,10.180904561601624
329.71386267870815,55.9312704605601,29.805966851588323,10.135579911168236
329.7484802208985,54.13193627722531,29.736731767207598,10.045306113573403
329.8097714346125,56.91891244418767,29.614149339779573,9.980886225146014
329.5982281430324,68.79389605792059,29.42801193283354,9.990654611826631
331.46745898767153,69.7452331930291,29.329908440202093,9.908159439933067
333.64567541159744,70.37607961078135,29.20007868788128,9.854067488865965
333.7213637625258,72.80837624632306,29.04870198602455,9.796991892193844
331.72181725775437,77.0039158329668,28.863794924532826,9.773912860975624
332.0967561562148,79.41168859304886,28.708548297123343,9.715416696901784
334.5246831871163,79.43095895770202,28.58328669271991,9.676875967595496
334.6074623440204,81.81587724146797,28.417728378911608,9.61755685554063
335.5702355458999,81.53304217638797,28.24821441469542,9.597882839186385
337.96548002074144,79.2194896149381,28.118082463041116,9.564630964057354
338.61887349372796,76.61608082176284,27.97141994678902,9.550888616663359
341.0155862299175,75.20286296755042,27.799593348056057,9.488825029059347
341.93726079933685,73.79738815857792,27.67851073979577,9.42933042937365
344.02302671128797,71.520862600054,27.505764542317152,9.412340830508795
344.363655891969,70.1211277858839,27.392963849489252,9.36952211617815
340.1904983910979,70.41505155292447,27.248542896314248,9.347723645758174
338.8461418635486,68.16750399075887,27.119401930123374,9.334252336026168
337.24296667784813,65.92997622623027,26.956962827487406,9.317588566367435
333.4049416410849,62.8802069670517,26.809521381747327,9.270098033872372
331.53180416230265,60.66076078467995,26.66500081156245,9.262366938330809
336.30232613320186,61.79638495311826,26.53524165314359,9.205538550484652
346.55539991315766,64.0047949411914,26.404839894747674,9.194285234125537
352.3791131051911,63.47558725501069,26.27825520317561,9.155477588154147
353.8210547636447,60.21850412491666,26.124761285238076,9.116709290814958
355.77896534971575,58.04156325889893,26.011040981819814,9.125332887165987
357.7424373861958,55.88355127396318,25.875830368787124,9.107947188549169
359.423771461636,55.88393980822008,25.749619768406312,9.107170120035374
361.63040856318975,55.90568367319853,25.636951769109984,9.063682390078467
361.93668027922945,53.769730811444084,25.559565492740205,9.054330867910664
360.11058213163994,53.2532207484001,25.474668135991458,9.019609950590716
357.2394414622314,55.11731946079939,25.364812829972692,9.015499481596766
355.9759576707388,55.388371886333886,25.240015073340633,9.003747698451239
354.4365318086112,55.39423948234622,25.148836065853338,8.992012506426569
352.91043873605133,51.45677864338661,25.040168487382882,8.964799875370137
352.96567207064004,50.17357191604836,24.92970181820546,8.907489059715362
351.4622006271374,48.09911728041759,24.804008211014583,8.879549672048622
350.21496739117794,46.2835269494616,24.699559311461552,8.872248813900022
349.49957722367344,46.291859631544526,24.575911613379137,8.855583449734176
349.04076753758807,46.04583632732181,24.461422325187364,8.831575727998391
348.0846732342213,45.03358894039452,24.31775366662808,8.800213236560117
348.12923345848606,45.03327565246806,24.228633218098558,8.800839812413036
347.1508464040346,45.04958074529313,24.14523361802519,8.76822962676291
337.28672827636086,48.8791790101881,24.051890571063737,8.732717444014865
325.1853108007183,50.90589792330591,23.954657782618696,8.72929090773428
311.09528293800776,47.89094228392807,23.866772371540417,8.70178622866866
293.30858671690316,42.07250300976297,23.72610538023577,8.769321580226817
278.0633312555401,32.77485218190883,23.581869758888867,8.782891725595642
276.37775940651227,32.53470193694883,23.450428579786532,8.762822947350216
276.4306091809356,32.79091454670546,23.34472903093983,8.748501676684386
279.2099264750215,33.045144390130474,23.245559734561198,8.736357016361008
280.99317488859685,33.292464184367546,23.14168192667038,8.736377287781146
282.0266918098002,33.28444311406908,23.04727431096553,8.752419428378078
283.8062830205118,33.28386909702742,22.932650197610844,8.753567462461383
287.5211085820363,34.509978801578754,22.859601350975968,8.753548812163414
290.00605321008055,36.21164214752647,22.783526094332686,8.775891919879712
292.00242022946674,38.1607807572869,22.700250270487153,8.78707291528557
292.30937260226307,42.30056769989082,22.574022185875634,8.798002266758212
290.9062150587164,47.891132163665176,22.46407984175846,8.795860158849724
289.99136044629955,51.52998427665747,22.35615263020998,8.784292569298142
288.35875575327594,55.39410268961034,22.242920965307604,8.778206716991585
288.8875897234664,55.410957653473055,22.147015251052345,8.744496789266165
289.42224489729534,56.86289007169367,22.035469202033063,8.713924848740495
291.3832739670139,58.545061227420305,21.927111203464936,8.686570160547681
294.0037700595273,60.227470274331836,21.907235879460842,8.644280978284492
297.5621431923487,63.33062578431197,21.89445557276238,8.594740456075934
