255.70000000000002,75.5,51.2,20.0
255.00756166194432,74.88283444611203,50.481669409001434,20.234331107775933
258.61533473640173,74.84503386667696,49.848064602464206,20.309932266646094
262.0846723165726,74.83059988590541,49.44418093703103,20.338800228189164
265.60157924221033,71.50620365934972,48.91298765244118,20.484972114614852
267.9658394635873,71.96612173142745,48.4990389542226,20.643778906593226
271.3794350287907,72.50505139573606,48.12446279619514,20.641355406705912
274.8233221913498,72.99685701981727,47.65623431750291,20.72766846628116
278.32475550172506,74.63466891496813,47.041071362945935,20.645896509076195
282.24822089064287,70.44845083095963,46.57333946029195,20.58496253402838
282.98544231159815,63.20916582968559,46.14514456667864,20.416061260415717
279.55205978319253,54.87591613120509,45.75298421165239,20.49073114460529
279.76067598820026,47.73149848648748,45.33575180163686,20.323605272351116
280.9769632348894,46.32870275766099,44.95017999185316,20.05869270461222
281.65182579258055,42.266425372955844,44.61362329403544,20.077900133506294
280.867831546476,39.28103255909953,44.16445664094191,19.997220325310998
280.5811804860677,39.28036570456534,43.73719001455775,19.998554034379385
280.7639189646576,41.31233139732825,43.37171305737803,19.911925861871374
280.98518348436664,43.85060023920194,42.92918401795987,19.77256681783746
281.71018208642965,47.744455036372116,42.45767172583508,19.81273651950739
282.28073110835385,49.273553826808964,42.28884027312679,19.67133871205375
282.3989199572203,52.67600346833149,42.05246257539386,19.637534189963155
282.0579843832213,52.69280608103524,41.77110212312962,19.603928964555642
282.64060365789965,55.590712558391544,41.564369026571825,19.55914872663655
283.3622913128202,55.14712581402404,41.07567303412714,19.491642897975105
284.01978911529403,51.900058629811674,40.70698361865191,19.361633940093068
285.59130566699946,55.72064341012009,40.379752280644695,19.229269087219258
287.60700274039556,59.475745669538036,40.074212654675236,19.170773610028743
289.18318990972296,60.434334529840484,39.69966013877004,19.105477104590275
289.3064183228476,60.92505494739447,39.453203312520706,19.04331728498491
290.87204934869527,60.0716888421457,39.06562777929353,18.92092514983706
291.9479693227903,60.07533728502185,38.727206938611715,18.913628264084746
294.78486036082853,60.12298937386109,38.46298178460656,18.81832408640628
294.85386730245693,59.76733168334765,38.32496790134975,18.63360855041767
295.77316343927805,56.73717828990935,38.26791114816186,18.45854101570424
297.25823843485614,56.377456173401185,37.95835451678098,18.291120795462113
296.8876059546381,56.44274591072051,37.82024595724989,18.160541320823466
297.042893899076,59.563480485784645,37.50967006837413,18.044442458407605
296.2244585528934,60.072125075323434,37.40964973206317,17.89559879366807
296.2488442155105,60.587574359294464,37.36087840682903,17.729065684464267
298.069043799842,59.80960351348877,37.163390850843655,17.563551569736767
298.2504295566121,59.42728394526338,36.800619337303466,17.47327242849465
298.6502480831608,62.88331613893182,36.84897945412261,17.34518540048987
299.1652156708522,63.82777039171209,36.665504721466085,17.14919778038166
302.2686363145576,67.27435878162402,36.34090198423044,16.978579343615223
302.40137006154305,70.24527411872226,36.07543449025961,16.864598532761104
305.41093052897423,70.6509110004776,35.84282767621581,16.879969643653087
305.944358701386,73.59804209325966,35.599466730506336,16.750175251887395
306.40983111190496,74.93214369270542,35.48615937408167,16.53488444683534
306.94999460894894,75.3545748026916,35.21802075162538,16.502210598494703
307.07570528538,78.26813008761772,34.966599398763265,16.328813537429433
307.61006254317556,81.09118445206845,34.69881520142109,16.289217036270227
308.89567943370116,78.75817252867196,34.51647659954089,16.17745052472123
310.1691895817612,78.01730345387755,34.344418736758016,16.075880385418532
312.55561943743015,78.06200184004183,34.295599669072224,15.986483613089968
315.39499484589487,80.85282463585699,34.11220613333904,15.90019530265594
317.85131358305176,84.02615442222813,33.88460225734621,15.800247194341617
320.72037823954014,87.16126522904285,33.57663199016585,15.73592163305102
321.2362474689353,91.0197243963701,33.31497363797751,15.719804364415017
321.36525964164025,96.75142986403662,33.05694929256748,15.745639473369536
321.04840286484693,97.15493369371757,32.92805609667657,15.701238563485287
319.6307773736089,95.29557143387979,32.72358239234801,15.620307224655143
321.6580982789191,92.29518359669012,32.44645385811158,15.577061656820174
320.9912568283035,87.1217993324841,32.27880771882985,15.414526901641953
318.9005761931492,84.14412496447316,31.98807862037537,15.40708847931317
316.82353763343826,79.36798087199233,31.696534999142408,15.32719839285584
313.66194019329333,73.51882923431461,31.402541247167445,15.261610766407182
310.89751137945245,70.64094776468217,31.093295264037295,15.179270094860215
307.37524200326,68.17182142538773,30.90019277213032,15.051173902444711
303.56579860538983,67.48161769451855,30.61362061236381,14.994225190454568
298.6680493273411,65.02655461794417,30.420723436886902,14.910153477816111
295.9070629234774,65.07035720706949,30.26955153977396,14.822548299565486
293.18117907031376,65.09126708450212,30.078254265233657,14.780728544700235
291.82916590787073,65.13745719587956,29.974957636164547,14.688348321945352
289.8130778565598,65.54432595334373,29.81497120437792,14.57330456275173
289.9227877835696,66.99501361923222,29.595551350358246,14.449227084323928
290.3266049740568,67.04309847303259,29.476837634686945,14.35305737672321
290.3848712875645,68.4635580615654,29.360305007671556,14.254096096623975
289.4117151314231,68.50441573440628,29.260493207834777,14.1723807509422
287.7888620549322,68.56537301139133,29.110494014330474,14.0504661969721
286.251024333911,68.23537967881761,28.812181275537842,14.035655225952514
283.9996041167936,65.57617058197204,28.624029273194157,13.992939206411158
284.383681257256,65.2759694524748,28.522495757182345,13.926720700492659
284.4344685606596,65.63244373541973,28.420921150375154,13.877738560134555
285.8139885031212,65.9673506527385,28.30833177362848,13.869537352541132
286.2297237018933,66.2913547219988,28.136670137082287,13.881337975018598
285.9808576524368,66.30249666441209,27.97692039661386,13.85905409019202
286.042930724458,66.64460042821035,27.85277425257138,13.829581501284803
287.371994249035,66.6437873016173,27.80419909452489,13.831207754470904
287.4604815709871,66.64843454594033,27.627224450620652,13.821913265824836
287.90950051944264,66.358907765962,27.378109183876386,13.75204419561467
288.33268934677164,66.3611966090725,27.17575620742433,13.747466509393698
288.74907854214666,66.36828892936795,26.98393100984289,13.733281868802788
289.1381094358421,66.69324339986645,26.84373815312368,13.721241858477471
289.2227421793969,66.70007991684817,26.674472666014175,13.707568824514036
289.6286970677774,66.69990432183036,26.4954045134206,13.707920014549629
291.283356819928,66.70764001120412,26.337060817345698,13.692448635802124
291.0091439931023,66.74187626922327,26.25790609417085,13.62397611976381
290.7903907899329,66.443195530693,26.07019159003239,13.596116686347123
290.893048689689,67.38276071653029,25.864875790520287,13.582853371656618
290.9929012309729,69.25768153421187,25.6651707079525,13.545097681345025
291.0753900318253,67.44194268915759,25.50019310624769,13.486187220025675
290.8651113713419,66.8512291049098,25.30915274894632,13.444419031984975
289.15041712443536,66.26423421126017,25.090303571192138,13.4023295954285
287.3347258578503,66.01372924959118,25.09731281614185,13.299277304063091
287.6407812381693,64.86160981513979,25.087589034064784,13.193968258722093
289.2583338137713,65.14839792116403,24.854595801575254,13.220814430416471
288.7721145033236,65.16280658169185,24.63217938453848,13.19199710936083
286.4282846704834,65.1983296282956,24.57083239899144,13.120951016153345
286.4886413468952,63.4447715634161,24.45011904616787,13.079136499681745
286.5350384974383,64.36425396259887,24.3573247450817,13.007091658956805
286.57669348395797,65.58516402352734,24.274014772042293,12.910677091122716
288.4235449082027,65.88156164579885,24.081008995259392,12.901331358530797
286.9764878163676,67.38612974339742,24.073019221388392,12.79429912087484
286.15233592566057,68.27073662004874,23.985958627454856,12.760449742919857
286.51894443279946,68.57125085602588,23.829318901380873,12.735998559169376
287.1245313602029,69.7614516647229,23.76580165253969,12.650910153707116
286.3380756997729,69.7759860744496,23.624464796260774,12.621841334253695
285.7829320467679,70.08272998046722,23.59712273233827,12.577168207184782
285.25801377586913,70.3936539983042,23.511684352556205,12.522957632300544
283.86947553869504,71.28122825023351,23.461598323801862,12.444106630303494
283.8919546733328,71.30780300120335,23.4166400545263,12.390957128363828
284.2476739180558,71.60374758420082,23.26694283263188,12.360809229920495
283.9679842343151,71.91145120567114,23.267324442267913,12.30439974482528
283.97832272522237,72.78303085017208,23.246647460453378,12.235327244675474
284.89739352212854,73.09507498277696,23.078089932860113,12.167767001538758
284.6873972054046,73.12720282962187,22.945224044162586,12.103511307848958
284.16037005772574,73.43441310199461,22.89972673414991,12.038866565788682
284.21196664218445,73.4585047882914,22.79653356523245,11.99068319319508
282.3368170314351,71.59443994125859,22.727503755270153,11.899483855799664
281.32424564910264,70.26633662049005,22.580579768930818,11.840607058581437
278.8950475767694,70.31205997119599,22.580608512280314,11.749160357169567
278.95206689618385,70.34272607885444,22.46656987345135,11.687828141852677
277.12741872761774,70.37264529229185,22.367483580969502,11.627989714977838
277.1411010047636,70.41768905722635,22.34011902667786,11.537902185108829
276.94148701321944,70.70648879467919,22.208335780729822,11.491313939239419
276.99907774546085,72.04600168543446,22.09315431624701,11.45354349431655
277.01967312068456,72.07716870873219,22.051963565799564,11.391209447721106
276.7536744353556,72.10515474273046,22.059762067552303,11.335237379724573
276.77658809458774,72.13253425116365,22.01393474908804,11.280478362858181
276.2867851380635,71.90313249319178,21.95011103083451,11.217567063150947
273.6825964292935,71.15801587780452,21.96170983007823,11.14876670843656
271.8939180782831,69.64055834475319,21.908485949189192,11.07175556061653
269.8294304573922,69.67962404689561,21.90523456852283,10.993624156331682
267.80345383972247,67.12398421137678,21.836220538989153,10.953694746277748
265.7253474736366,65.61269797589675,21.885186531332376,10.89583216236641
265.99797868061916,65.90102185680327,21.853045639185297,10.832305922371438
265.2647934976312,65.92733659888279,21.784797406429167,10.7796764382124
264.76205487733546,66.22297968372061,21.77104639184243,10.6980043961259
262.4861516276302,65.73565128592686,21.750978267980773,10.656689053208456
262.2363660667332,65.77028459257066,21.74358079814768,10.587422439920845
260.2127653364329,65.79996346639443,21.74558820276366,10.528064692273308
260.9539622057659,66.33043340790677,21.777117110831217,10.476406573737702
261.7237293198347,68.36121062949172,21.750186875467737,10.448462777965537
263.4696354540862,68.63770493467032,21.7815821565411,10.398789531833506
263.4901245352504,70.67703680414422,21.74060399421264,10.34338475597809
263.2989686888335,70.9531163732334,21.621582804227728,10.292558500618426
264.36438066946306,70.97048614749704,21.485518771855812,10.257818952091128
266.08247000463774,72.73101451432726,21.52188760610227,10.209309723026495
266.0725691440604,71.74907557546679,21.541689327256933,10.190136224328617
266.1298797255665,71.75995434394409,21.42706816424475,10.168378687374021
268.13014098614764,71.78759198093515,21.37574299509343,10.113103413391903
269.56692973079413,72.06463114882975,21.45371383778139,10.05094979959954
269.35097117005967,72.8246323847951,21.393651189329688,10.006886637430787
270.32215542723554,73.095996740068,21.412572817704593,9.954480462566623
271.0198392889195,73.85240058349719,21.486242191343866,9.910709872715499
272.77916314607234,75.82087082480581,21.39752808944568,9.893693518563893
274.20582809078104,76.57588020505099,21.47452802097902,9.848839668548937
275.64316495565515,76.8479916115114,21.53222555823947,9.793345400129557
275.454993052063,78.31766443781784,21.419973006567933,9.785577900651443
274.543711682424,78.31736004688169,21.295284653052967,9.786186682523736
276.22786718107335,78.83724653431486,21.321930297590885,9.716401319610739
276.2038643455887,80.55977836158206,21.369935968560203,9.660418733186146
275.2469239138119,80.5778842442544,21.348335745792554,9.624206967841435
275.47174339358475,80.84321623739731,21.381610826280053,9.576457021588915
275.19622872727746,81.60284721081653,21.450082513559785,9.504868010754944
274.9734652950402,81.86370453112744,21.413315894391367,9.465446853776003
274.51408003046805,81.64685320170655,21.36997212599602,9.418092363847922
275.20407030447365,82.8694697726054,21.428743130947247,9.37077847698775
275.8968977055637,82.88417932700702,21.48190207457353,9.341359368184484
275.64292126846857,83.15018629457947,21.50999528808852,9.289205093714871
275.9180273991414,83.15323040295948,21.439126817766418,9.283116876954862
274.75223119197176,83.40063971816542,21.37971860503824,9.266498371956487
275.49625211473506,83.40960063458623,21.322787058306147,9.24857653911489
275.48941814534913,84.13553096952498,21.336454997078008,9.224375169362407
275.7151383288715,84.38418494769473,21.3606708606206,9.20272344361025
275.71665869751314,84.614623692955,21.357630123337337,9.217471146315702
276.178579108047,85.82325162293589,21.385475131381767,9.179429859134398
276.1537160684889,85.84453644170827,21.435201210497986,9.13686022158962
275.9260081842581,85.86302344511343,21.41507521915844,9.099886214779316
275.4689481006092,85.63857321079195,21.380016129047178,9.074197054717743
274.25753486307434,84.70983007621494,21.434740375630334,9.037201541082483
274.5068243959236,84.47616954969685,21.40992077090313,9.03076313314739
273.5964230536501,84.4760716711535,21.337592786477977,9.030958890234066
272.4299954001102,82.82674504730305,21.309292646410555,9.02399451192883
270.5806267429335,81.88732090621805,21.234477114373238,9.016066370903452
270.34587024174056,81.65133709082173,21.233528888524194,9.017572773461266
270.1244744386958,81.19104146691005,21.205846270518887,8.99721557309505
269.639756391019,81.21305311491089,21.2358670715091,8.953192277093358
267.31756287616867,80.50892200691423,21.18664405813399,8.95337148016394
267.31832949258944,80.29621508126402,21.18511082529243,8.91013911085257
266.8383980367791,80.07589044639943,21.20926769359456,8.882935358922508
265.22835946027925,79.62080054800398,21.15530557990845,8.857675365231714
264.9781022491565,79.39656257714137,21.189337573921392,8.839668878724417
263.363629938279,79.17763848157357,21.151682906547283,8.810860028555858
263.1031640832879,78.48528270151103,21.20702079038404,8.798790110244365
262.6229781446719,78.50517063574732,21.23502363452844,8.75901424177179
262.8788742533234,78.50738844655518,21.189112771289373,8.75457862015605
263.61423224242077,78.51923610015986,21.11379702964077,8.730883312946691
263.4171587779519,78.29778517308472,21.04433114120762,8.71017234972614
263.2049109759677,78.07664216599774,21.006595982648463,8.690227601372547
262.53487080122625,78.32603227859481,20.962702566234533,8.652771964810707
262.07468698201836,76.9551317745737,20.963038942002512,8.634479184909747
261.4232069451232,77.88407823924406,20.886918886412214,8.61535976140993
262.1526105298997,77.44213660630973,20.802840597315523,8.582757106974482
261.95875079508045,77.44023943996147,20.734124565019478,8.586551439670973
