223.7,71.69999999999999,15.0,43.8
223.19461249251722,68.10760284541409,15.010775014965521,43.64681526045817
223.23201444390554,65.01544768229732,14.93597111218887,43.507198447093415
221.0925708196645,64.96385461596608,14.714671624284819,43.61038457975587
221.12701884466944,65.96842954012249,14.645775574274895,43.39615618713018
218.53675384690763,66.45356769179458,14.467619535291334,43.31899422287053
218.55526136178858,66.69938791782138,14.430604505529416,42.82735377081692
216.88068449643455,66.86459873967318,14.255831339764178,42.496932127113325
216.07828138324436,73.54313267499452,14.114600149972281,42.235144877763304
213.12434828598924,78.97762334343774,13.95585711943591,41.76606506952811
212.30897916573286,81.77260359076732,13.872602202949363,41.318084045866854
209.81650468339726,82.3412527319353,13.763393841073233,41.0298119846221
209.8278081992751,79.59369356146281,13.740786809317559,40.624810277026626
208.15968903251218,81.5323262877461,13.730483142184537,40.09408682511895
208.11320239826938,81.70840348418318,13.823456410670104,39.74193243224481
209.36901206495332,83.54670777364149,13.788167139763795,39.36709726994363
210.64657481390668,84.08024605673995,13.691233308923143,39.11941792610203
213.48694042257858,84.28848315723187,13.708892307411652,38.702943725118224
215.1492655167176,84.4415545339329,13.617740736824802,38.39680097171614
216.40983502685884,87.7919944414186,13.503489399454239,38.11428831117641
216.44820221524063,88.76385546453736,13.426755022690633,37.76283880689997
216.88483382415757,89.02973239074694,13.343158934415545,37.23108495448081
216.89736259946756,89.61907733621494,13.318101383795579,36.83286592446302
214.25435849686798,92.88883552287486,13.184245877937354,36.4874795066373
213.94052082320678,94.17419045529044,13.045078675041415,36.21729729246129
210.89155793383895,94.62279048131262,13.059742193194726,36.080505022989726
207.08986812882472,94.31223806642495,13.07612328252872,35.94291000069562
201.40843134526634,95.9319765698209,13.083834822971626,35.73147620101676
196.080916521681,99.7462661921385,13.181514213725663,35.643861425250634
190.74239753804787,100.20950400371567,13.294095079095129,35.47198988080322
188.09048029969165,105.94956051434252,13.318813078393955,35.30426931115012
188.8367020054786,109.4323534878552,13.330728809436957,35.1082995059009
188.8368548257554,112.18151332900555,13.33042316888331,34.85688279413085
188.43442860666846,111.91119249349487,13.389365608854067,34.65161446694908
191.4615413808656,113.17304304118852,13.287132199336426,34.35991042364049
191.089111190177,111.49735540648068,13.29406759756443,34.021660777310075
191.1130977565109,111.61178095267209,13.246094464896624,33.792809684927235
191.5238775919632,111.77104661290974,13.153493595656505,33.474278364451955
193.77114865192533,113.02067274854755,12.994961937944245,33.14303132428229
196.68581267526386,118.16740375571598,12.885685099838847,32.85965892494578
198.55088439081354,118.57846218404279,12.700171959808333,32.74646812650592
200.41206232598236,118.66112430464416,12.497520625845489,32.5811438853032
200.5076308470673,117.04096255239023,12.306383583675622,32.33203315241509
200.93780502821184,117.49283933837495,12.1368589362117,32.11910329527082
200.9992309885679,119.28622351963946,12.014007015499628,31.955703494923867
199.0547548453558,119.71285914158976,11.822453490716773,31.78251655289111
197.46627471750352,120.12760643479673,11.628878448293424,31.62712902610271
194.84624874661114,120.22896792135823,11.522154075559717,31.42440605297973
192.20862182409144,119.05113798570946,11.489581082194228,31.126152505074806
188.22880267255923,118.49272022453572,11.546309824342693,30.925836433936322
182.97204992645584,116.62572018045219,11.552489199884121,30.71958922835388
178.3587154481957,115.38967802974527,11.625463657454294,30.576332244353377
174.3983589364821,113.84668383694518,11.709197165049304,30.3969124983568
169.458224967795,114.25480252146073,11.809546550402759,30.23266969946042
164.87260561484237,114.02040758264036,11.860874125306452,30.050037353458197
159.97974209690082,112.1396445164508,11.901168480482017,29.913390413554275
155.47460615797743,110.6099965317961,11.833343314199535,29.73050886710325
152.61785087262055,108.42291516748102,11.745815240573817,29.592752650136035
150.11507972351615,108.53536413953252,11.623473001461907,29.367854706033036
147.9565471123123,108.63520334591308,11.491901851633074,29.168176293271898
147.6970768687155,108.08744075905852,11.380589086947257,29.003194963222168
145.55690682039267,107.58422326240398,11.279945767081035,28.75792040895644
148.09588022332696,109.85665367362645,11.165861487635144,28.556439297131334
148.14722442029313,109.92157348357573,11.063173093702815,28.426599677232776
150.65428770371787,112.14956218142099,10.943207805083146,28.253013399993385
151.01782093892672,112.5295359548443,10.823230755379015,28.100155273860377
151.36940371290137,111.74965768403929,10.722773541183095,27.851786814210328
151.41433542346533,111.86359886165084,10.632910120055131,27.623904458987223
153.84171776447172,114.02289276110986,10.51709863340106,27.451900706008075
155.07335900174436,113.52129396501633,10.404955904075749,27.279528425585177
155.39321323486521,113.33184756055205,10.348508556836338,27.07516011551141
156.32110501643336,113.69478786553799,10.230565400391693,26.92855964110342
157.23166000311062,114.03884009288365,10.134528754978314,26.815479629059155
157.56871349507895,114.98078724100456,10.032071370467884,26.646534131095926
157.89609359518516,115.92610468590674,9.944660365126115,26.4579468259037
159.8863713186517,117.440267581069,9.905361778475392,26.244804507209405
161.04823642881212,121.730301903742,9.818591103388911,26.05333415649227
162.75133543324733,124.03241573118947,9.741777152225746,25.888285245207058
163.32383132043512,124.41167913758149,9.699020324464259,25.680875905730066
164.43257364626282,123.69190433430813,9.670899517192746,25.47840262898883
166.62397546370116,124.87259220374258,9.639298673829133,25.29262828587644
168.27998968187768,123.33309863432999,9.5710991236596,25.12778653851815
168.3001648572308,123.66116598920694,9.530748772953363,25.00866923806736
168.309010953305,122.40220597896769,9.513056580804987,24.853776929555337
169.93361681105233,123.81092679448801,9.45583668872959,24.6963284846974
170.22862164324286,123.86348863602467,9.394510468840323,24.591204801624087
170.523654220532,123.39722698712669,9.330497539138044,24.471623649668125
171.86208499458445,122.16215824106096,9.269450426489659,24.32594670634304
171.87795034934027,122.2261750848569,9.237719716977992,24.197913018751162
172.1621720183703,121.51927458025672,9.186797117528423,24.05915181211989
174.5152294213662,125.18558330855876,9.11199328850109,23.930795875238225
176.08772711694945,128.04304791786706,9.035269285228656,23.841030867760765
176.11194147319188,128.33898972248517,8.98684057274378,23.757838235457278
176.13099200022745,128.14996102789692,8.948739518672665,23.629285479529067
177.65872881075566,127.7116399211217,8.917622019728904,23.497808985708623
177.67657455632767,125.76944886009109,8.881930528584927,23.36945104553794
177.9433421470546,125.08835232770832,8.847483373088464,23.23438003243121
179.45113400733663,124.14210164498176,8.810952170820514,23.140846385686892
179.23866223656066,123.43835866220157,8.741402261987938,23.06485200009384
