229.1,111.5,9.4,23.0
228.5508140018006,110.54104649290163,9.498371996398747,22.911814422867568
228.49750127661224,112.07961007786416,9.604997446775496,22.855819137173548
228.44420907854857,107.56503949370475,9.711581842902849,22.80198743106196
228.1361317728391,106.05969403209471,9.822012683229705,22.77833572772964
228.0645955872949,106.31750122451474,9.965085054318159,22.770064331184976
228.51289945171192,106.56596137864574,10.088002575392514,22.7829066478772
228.44036961823693,104.50046922456919,10.233062242342523,22.81685746613012
230.18018771019075,105.2485942448501,10.3597781566896,22.866186896248912
230.37375882630687,103.16230238324931,10.490790741152818,22.893532085887045
230.29629101820137,100.7927805828701,10.645726357363817,22.94477200267099
224.22456273960805,99.43493940188134,10.729178017276826,23.038714169589003
223.9190174970656,101.72312220157264,10.813072322384967,23.207114189997124
222.0281611990925,104.0448324328635,10.87676369200019,23.344006732698112
221.70091720170225,107.47608637384327,10.996974328882756,23.427104503411577
220.28753903601194,109.3393954500243,11.135672360470613,23.463767970759385
220.2295697384501,109.275542228913,11.251610955594312,23.591474412981995
220.15141126899408,108.62746949521727,11.407927894506322,23.798623341651073
221.7490095898847,107.70656415807343,11.514455045711726,23.989572119445427
221.6553531136157,107.88974620694972,11.701767998249746,24.178173222694465
223.53316527698382,105.8232362645456,11.873300825484973,24.384035953531196
222.06702726995601,102.61097290325549,11.97029422024844,24.570940913668622
224.28270489622847,103.03137058183447,12.111000053749652,24.873160828022222
226.51255324243732,102.88878707335036,12.278687547191609,25.15832784499041
228.80367321626147,105.39199298975197,12.380915853992137,25.421942798442114
230.81596379174695,107.04939795254207,12.494960339827841,25.654526275839096
230.84047101686093,108.11849423765887,12.445945889599884,25.902953204732608
230.78759538806423,107.70075899280758,12.551697147193321,26.138965483243254
229.2226851853357,104.55854150241663,12.657586718801388,26.37553879632719
229.17891342955,105.36249594675857,12.745130230372824,26.59800429590845
228.21149130593471,104.28370168611292,12.835171601137832,26.91078994073424
228.41900758872663,106.7086120692137,13.041256184875108,27.029906369101322
229.65063666631517,109.6528924910561,13.083922200284686,27.40615595188317
227.71896817392465,109.67042955178127,13.150643208262574,27.371081830432807
227.38255674800408,107.87979849303343,13.190044244637589,27.151813055131825
227.36115089900292,107.81019537602384,13.232855942639887,27.291019289151002
224.57503857432363,106.39176821175562,13.101951508520088,27.593149580585916
226.8916135836008,110.69072397480141,12.919664482426784,27.896964039416353
230.16564547829353,120.77477631767383,12.742608609907094,28.116084687642044
229.93985083111957,122.81241803775684,12.55700276615494,28.50116721417654
227.46380559635188,121.67766068272104,12.39267516662279,28.85202514834783
228.49723976191657,121.17865226970157,12.251097667749157,29.208278363634832
228.57061278160683,121.00499339334146,12.10435162836867,29.555596116355037
228.5271546584437,123.42979095307642,12.191267874694937,29.234140315552075
228.83679315965148,127.28168147193948,12.21573997161376,29.255348469838946
226.9076385078734,123.36517164962162,12.207078379286983,29.354426322708814
223.77571009492732,122.15216388007337,12.01309187105225,29.843088861567207
218.63033845615465,113.12959693143668,11.913056600750773,30.353783959349027
213.1305322873182,108.05619291875874,11.776919877493782,30.674931048590352
210.21897308097712,106.9011458041513,11.684814937305514,31.01328416018173
210.5952674019416,107.95527237578946,11.592708754071706,31.546960851685927
212.92258855626716,110.30297827964137,11.603785863581138,32.183799807594205
209.86039407522307,107.67910062666706,11.64479015613248,32.70003370390304
207.73380268299854,108.15279712311491,11.793201280102247,32.43676932108724
207.26794823537054,106.53447026555109,12.04187810468425,32.25826268284467
205.16911141607568,105.4385881794698,12.129747191213397,32.395124578976954
205.24789167166404,106.08608622818068,11.97218668003666,33.16574874528935
206.86153220526833,110.0469648410097,12.228986994269459,33.605786835090626
207.27677480601636,114.05524404773621,12.106345989266734,34.08335877955794
210.49339551141452,115.8583220490377,12.085631212546147,34.752220533005485
209.47771014257103,112.43033166546425,11.951705706968326,35.83407798477953
209.42048436940775,108.50618906367053,12.066157253294882,36.33363066261567
210.1938990051096,110.24419648759745,12.00764358969793,36.578404834278764
212.38036805802642,111.04470289685753,12.114277088845192,36.47058255075224
215.35959118659767,125.44864755037202,12.131921506449672,37.54314661745808
214.55670948997397,125.7110514380578,12.212215258544857,38.543808483238735
212.57674561746703,124.33704126726033,12.279304628720356,39.734693474898265
213.05462499259443,126.27546850810121,12.91727991992028,39.84217409685343
209.63022235615986,121.69224350665239,13.284274871581268,40.09613490808985
209.42130053408937,110.70320196582672,13.702118515722267,39.916920676447916
205.9477693074267,102.17195406461263,14.04325414399546,39.63885856311434
202.66794889508066,106.6041572839533,13.979096079620556,40.71015045803351
203.1632234542621,105.96095239666224,13.830782899535864,41.99656023261562
202.90868756759508,103.767591708974,14.339854672869901,42.95126210147117
201.75381425171147,100.03163529092981,14.887412674287821,44.255514731337094
199.86237154134952,100.53083772489718,15.030653313922903,45.986843449218945
199.68085583110806,102.87698545210993,15.393684734405852,46.91907355735078
199.9585336410394,95.27468058374129,15.79582910044014,48.718683491530335
199.01827677019503,82.60936654980665,16.685592128921037,49.28054372920364
199.05004050865153,90.80595729191155,17.637272511534768,50.14589585694828
200.4959058020513,101.66970002719856,17.88084251476294,51.41061471324413
204.32554569839175,109.14804887891003,17.69601161368928,53.538371619209116
203.96953732974455,108.07449452786162,18.408028350983663,53.49549973996812
201.81209646695362,88.05607877684679,19.400542415438807,52.556463421434444
202.60780840645674,103.74805758226233,18.92113010245955,54.53285279141256
203.3281867283559,88.75286786990132,18.612164226545325,56.22846301903251
207.9897094830346,111.51335371458809,18.493171025134835,57.87825940788692
216.42829738189556,107.43408396597049,19.195772752330633,60.17687306348288
222.9244013866461,112.37346181423176,19.60091305246652,62.477524921175785
229.44615972974626,112.249536584756,20.399945629307428,63.98378894949471
236.4199418020112,107.59062662159648,21.990000853291388,65.53279919155679
240.88349861294714,97.52495718200834,22.487472160509604,66.81496821255308
261.33874558248795,100.34580474771175,22.79539526013712,68.04300925426445
279.0605695009309,98.51704386382929,23.680572482760113,68.90600601745177
280.31901865688064,105.00733378302888,25.441455288903022,70.18469657252747
274.42328557029293,115.55696263239474,26.89727400075359,69.7567337964456
