32.9,190.1,12.2,26.4
30.28308724512815,180.12648603080856,12.216681706772949,26.67110538236955
42.12837040677065,168.50403424115302,12.188292500247657,26.860554335094292
44.27953782507879,163.24042262323078,12.148962362960605,27.034766158282
40.940782959636316,155.21427513107605,12.107016459561072,27.20471146155544
40.942001859608034,146.00054983931452,12.104578659617635,27.25395211337295
45.51040075078766,141.35208679879412,12.167052615369887,27.351606456302257
47.01298866322704,141.31774164367008,12.240978695438168,27.420296766550347
47.91470493763065,143.77419178801895,12.29194924772618,27.45247141410651
45.71938622420496,148.70329124902415,12.34603665192306,27.506386829592127
45.71988767900557,158.25076612956428,12.345033742321835,27.670289233158364
45.72361793629434,167.7946017401138,12.3375732277443,27.915347156594894
55.14375933843979,173.7202650684706,12.310048424104675,27.978767233627096
59.850750646738156,177.0663320917324,12.30904819120401,28.189486935147297
57.32582578346775,181.06146408006344,12.314127057990166,28.396975605586487
59.54341498377354,183.2267716782983,12.31498586859316,28.502397620331344
59.51242761244869,186.63579235111382,12.376960611242852,28.67238495496006
61.725309975330646,188.2868015648354,12.423217516062671,28.56466769221957
62.0300515490152,190.37151891253626,12.45184214837428,28.223879674902182
64.21354310165667,192.4519092636731,12.520279056623377,27.86488755565595
64.16295731676539,192.61573656698417,12.621450626405917,27.53723294903382
64.71733643884781,193.0672908080004,12.765826671494278,27.2606916116279
66.200841131886,193.20383439695138,12.924051114039415,26.987604433725956
67.3665018868184,193.34149225340892,13.08795208237435,26.71228872081087
67.58787116618196,193.47282505406946,13.267828605297826,26.449623119489797
69.05328170949802,193.60367170540172,13.446373108824423,26.187929816825257
69.88848079436437,193.11545082775993,13.639289293933789,25.92216200221413
73.18900537431223,193.24004019874673,13.863817482558574,25.672983260240514
75.85746162428987,192.70821058406608,14.113036375155302,25.495279957923564
80.16225662169715,192.70406660211827,14.215962029476774,25.503567921819165
83.22540327847118,195.3537388584008,14.33179543039532,25.1979247808274
83.27941553991847,185.46604722080664,14.223770907500718,25.702626072102664
78.94349813296164,176.16119601121795,14.11320552978618,26.120213808621582
73.57409042742898,175.64718308618868,14.114320807977355,26.51661023909933
71.02775694792408,169.70332203983227,14.106666637385601,26.928609790208586
73.62076620703498,164.97699999476924,14.06883303004933,27.371930286285057
76.2275968991512,164.7792177888674,14.050675840972648,27.767494698088733
81.1772382727889,161.6626926473456,13.976045570393307,28.105753495114705
88.78185686667854,152.5649713643498,13.916377800501461,28.516918918368873
94.10203632644527,147.47799695875923,13.895274188533337,28.73531587870754
99.11920263418777,147.9670546131646,13.859249503219122,29.090308293919595
101.7858429775716,146.54436715324547,13.895176004069208,29.251079619948946
104.79228609680955,141.42196895883006,13.94961220290335,29.383671946596355
107.08458407195386,141.7596479012773,14.104386015437253,29.38536688496217
108.79692587816767,144.67980219533274,14.078655440767347,29.663173764815152
111.18710762102376,144.87319581768418,14.082295422828011,29.959815586936983
113.60473011528808,144.35243550531044,14.062043230611739,30.313480097925577
116.03615674575474,141.76793918937943,14.048071183763069,30.633591515702985
117.76290991595654,143.12101728336108,14.08031975653003,30.716039258276126
118.75525954422314,144.7768722982044,14.192408389280445,30.898975710728813
121.52188695866266,141.9629029607941,14.287869146272964,30.89819879967787
124.25036088225721,140.22051304096328,14.47299649940338,30.856681639139794
124.88855102905006,141.66606260238729,14.612426918654606,30.797203941965574
127.65490133060348,141.4946741737003,14.755554353240893,31.13998079933954
130.53223892377488,140.9475950413236,14.737141524199702,31.517106269430194
133.42834730494866,140.66622836421865,14.722963966087354,32.079839623640105
136.3306827608495,139.7362849391361,14.760452429075293,32.47918663010781
141.14704900474578,136.64797639548794,14.705985641961686,32.761486363140165
143.7001142775979,133.95898014822058,14.779614981068452,32.9597189728639
144.78704915970692,136.52999088029492,14.838260152478597,33.02689902518115
147.3485392090954,136.50932661131168,14.938628400844642,33.06822756314764
150.2391201792208,135.72274417836633,15.14603966409275,33.144249128163636
155.20421456150495,133.31283762784648,15.009359493153092,33.4439813398362
155.9805519590809,134.24057172396098,14.96734084859852,33.85449737350317
158.63311137174696,137.15458160407522,14.986392297233719,34.111243640665904
159.02205824000384,138.56458447513978,14.973188559916757,34.349997895324094
158.96297157653237,138.5056884669246,15.091361886859689,34.46778991175447
162.03339903133036,137.70482142809067,15.124638975644755,34.525990989827115
161.9779541909018,137.71161418861175,15.235528656501836,34.512405468784955
161.94896376279752,138.1252551425149,15.29350951271044,34.46009850462194
161.54452251100673,137.9706620174809,15.327155733079373,34.76928475469
160.8020388064536,131.46575844409654,15.251408420404788,35.2933741272118
158.02307443149795,122.52158689808225,15.302605028077888,35.874844772205996
157.65455381987755,119.58874904326474,15.24356794241913,36.1679723195443
155.2515952087998,119.49064482296365,15.253664270959717,36.36418076014651
155.60376787811606,117.85603636372146,15.351663658181216,36.424018775214925
155.55879049873303,114.64486250507656,15.441618416947279,36.40664431515335
155.08454058545948,112.1299241773018,15.583803160651591,36.598630473646146
154.20460440446817,115.38153485175734,15.720377170872982,36.58860253177986
154.47618824836104,116.11584889826072,15.991142562475877,36.74784059755027
157.26468682814965,116.14480874835841,16.16164102987842,36.689920897354874
157.60073302936897,112.77405786824662,16.31279667211283,36.84543830019426
159.68064944187037,108.65730939109531,16.29397320028353,36.79691654814981
160.46056163856463,106.58578795785215,16.388465409611072,36.80416790784598
162.9170393985079,104.62150329013538,16.449133723873043,36.58805071482238
162.82272355232752,101.67943117944462,16.637765416233812,36.6842830909081
160.20240730458798,100.87382272899502,16.888876681260403,36.63232624832315
160.06809850108374,101.68751242165798,17.1574942882689,36.67545120571622
160.00756607511494,104.52985064794467,17.278559140206504,36.87505740977248
159.98878551189432,104.34763944713126,17.31612026664772,37.23947981139932
159.9833094428384,103.32074219681249,17.327072404759555,37.58989630949154
159.55140043433892,102.32053194448802,17.333862503274037,37.876260977171476
158.69835762675342,100.6036117528227,17.317247118342355,37.86469936029691
157.38277344505798,100.2401173348036,17.365751727911146,37.730800278394376
155.1902023764782,99.38398357962005,17.452005322455282,37.72351237171531
155.0999854317715,99.50316741112306,17.632439211868686,37.485144708709306
154.6662076353571,101.2520535901476,17.63913515191217,37.43081096180144
154.22580615588734,103.69449793800135,17.65975983812466,37.70699190245602
153.7320470609752,103.37479954490735,17.782676943521658,38.34638868864402
153.6321706446097,100.77891438637786,17.982429776252687,38.28121400925738
152.28102074242312,98.99471775676652,18.048593940754717,38.334759748651955
150.50267903972258,96.30341653920726,18.082632160707536,38.43339440559808
149.5426535317167,94.90999245222403,18.237264287870904,38.572114246291925
146.3421159951388,94.83721908607882,18.426088294192777,38.71766097858237
145.80669422855257,94.7395344014849,18.60401335665233,38.91303034777019
142.6060475262432,96.31675165312765,18.712914216095403,39.35424872744224
142.14717008033912,96.52414798866099,18.72335234996945,39.8467728143097
138.87763490997278,96.90670183344201,18.859209947048193,39.99640980241249
138.45365414946036,97.70947150483106,18.787840543062014,40.229532309656435
137.5488125314494,100.96094210406375,18.75451543632444,40.17712031084933
140.29921078446998,102.6401400460966,18.774607263715673,40.499316649071865
140.27185521587742,103.10118311043804,18.82931840090079,40.50246543773903
140.20344686520997,101.67359238504753,18.96613510223566,40.57891539165102
136.89629612617364,99.70276384720945,19.072024682197696,40.801479954121106
135.98659037812448,97.01371023501582,19.021625222837137,41.50505978986121
132.2022561894801,94.6461861687367,19.035487941650675,41.518354385872456
128.90148176297194,93.30974860697597,19.023505762055006,41.35685906684591
125.55822174240274,93.33425137890286,19.114564325618804,41.30785352299213
125.06281368955453,93.62943946701287,19.16228755668909,41.660570221398245
121.69412150615375,93.47394056156956,19.255889077178487,41.97156803228487
121.57056076962846,93.53483630541805,19.503010550229092,41.84977654458787
118.13060052559463,94.05392450425664,19.67771604958491,41.769488002440966
117.01247117327429,94.86225800616573,19.994419274355646,42.07237647849275
110.99069829309794,93.54425818337191,20.400470055087503,41.79900237917519
107.42095329494913,93.16883176426529,20.72985214801819,41.576982659764596
104.38117161160322,92.73379061236975,20.957358602664247,41.471722144881404
100.84220835153573,92.51256576003325,21.191055603970668,41.914171849554364
97.8616455229324,91.74478159816667,21.222056281153034,42.46138600995017
96.81144587160635,91.06992260564388,21.328490508081238,42.81412145713379
92.7070457671303,90.84246209617322,21.504909558508935,43.26904247607509
93.38046236668382,81.02052775242936,22.18575871072958,43.64992882594973
93.62580182825282,80.22043233044215,22.72639995116122,44.2187995063545
97.15752340546126,80.66662923256074,23.006850701712494,44.37553340282705
98.0045259242313,83.88993147389817,23.425470306938493,44.266802848450354
101.6514310623799,87.41634823187928,23.565262599082416,44.647571900929236
101.5583538312713,91.3391825033277,23.751417061299612,45.36199372078723
103.6213637837812,95.29059572278118,23.960720849794743,46.12981466891017
103.98715720601898,99.06647153068826,24.327973520953083,46.26993966253331
104.41121675084497,102.85394172880177,24.587128852489936,46.44592021462815
105.51133296953668,106.37074685369367,24.61562878183359,47.21287324838904
105.46335726476914,109.93670457479126,24.71158019136866,47.96462377345888
105.40827203106345,112.31164168268064,24.821750658780044,48.909956042466575
104.89329331476064,115.47434883934831,24.696760525068417,49.51422712703474
103.72862801670122,118.59495243181327,24.70267994009993,50.24325348536676
103.07879690932698,121.94772475451288,24.829770073859944,50.573141325898334
102.94768961991642,122.92653800009035,25.091984652681074,50.97483112019408
102.87344926671418,127.61619106683584,25.24046535908557,51.116825073390565
102.82020239867352,131.49732109890044,25.346959095166888,51.71850853623991
99.69759191136318,131.71040208989632,25.564248345779475,52.49793289904976
98.32112485750946,132.03315674791514,25.87542743159319,53.07330109395901
98.1751652678429,132.78761131679167,26.167346610926298,54.03399180563558
93.76690145378728,133.63026727979334,26.205412352824126,54.8568118471218
93.72210681682022,128.9955383609826,26.29500162675826,55.25830432834373
93.06834300936382,124.18355014836521,26.328196799596117,55.96195365905402
89.85394305465688,121.48052366105463,26.330666590142812,56.22694253858147
89.84353081193117,121.00660018569688,26.351491075594232,57.174789489296955
85.81656159636353,119.91331707387636,26.58445919760028,58.05786066141643
84.91736086319281,118.83083666583147,27.062299603637218,58.90226041720173
84.12297727900693,118.36982564590019,27.309692078740035,59.82428245706426
81.87598653414364,119.05961848931207,27.72587787091652,59.8039620027572
80.95057970298564,120.89272043608281,28.2103924750945,60.23665528362982
76.59286170202475,121.69044253222762,28.638763623372817,60.02238856694741
76.47325444866034,122.8060702321134,28.877978130101642,59.17667741350071
76.37417494123243,124.43416363323651,29.076137144957464,58.67503223245191
75.76932516001723,124.35896796871343,28.912508929774106,58.82542356149807
75.7220852957594,123.07252476197291,29.006988658289778,60.025617295409575
74.97589674446604,120.56740273613163,29.107325085242167,60.85973932018916
74.14717564631289,119.16931151110015,29.358683945639672,62.24983843434332
73.98796811159448,119.12740642202377,29.67709901507648,63.764595849220605
73.85190624410978,119.914511375195,29.94922275004589,65.10800302616846
73.83216178963289,120.92320742750778,29.988711658999662,66.05726479136156
72.09025524495627,120.50757514471488,30.476624580213926,66.88852935694736
68.81410088345379,120.21012761123106,30.95393048219343,67.48342442391498
67.98127563758568,118.7779379179278,31.08368598030913,68.81190881690098
62.3836460317804,117.78998098080882,31.37526229328271,70.78782269113894
62.08416232349298,118.64139048451831,31.97422970985754,73.86030980335497
61.19325138287189,122.28040868303351,32.1087238742462,76.46623970744568
60.89690357163824,122.2848228698931,32.70141949671351,78.14517102198808
58.849049038732296,122.35601938666619,33.351502337660136,78.00277798844189
57.859170871509605,116.32537894841245,33.598937152106025,77.93780822495293
57.45876237994898,110.64447131875815,34.39975413522728,77.14920893139299
57.080413552328956,105.31237292877412,35.15645179046733,75.64431589646726
56.06824256014095,98.38051736337457,35.45107426838068,75.67027097556523
55.15714037475054,86.70808487083937,35.537997414414406,76.45648003892329
50.59621504778562,75.43691255655102,35.918034587755095,76.2701096179682
46.79792699090085,68.27172334866525,36.5053979545919,76.58206253987427
46.201916095466984,68.89146573313218,37.69741974545963,77.10977621639204
51.35470986103704,75.10779987341354,38.16683932766977,79.043784086963
64.78330065395606,80.24568273406999,38.79793858818092,79.7633307041898
79.2676407905131,87.36961773685394,39.49638753018469,78.49482973023594
100.34736498605437,93.88684353785712,39.83290779903585,76.54628299603837
113.69574402935459,99.09471696682996,40.50585771405717,75.25377213863327
120.56029286646962,104.80595281359146,41.31345381499469,72.91673405458998
122.41608348181904,112.08902433961822,41.19414398734148,72.719676614719
122.60854892989052,118.73340727916835,40.80921309119852,73.76011495292386
121.70738904634707,124.67008501330723,40.81145993298882,74.48726996172215
114.57099905763347,131.93967354863415,42.407633596932754,74.43564296362062
108.43897288164062,137.4268435478528,43.64640244213561,74.4865864719662
103.29864765100436,143.46205269641155,44.629776198600425,73.57290022061791
97.4512550275646,148.22134423001117,45.14980370604688,71.50415564637406
92.63705266367869,150.61460259535988,45.577694949936905,68.55774161245299
85.93477096461382,155.74905208209145,46.363152043182836,65.49976052749483
81.02147929402761,158.08616050613094,47.34319105307054,62.59485254567286
75.96614888742306,161.52133742745812,48.74874528929491,59.206541333812346
69.42887683404095,166.54404477070918,49.84135869823057,56.00794418892657
69.46991763374746,162.5740225227823,49.75927709881757,53.87067803892438
63.952925709756244,163.09253205403502,49.280326195444026,52.8336589764189
64.38772821280594,167.36854878511627,48.41072118934462,52.38521312034392
