178.9,144.5,4.0,6.0
178.55805425382863,144.15787614645978,3.9998056395465116,6.000161854284221
178.79508839030945,144.31570998440722,3.9996061927152735,6.000406729142905
179.11108656964518,144.47354183707841,3.999436438736891,6.000656326147127
178.47931638517363,144.63136841735698,3.999316043477875,6.000918356640491
179.03218619530352,144.78919743033308,3.9992933053072686,6.00117943985667
178.79529034599605,144.868136550818,3.999195602310427,6.001264332757436
179.5851647465417,145.1839056858034,3.999074661561061,6.001577206923407
179.585253874263,144.55189847041152,3.998896406118418,6.001867581735857
179.58531337261735,144.70973007260287,3.998777409409755,6.002138231871118
179.66437125574524,144.94654181482062,3.9986306833869727,6.002421868134679
179.74337740847417,145.10441476311289,3.998589263866888,6.002617743425705
179.82245758980628,144.39348342072813,3.9984020645453233,6.0027219581119775
179.98045079811666,144.55136281305073,3.998358868452736,6.002906393994986
180.1384945558209,144.70925567801424,3.998218721831457,6.003068032855132
179.50666378914926,144.78812745733242,3.9980899366144107,6.003298264038837
180.05960592224994,144.94589702278176,3.998031550189122,6.00370938450474
179.90168735104024,145.18274608554984,3.997907925885953,6.0039524090524425
180.7706714498722,144.47168674039023,3.997741723197561,6.004233103482539
180.69174711688908,144.7085541638531,3.9976069149809423,6.004448679105303
180.69182082026478,145.10334296888556,3.9974595082295323,6.004793502801748
180.6918756201662,144.2344998680522,3.9973499084267394,6.004619971183808
180.6919407204568,144.55033152984507,3.9972197078455145,6.004887775494246
180.7709654404303,144.62922611834105,3.997154931544665,6.005083262148428
180.92902528910167,144.70807033831318,3.9970083218715473,6.005381366038987
181.00805813690485,144.86587466915893,3.996931236469809,6.005749924756737
180.3761625251129,145.02367713603982,3.996779188762341,6.00613080881777
180.69219840113618,144.23352793918679,3.996691994561151,6.006467807910394
181.16613640396434,144.3913620009435,3.996814730084243,6.006799264790086
180.92909307165394,144.62811274797446,3.9968807801550295,6.0073183852781735
181.7190998518629,144.86494912406795,3.9970257162169838,6.00769318203508
181.71909097106303,145.10183198407512,3.9970434778167214,6.007999341626811
181.79813655105352,144.4696548940294,3.9969812178554998,6.008122321559972
181.79818915308033,144.62748051469273,3.9968760138018538,6.00853052535736
181.87728624280751,144.78538457346835,3.9967159856834718,6.00879071047814
181.9563482017792,144.86421034619562,3.9966274852660044,6.009174582549541
182.1143985142608,145.10101896995747,3.99660637400415,6.009676605577847
181.40325189287583,144.38962884729506,3.996476472204859,6.010033706333372
181.64038101501893,144.46845698701534,3.9963689961855495,6.010427682981806
182.03554610882014,144.62625429822495,3.9963109621006527,6.010941921969645
181.48230159031723,144.70519849813147,3.996371202234612,6.011114778852589
182.193651695018,144.78404155603138,3.9962549710992445,6.011493549526729
182.1937080227291,144.9419703034107,3.9961423156769764,6.0117734222543175
182.19378206027,145.09989943962438,3.995994240595229,6.0120572322192345
182.19384414532564,144.46748535936985,3.9958700704839485,6.01230247104115
182.27295138217613,144.78350298808445,3.9957301013735242,6.012565231974165
182.35202186470391,144.78357602679068,3.9956652813733866,6.012419154561692
182.4310982732228,144.7835140667222,3.995585309028081,6.012543074698694
182.58924603927613,144.78337492259456,3.9954365460033436,6.012821362953959
182.82639384074173,144.70422833324727,3.9953662823907035,6.01303942854238
183.06350235315028,144.54613028926087,3.99538098650662,6.013081030559801
182.51015253497246,144.3880656342175,3.9955337828701603,6.013054100648838
183.06334347575037,144.2300604019587,3.9957137933540343,6.012904024583683
182.90521290255802,144.15095392061633,3.995812921670246,6.013035978234168
183.77462210860435,144.0719751942325,3.9959258766383416,6.012908761269057
183.7745877581055,143.99291820677712,3.9959945776360453,6.012938103982108
183.77455941832181,144.78333075236833,3.9960512572034226,6.012975287931607
183.85363222164136,144.70416880685713,3.9959933909896863,6.013211438528677
183.93273720560782,144.5459868061616,3.9958737752314137,6.013394735570379
184.01185572387035,144.30877158196782,3.995727867192344,6.01355179850005
183.30050647662569,144.07161100820971,3.995606761266327,6.013599745877787
183.5376632490103,143.8344318153725,3.995562513764032,6.013688834285306
184.01194742236262,144.62478469842702,3.9955364207745165,6.013886824368159
183.45851356997812,144.38762009067185,3.995753540615037,6.013937217766325
184.1698893685567,144.30856243727763,3.9958780086629297,6.013955183976417
184.09088062701989,144.15034694311578,3.995795794473214,6.014186777773309
184.09087717969555,144.0712690574156,3.9958026891219136,6.014240717074401
184.09090022505697,143.9921119137351,3.995756598399045,6.014452239027265
184.0908934514632,144.86156427157914,3.995770145586639,6.0147047319468
184.0909643466187,144.86148667133386,3.995628355275589,6.014859932437313
184.17004409675084,144.8612963410814,3.9955780898498916,6.015240592942251
184.24908576866812,144.78219295046344,3.9956089107638304,6.015333209429694
184.48621619085287,144.70322025089217,3.9956963218206125,6.015162523430163
184.9605242211848,144.62405439172056,3.995770026906191,6.01537928081513
185.51386104549763,144.62397491770798,3.9959327504693896,6.015538228840268
185.19752097855798,144.6240036749495,3.9961144175116847,6.015480714357216
185.11843232159555,144.62392934635787,3.9961649445969414,6.015629371540499
185.11837290980625,144.54492255927548,3.9962837681755667,6.0155130587640055
185.11838225830576,144.54491859094722,3.996265071176544,6.015520995420486
185.1183762973266,144.54495569630154,3.9962769931348805,6.015446784711861
185.1974805183592,144.5448747650396,3.9961975459142356,6.015608647235767
185.19746677654055,144.54489283933438,3.9962250295515576,6.015572498646161
185.3556564208033,144.5449058693823,3.9961058026082674,6.015546438550375
185.43469190927735,144.46590689647172,3.996162464764638,6.0154167452670375
185.67187591737155,144.4659352843021,3.9961743131093175,6.015359969606243
186.1461746697507,144.3869284853702,3.9963325627655686,6.015247608401035
185.59269130319453,144.3078360618931,3.996410958039161,6.015305549949629
186.22513813250453,144.22881351253622,3.9965500731656483,6.015221551945083
186.06689912225352,144.22893356820884,3.996767788348991,6.014981440599853
186.06691107157675,144.22902102669647,3.9967438897025693,6.0148065236245944
186.06687555250906,144.22912597462795,3.9968149278379053,6.014596627761643
186.06692650033122,144.22922406432014,3.9967130321936115,6.014400448377289
186.1460618365445,144.22924153963638,3.996562791110549,6.014365497744784
186.22507769033598,144.1502909642213,3.9966484691166224,6.014149262985908
186.383158417584,144.07134243751227,3.996718097728352,6.013930774850055
186.62031348837434,143.9132912777499,3.996748139873599,6.01380630522427
187.0945883813023,144.6248539694245,3.996870415832999,6.013689014597952
186.54114944242073,144.38770232899589,3.996962338422519,6.013655457523608
187.09456981810956,144.2296546646509,3.996914754936538,6.013524166815936
186.93652298024222,144.15065131538543,3.996787386355421,6.0134203431890105
