211.7,89.3,15.8,4.4
210.892428673462,90.94356743316865,15.799473363098926,4.422550163502193
209.507525818667,90.93345012966722,15.795014182106963,4.44278477050506
208.8961357985841,89.84648942901221,15.783518949565815,4.456724444577885
206.5840096349865,90.15353375861368,15.77776395287397,4.459970095226534
206.7435647200437,90.30395505287736,15.767299946305668,4.4677736702453235
205.20556324503812,89.37018641482722,15.756865823843636,4.483448702861655
204.13041365917817,90.29255600410598,15.745638767076834,4.491446291578392
203.0543339740695,90.28905027718206,15.736340916814946,4.498457745426228
201.6698356406721,91.21167567113021,15.726329519631435,4.505879000182094
200.74617403522862,91.20265670752413,15.721001462639663,4.523916927394264
199.6694589986568,91.19459197756697,15.71116828264402,4.540046387308564
198.74321766756782,92.42131831426708,15.708452318418045,4.560191882446931
197.35633004658717,91.3323516322186,15.696380868209616,4.571355597078556
197.3616466877026,91.16997859168684,15.68574758597879,4.586526306667797
196.28071826399784,92.24487654210985,15.679651002162759,4.604683837047313
194.88686202247874,91.92598084509098,15.677720299866262,4.622554523232903
193.9625868542608,91.30019396182185,15.664668714987073,4.63306034222773
192.882580790008,91.45002667152302,15.652741818903397,4.643671926338142
192.11317095861043,91.75311161426252,15.640036716697635,4.658111946859479
191.8091891652961,91.43610751191186,15.627213958307369,4.671333806541855
190.41814290947897,91.58573078140293,15.615195210898905,4.68254407412001
189.3387870965095,92.04478330912609,15.600447054042569,4.695921782728806
188.2609663366744,91.57379290389163,15.5823575793306,4.706303595605403
185.7821430351101,91.88155685657273,15.572516504857179,4.711711649943461
184.69983597825362,91.56910319569764,15.564134028046881,4.715762802972723
184.08851619614416,92.18560341854625,15.545238683308183,4.724297266233159
184.4058567174547,92.1794068424015,15.531102705692456,4.736690418522651
182.7059922541076,92.17271834710793,15.517519136521681,4.750067409109797
181.62441851811437,92.16651608347092,15.508175960500557,4.7624719363837915
180.07998624876643,92.16074087656615,15.492511452077334,4.774022350193358
179.62132112870685,92.15417707958497,15.47851103706873,4.787149944155722
178.23153171619714,91.9930367518934,15.463705163895243,4.798943410850752
177.46189310742838,91.98841989613322,15.450510563250093,4.808177122371105
175.91565423179847,91.98127220617695,15.438218838667584,4.822472502283639
174.99109119513906,91.97636231368921,15.423947034638552,4.832292287259115
174.68769167659806,91.81502419907338,15.409657806422127,4.844424383841549
172.67623876293015,91.81032928883094,15.395225398142756,4.853814204326421
171.1292230627031,91.80640954012848,15.383938703502535,4.861653701731355
170.51397201209718,91.80148661933693,15.372379245203879,4.87149954331447
169.1228212109412,91.79566388189015,15.359891379781352,4.883145018208019
168.19796888193198,91.94466995287348,15.34618286259795,4.895701738774997
166.96114420701718,91.94060383250519,15.334993743361101,4.903833979511573
165.88098737248706,91.93554409140798,15.321143245336367,4.91395346170601
165.11013577155137,91.92710605974163,15.309929055806986,4.930829525038691
164.80374477809306,91.91732437076702,15.30124166964521,4.950392902987907
163.71827245685895,91.90683655468092,15.295385206496237,4.9713685351600985
163.41119426260352,92.05288761415801,15.286991712942124,4.990541357238442
162.4690574143373,92.67312221596048,15.302215243570755,4.996105597569388
160.7625118810161,92.35604136648661,15.285181322293386,5.00660820780444
159.52224020115102,92.97508657020428,15.271494468674703,5.015632907043543
158.27415319235917,92.81141861557936,15.273678926668962,5.031220121344728
157.15710290916894,92.65107634774911,15.323307707020575,5.039837259001116
156.0498655097891,92.48457350241195,15.347210191176478,5.05990404758917
155.58374211592272,92.31851362966566,15.338500958559036,5.07837178629832
153.86228363106326,93.09391991550523,15.328879256260347,5.096894974627189
153.07877251330584,92.92724313453454,15.325551538147774,5.116178545843079
151.8303193024257,92.60723065576389,15.307441569577342,5.127449405801722
150.42386820650665,92.28867291100507,15.291427063629914,5.13591674025592
148.86104120921823,92.59678380902902,15.274585521743003,5.148194051500755
148.70922755741051,91.96099320778053,15.263979765317174,5.162843013832648
147.613758306443,92.42576965719196,15.254470669053322,5.17633908566646
146.03733475879582,91.94689179861244,15.262710685689274,5.19071267922799
145.09954405228405,92.2530263863777,15.249233578952275,5.208129676951026
144.004652460625,92.56060968461425,15.234235545767254,5.222900570907381
142.4371655875608,92.23935321644532,15.218971538526489,5.235365956571386
141.18292066656315,92.54455135735553,15.20720102940705,5.255034762529663
141.1887767882571,92.21952179243829,15.195488786019165,5.274647074795907
139.9332036132291,92.52532787351969,15.183324584771121,5.293862550459104
138.0476782223981,91.72929799843058,15.167292960857147,5.307971298313979
137.10900478972775,92.03770184055671,15.150936440895297,5.322398075829261
136.17012271126166,92.1895087241554,15.13482932270252,5.33442952115269
135.2320331498902,92.3416965892115,15.117211341263076,5.3456866417375535
134.2909068852846,92.01800026651948,15.105957335967483,5.361910442285998
133.3505188231406,92.32779271842813,15.092423774110449,5.373762100517059
132.09506568549412,92.16212239184999,15.077415508699486,5.389363436085356
130.8408377183974,92.94655127495061,15.05941287591013,5.399542274248306
129.1127426149307,92.94115592704556,15.042539066301654,5.410332970058408
128.80345707469667,92.93183909135703,15.02973778820916,5.428966641435455
127.07486577257424,92.92488989590021,15.012672220188048,5.44286503234913
126.13621782808265,92.91828964347133,14.994884230678815,5.456065537206878
125.19649459604406,92.75255970258146,14.979347250042522,5.4716948448677
124.0993328650346,92.74580396371812,14.962438332235761,5.485206322594384
123.00009020625076,92.73599250112791,14.949682479857172,5.504829247774808
121.90157395057551,92.72860913915278,14.934269085307623,5.519595971725073
120.64333572754141,92.71841485650087,14.921873702789545,5.539984537028889
119.22604109685842,92.70806187310615,14.909765623313756,5.560690503818328
118.28064149528605,92.69596222796756,14.901564428457881,5.584889794095521
117.33676794129802,92.68600008868394,14.88839168461271,5.604814072662743
116.55271585190182,92.67835996215997,14.871544896030649,5.620094325710671
115.59970974639307,92.67008250844576,14.875419662212906,5.636649233139115
113.06619144320257,92.81943800188114,14.864399425354465,5.655316798970822
112.27867088477377,92.97000652759269,14.851657730682794,5.671736309853566
111.32596033928459,92.95714141386006,14.8510661363759,5.697466537318833
110.19763028131129,92.78639378318331,14.880850921140317,5.72083675136057
108.8931174018938,92.61537073611437,14.938046744457456,5.743904103558707
108.72299619407748,93.72812819990533,14.958064917884139,5.759958871418569
107.44094359684252,91.47208134110264,14.95573614802657,5.78079315145085
106.45965000873188,92.58305939710597,14.991444492830441,5.806862342764482
105.14642034400529,92.25424319620389,15.040827575733166,5.820225682931023
97.6901184803933,92.88751985218379,15.091213998189241,5.846039093124935
96.36993418861685,92.7276594584568,15.137278949316672,5.841471926525751
94.10684249737156,92.7211543261742,15.11523356177134,5.854482191090933
93.13369895451113,92.71270159128323,15.112789296941688,5.871387660872864
92.28920036567162,92.70974079893377,15.176496620890418,5.877309245571796
91.463651309017,93.51957123139702,15.197151300248297,5.888091814596653
89.49761281085036,93.34374002478097,15.210235991447908,5.9131715357343015
88.49544539389937,93.17331762501139,15.251222612593804,5.926791633147456
87.66896073548926,93.0024132033821,15.263868186042904,5.940535727731795
87.00018732743698,93.97596914176705,15.287431237740222,5.9643994975728605
85.65960573413405,94.12966589046925,15.334451616272911,5.986273851177587
83.68510396902434,92.79943967950186,15.31932485185549,6.003972743354527
85.00633959497189,93.45622839454612,15.3204016123779,6.012169319474755
86.99760956486789,92.62186265122446,15.305142329080534,6.027867199245329
91.62881475955624,93.27540400930631,15.301430242053907,6.0434556691316175
99.37907783616802,92.6209067867738,15.352940052117136,6.028872585406273
106.96560793624829,92.61275069966402,15.423346874237566,6.045184759625851
114.27300109068992,92.26926849558025,15.4471529963739,6.066758602747022
118.28452151687013,92.26221968666745,15.426414003553662,6.0808562205726355
122.76522899637544,92.26180645114246,15.466311088822932,6.081682691622615
126.5601465830522,92.08216717896029,15.557923556251847,6.106985251605091
129.40005085809068,91.90016900769417,15.58605597513759,6.135220360668938
131.9167061319295,91.72173388903964,15.602913121740276,6.155412751692632
134.79338888603039,91.20599773409808,15.583408497267028,6.175027258564857
139.6716479504192,91.368441761396,15.61020012324167,6.187494712753563
143.866107202319,91.36225818522075,15.670501333688925,6.199861865104069
146.55508149887643,91.3580612310299,15.71762334047944,6.208255773485765
151.79652219773087,91.185858292722,15.771708487689448,6.212759503491256
155.34465029818136,90.83023764232662,15.831589284586277,6.242463947348915
160.27188400612485,90.82323278816301,15.90011834519674,6.256473655676141
165.22196566562172,90.80695944859369,15.959113943514977,6.289020334814785
167.79006519551203,90.46340489515094,15.995836628584879,6.286406542386859
170.72494228266356,90.2865856775303,15.996989809825864,6.2946974861255685
174.52813602903524,89.92919367512911,15.991898600738587,6.318454556050119
177.48282574834624,89.22818635029527,15.962258550603742,6.3370011143090546
180.25919707341185,89.21498108091343,15.94183728435147,6.36341165307274
183.54807993449464,89.19873514958437,15.937083854855686,6.395903515730881
186.11241215379476,89.18546789199321,16.005355236863057,6.422438030913195
188.16104119057007,89.16487861461164,16.083269778503983,6.463616585676328
190.91883000607567,89.331046445519,16.164535877484088,6.481083656986059
192.14399127848708,89.14441173015767,16.173296015700743,6.503055561560215
192.8431034700626,89.4831918015257,16.182348595716913,6.5291339004077384
193.16479055636506,89.12114563502557,16.243811905694294,6.548388750825724
193.70036431454568,89.64430824441342,16.23363790659135,6.563037049308275
193.89373096195706,89.45856331181636,16.200677237217157,6.580754289053796
195.3257893489124,88.92050389162439,16.165447019749553,6.596040670771628
198.5079179628699,89.08833172828054,16.16188745869185,6.613757090062547
201.33566377598652,89.25553746858702,16.16459622966369,6.632983134274894
205.7223287580361,88.18988148572566,16.241793500479076,6.640168563618129
208.69937553998645,88.18607008207991,16.327347262570395,6.6477913709096335
211.51451071738964,88.00786035421186,16.40355464585809,6.647555968014844
215.42005547880126,87.99079768374936,16.463168876762353,6.681681308939842
218.82386628963266,87.81301254275134,16.481070940071973,6.678013502253128
221.86091176040702,87.63472110699199,16.51733662853889,6.6751636308297355
226.00937511033146,88.34534633382279,16.498318781103265,6.693549499326964
230.83936922227053,87.99149963503199,16.557307561379968,6.681318674378584
234.76943256778338,87.0993091748448,16.630396596392945,6.6626960206532555
238.90807934434108,87.1016198122532,16.663670940330213,6.658074745836452
243.03929105676738,87.09206807779671,16.721028569271816,6.677178214749444
246.86159927873726,87.08297817159216,16.69744239451095,6.695358027158526
250.67628532298733,87.07247827690874,16.688758132866706,6.7163578165253615
253.41851223670253,86.88772880793422,16.65141272508737,6.722716193164324
257.77993875101606,86.70361407192733,16.63363886969522,6.72823403295999
259.42979124198587,86.15857791899977,16.596902901732044,6.730650000822944
262.4946373145411,86.70581399255322,16.622249773009322,6.722361209549182
264.99337340870676,86.35269753420023,16.696713985410373,6.704031783293383
266.5949718092921,86.54090066136872,16.760832270270157,6.690660538515321
269.2925617691614,86.55046213574339,16.82155363150727,6.67153758976598
270.91715491713325,86.54432069209629,16.850754101693646,6.683820477060174
273.45294608078814,86.5394916217926,16.887913739030957,6.693478617667553
275.28365846937146,86.52653723227445,16.882723854607374,6.719387396703858
276.3996686444754,86.33420526515056,16.84678649932029,6.738037498464842
277.8844337197665,85.96038946935283,16.80387004415657,6.754015666205678
279.91553742362987,86.32010617324646,16.762050313906332,6.765561836141453
281.1744494469062,86.13710770378069,16.799848739978568,6.76646985041231
281.6893045845678,85.95667372787257,16.867102882843373,6.761682996165811
282.1911934923187,86.13863722942288,16.962964720224562,6.764302544026172
282.1586117964011,85.77166935011351,17.02812811205974,6.762265008605965
283.406670482595,85.9497426181569,17.11428747781583,6.775015149396889
285.0386343004321,85.9458912329538,17.1837553489078,6.782717919803094
286.49097187517106,85.94282111045307,17.25127667477578,6.788858164804557
288.5433611211961,85.56637046567599,17.245266712131457,6.796528812648608
290.77832006802333,85.56017069843287,17.247342224043813,6.808928347134839
292.43325000842674,85.73967808551339,17.293756492322615,6.822832922872216
293.1457924301312,84.99454167286696,17.36404529016456,6.817732106914179
295.5356041312152,85.18687998763419,17.456457392461324,6.8078274392616045
293.9779148542034,85.18492275579382,17.564359481326257,6.811741902942338
292.4726774079221,85.36531939621068,17.554272247584326,6.828518887896709
290.91740331159275,85.55623600312116,17.643008817832566,6.824412126877076
289.58380349430115,86.1154149202011,17.65763322154578,6.8428722488042855
287.1309563053214,85.91641054797441,17.630030790881836,6.861396623363585
286.1986539694206,85.90382341907875,17.597545307905197,6.886570881154903
285.06141199491236,85.70065386684308,17.595627346932574,6.913509667294696
283.7179013245047,85.68282650766717,17.62364571277114,6.949164385646536
281.9964902984858,86.06328309641256,17.638313720960447,6.9500632178998485
280.8320752048066,85.6845249291537,17.680333130174077,6.94530929303597
279.4704944730408,85.8732232982644,17.731877891521247,6.949572083698039
279.0501876261541,86.25738106503262,17.807522812997814,6.946225322458305
277.3005631747835,85.86880153541523,17.855076150197554,6.95634092268387
275.96353747583026,86.05266892790694,17.83837021939886,6.97300004180118
268.4706600289075,85.8461340032049,17.830508784099724,7.001618190457979
267.83831033630327,86.62129819256134,17.940649172890296,6.9907018069689295
266.04229242185033,86.23484438089388,18.056393787542508,6.991100271580835
264.2434704834574,86.04055547137038,18.162572932093447,6.99173756482396
263.0277729013708,86.24834053103584,18.257019451051377,6.965658886362233
261.60868715047803,86.25945653788492,18.362467623797578,6.943426872664082
261.1796729315453,86.27153188005732,18.437467657173208,6.919276188319245
258.4178879036742,86.27732113652714,18.470761045354102,6.907697675379644
256.6747916869217,86.86094957690008,18.425042028534083,6.917744611408772
255.52446221346355,86.6585251260074,18.37397067055882,6.930638462378865
253.18915646574456,86.6447642843867,18.347190698349472,6.958160145620271
251.44564274154067,86.62980802845871,18.31018227088489,6.988072657476246
250.1050943335096,86.62264379106198,18.25032878694652,7.002401132269719
249.92510491184143,86.61357119242913,18.21935171288685,7.020546329535401
248.34687905683828,86.60466183231843,18.249127198445162,7.038365049756813
248.09114956657464,86.58603338471795,18.36899839770079,7.075621944957774
246.2553627582587,86.57907666743296,18.49459028349663,7.089535379527734
244.84085999062114,86.55700163724276,18.55110925133991,7.1336854399081275
242.8706988480542,86.73493228744043,18.514572294008634,7.175510063759341
242.03575413203566,87.1108854236414,18.592818009865276,7.219425649447611
241.19258270945423,86.88431091620946,18.679810250316276,7.272737013133543
239.33330994696556,86.6562599559446,18.7798108294839,7.326778384128833
239.29404223411944,86.62984524907989,18.85834625517611,7.379607797858268
239.47564601077056,86.60981637783841,18.901715185732396,7.419665540341227
240.44989238083832,86.58565061339254,18.99285867121603,7.4679970692329425
240.40534771657047,86.59493577112025,19.081947999751705,7.4494267537775505
238.76712057817852,86.80640904220834,19.0697725520579,7.437558927161064
237.15459476643642,87.0056935069534,19.009318381528736,7.449678221922589
236.95669520406474,87.20527689069237,18.99508816549081,7.4605407952259295
236.52624711620234,87.62135455336029,19.035947546372864,7.448422264732818
235.6452381425203,87.4199169777008,19.15639286695955,7.440904259357462
235.58309817574295,87.42635074937306,19.280672800514246,7.428036716012929
235.33496865491196,87.42650862716948,19.36335685557684,7.427720960420089
235.0968988965901,87.22546893215758,19.42472864050021,7.415032618723529
236.11384221594753,87.21758766922513,19.467980870282926,7.430795144588457
236.5462903548763,86.99615771057655,19.435763126654216,7.457315794771164
237.19418451572935,86.77197487607408,19.389029489385305,7.489329902297077
236.78972133281087,86.54832278258957,19.365451773533458,7.520382048421705
237.0299083093192,87.15796879779944,19.30154804518629,7.5505006920104885
237.02954817231532,86.92857098416327,19.302268319194066,7.593210376513914
237.17766507284676,86.70571493734587,19.42289994229161,7.622057045988283
237.7456816397775,86.6963078741086,19.544273874389905,7.6408711724628136
238.1248502094589,86.89200693153454,19.628408541206213,7.670708960700526
238.0686098652962,87.10556393546972,19.74088922953165,7.6665891707607665
236.7346040217622,87.31611763121455,19.861590669259137,7.670033487161206
235.21106696794473,86.89880900473479,19.92411571864407,7.651922437763563
233.47808128064653,87.11662098657906,19.974538374103247,7.643242063967168
233.2798836274097,87.12535328601867,19.943416168820885,7.625777465087976
231.76482782619826,87.35110213102064,19.986270620190457,7.601030796663062
230.4596363954127,86.94367570300258,20.03510619034485,7.56203455556025
228.49963133268548,87.38885628905344,20.112780053438577,7.525525886205365
226.38727270696864,87.38273782530732,20.063604813684332,7.537762813697605
224.9195370268277,87.37607930186654,20.01078096349888,7.5510798605791685
224.30278334015972,87.35910588661577,19.96516091220752,7.585026691080727
222.40236416418983,87.3530819877002,19.92903465442047,7.597074488911857
221.11004114851073,87.34582758907364,19.957537037989333,7.611583286164967
219.59142496639268,87.34509719353791,20.00787573441134,7.6130440772364265
217.67298896119138,87.55577887357263,19.997655455266933,7.619135416005532
216.5666118664845,87.35413866727026,20.073325752337357,7.594999050141619
215.07031672718617,87.56673317356342,20.069382850454375,7.597886206195262
214.03126551262596,87.77117908103101,20.007128705824016,7.617065706010245
212.78878690157205,87.33568883072734,19.926986401472824,7.633013031131249
211.52713940719295,87.32495896495784,19.89041935826985,7.654472762670222
210.05445327458594,87.31532328242886,19.850283009459964,7.673744127728188
208.56144308730876,87.3069715547642,19.852433321113573,7.690447583057498
209.4027158395486,87.29448167625333,19.876286411056157,7.7154273400792714
211.0813833158479,87.28317703453158,19.938119981706468,7.7380366235227624
213.4211795976218,87.47353071324899,19.974233426245576,7.7860298122776515
213.85401009316743,87.67871469311787,19.96875152427713,7.805751397101311
213.79874866410285,87.02562409715796,20.079274382406286,7.8208365316133435
214.4309453313318,87.22005799870111,20.111603077686517,7.864209405106414
215.95724249860976,87.1976873471147,20.093447382219367,7.908950708279244
216.41024320673947,87.17807658736658,20.055512627188186,7.948172227775467
218.5453921829143,87.17221727678081,20.127095564238225,7.959890848946985
219.62322102669694,86.72832075577438,20.148629767933073,7.976807134455832
220.43121415606674,86.7356529542211,20.276864827838125,7.9621427375624085
221.47795933258715,86.95068095225726,20.371640595151966,7.969739965561006
221.6559929576854,87.1694620213179,20.45473882546481,7.971343307949109
221.39012579344768,86.74104733350552,20.54607311271709,7.947372601127486
221.36385001935088,86.9582617246166,20.59862466091068,7.954236319192831
221.1163684814064,87.83900040987524,20.651409438816003,7.961472140609965
220.42716151125467,87.82192463723922,20.700600967019483,7.995623685881998
220.13079382099937,86.95303189949178,20.848932737953795,7.955794723071774
219.8885672613543,86.94838171036494,20.887551723151503,7.965095101325436
219.92697596157,87.15875000546917,20.81073432272009,7.990920217320503
220.1786645954069,87.37121616350323,20.753272251373506,8.011903097579657
220.12397647625608,87.36860743408492,20.862648489675188,8.01712055641626
220.28546988624552,87.59549691980902,20.98680239157905,8.010482306850793
221.34809811849777,86.49514880886434,21.105645379183795,7.967079076630946
222.62801279120998,87.41767050205759,21.244352216397115,7.921059812002951
223.4666656839914,87.43564202083772,21.370765333985883,7.8851167744426744
222.5138591516232,87.23168266467675,21.46795548783033,7.840929759041614
221.56132246122763,86.79306548866614,21.56219867491696,7.812749014210568
218.15137749703203,87.47502543306116,21.578745693172813,7.809497707447599
216.15822893244302,87.22555595410832,21.481419226360998,7.854700710243328
215.50715710397253,86.98059280052088,21.424105650474633,7.891474606475716
213.72279173645808,87.64298493174927,21.36889839481019,7.9256670905289734
212.37771132598976,87.62188816067508,21.342171129548422,7.967860632677355
210.53560615815866,87.36849838981915,21.40083542218919,8.021446919011497
208.71298002322573,86.87938581854732,21.40598246106618,8.089645753807968
204.17489895605695,87.06611729186724,21.355693997310087,8.172505337072767
203.03650972853444,86.79137844827908,21.34701055701556,8.264890645181207
201.59889808090247,87.21973383743466,21.47042828342924,8.32544838982011
200.1260749294984,87.43255904227658,21.646977066263062,8.361314233465315
198.20864886037313,86.93769720399708,21.764042830027797,8.421591316402893
196.34221465933132,86.68131473701557,21.756845682376607,8.46684805664908
194.25446962578164,87.36931862766377,21.718356648711612,8.495499975607444
192.63278606496644,87.11949768517538,21.68447934837395,8.526964086017356
191.69309414214092,86.8945155790458,21.690852542360254,8.508675635360316
190.03821075099842,86.90428446190019,21.72450788860928,8.489137869651534
188.82584456564814,86.91167577912013,21.808478146628694,8.474355235211654
186.04184041879648,86.90048237352174,21.747236408896534,8.496742046408418
185.3175881942638,86.21912015478249,21.789883258729137,8.453608884654198
182.2721850000473,87.18211085553592,21.790704483584314,8.401469071940475
182.201877687079,86.97419334739548,21.93131910952095,8.349772415113511
180.76217133255938,86.761938964492,21.998918739001642,8.305645667660725
179.82531831793443,88.18744957644441,21.997359827915403,8.267521854260089
179.0726337852922,87.9823690531469,22.098418563469572,8.209579457611685
177.38915919844868,88.01120681128641,22.1857600201054,8.151903941332646
175.9461731823545,88.03261859252866,22.2593446991724,8.109080378848141
174.02861343255324,88.2882074326418,22.342335414819157,8.066918796616322
173.08708050950355,88.51707813130635,22.34761178805866,8.078624767502179
173.06691058747717,88.75854137143331,22.387951632111427,8.065434961112741
174.29593481008757,88.97635546584472,22.280297584454267,8.099885651802648
177.37123116973788,88.51539634612053,22.228674450240284,8.083500878160773
180.5979658235692,88.7490249981774,22.328714764408133,8.084351404177777
184.08109545522962,88.74235684849411,22.405976416298365,8.097687703544358
184.77769762276722,88.74078102967259,22.425551310138143,8.100839341187402
186.40398006247236,88.74408204583214,22.47185131126906,8.09423730886829
188.03853514878807,88.7489414739185,22.50544331327923,8.084518452695557
189.92290754725838,88.54411848798884,22.513677840583114,8.022042009024346
190.66559444264396,88.52212990949481,22.44161085451301,8.066019166012403
193.05467797665057,88.49018818421943,22.372084383703083,8.129902616563166
191.4516693981723,88.45810063781998,22.280938658029182,8.19407770936206
190.55517517682625,88.65480473010231,22.190435383948223,8.271542453990671
190.77888939473297,88.8574085778945,22.213976967976354,8.337304778247852
192.81709232262008,88.61497939274844,22.390092662075055,8.349660754109646
193.94553466938723,88.5677893406209,22.509580706862106,8.444040858364689
196.81112662620404,88.52955897770632,22.522962208191366,8.52050158419387
198.96930661552125,88.49627399785841,22.529228317507343,8.587071543889696
197.0724524754984,88.45000960772988,22.47024478651617,8.67960032414674
197.32710441885834,88.88716840192562,22.44334361360907,8.770088163380745
197.58786360639388,88.84522609965013,22.405469220643976,8.85397276793172
198.33914183716405,88.80731243969366,22.356725649485462,8.929800087844653
199.31277034575928,88.52747384133576,22.350505659102488,9.004218027858576
201.23399937228243,88.25308071090518,22.40008566550069,9.066499531289155
201.66355209898379,88.22582642791062,22.517665741113667,9.121008097278303
201.86024147372444,87.48746993331952,22.615317136221762,9.12463065269231
203.0325758670739,87.50068733198043,22.73322445410433,9.09819585537047
204.25887589834653,87.52655224434662,22.74939830854805,9.0464660306381
203.70454455960507,87.55405160118104,22.871940059286807,8.991467316969246
204.60461365446852,87.58754119586885,23.04720446265039,8.924488127593646
204.52701250685675,87.61948752952554,23.20240675787392,8.860595460280244
203.25483867074388,87.39161321303168,23.265341605321957,8.820061528312436
202.2885877745378,87.40165609967477,23.211998247143377,8.79997575502626
202.2554232737459,87.17767664389785,23.278327248727166,8.752609198049196
201.3009827569855,86.94190316807733,23.205494494600366,8.728727702778352
201.34736505913972,87.45063913740665,23.112729890291913,8.699139373630414
201.64683017923363,87.20897840317839,23.005862969898466,8.690397522292493
202.84939420439215,86.73957327104625,23.05252507095183,8.648491726008622
204.02325315240773,87.00076471288823,23.156180643538825,8.616383536048291
205.66751587590355,87.02780955712534,23.30600217100506,8.56229384757407
208.10070066020336,87.06156547180318,23.363401330203043,8.494782018218377
209.85391167623925,87.07056182517903,23.30083177021997,8.476789311466684
211.61941655787973,87.06176556518508,23.205057237245466,8.49438183145458
212.4292123396528,86.31998185175918,23.05451805791447,8.50889687409121
214.90276812522117,86.33086229141185,22.985126664020168,8.487135994785882
217.00945949447473,86.34693462952754,23.149107878770504,8.454991318554494
218.6287099578565,86.36294982772553,23.327725044301875,8.422960922158527
220.50920182971993,86.37268338620119,23.48799436664152,8.403493805207194
220.9347753435041,85.899381899555,23.621077710158357,8.365866407414421
220.44603005104614,86.13505227514919,23.61187131704556,8.387874145240394
220.6826726589571,86.38927111535355,23.632203485202357,8.373053848810464
221.17449694964935,85.42026770093457,23.635835171943302,8.336500141397506
223.42826571317127,85.41338710877251,23.5655230770227,8.35026132572162
227.15194782815618,85.15754304895252,23.502096130514197,8.369686959797509
227.42364513810907,85.64065030712547,23.45040364905178,8.386876720338368
229.1346420492202,85.41249303209526,23.46729870206186,8.351921431079875
230.82002111267974,85.18725436665538,23.532673263130576,8.311522663675673
232.73994558435825,85.19698373472615,23.621476522064437,8.292063927534139
235.3674265875147,84.73479784072016,23.778582562340755,8.232423343438974
238.9986369829702,84.02735489375988,23.913840956517568,8.16777340034199
240.90395645153757,84.30311358671223,24.054729501525358,8.110196949705104
243.0670042922823,84.3322365147308,24.182828739860224,8.051951093667984
244.48223881240145,84.60958788659907,24.326444343211225,7.992929123862976
244.67386475667416,84.14442348605422,24.439848890734083,7.929945052816158
242.75143957959622,83.8719743933313,24.307722921637424,7.977721197855426
241.0429291360777,83.8535076717704,24.251993215754716,8.014654640977223
239.12678961450547,83.58179479358134,24.116371110978225,8.062092753865207
237.46350892390092,83.3162818293682,23.978546210310995,8.098206356309174
235.26873494886323,83.56808097902497,23.925741560370547,8.08820279033072
233.59980188957863,83.05839796299534,23.815046570428084,8.122265648529497
230.22494041073617,83.29517932806985,23.68118626937422,8.140387436861843
228.80197927100394,83.2683901941288,23.586566800004267,8.193965704743919
228.32483879421326,83.26241960815594,23.561429636677467,8.20590687668964
225.66144876384814,83.27309774376445,23.50298964138157,8.184550605472618
224.66505628093154,83.79761047836733,23.542443293468995,8.112190793139762
223.1723203316727,84.31299820781567,23.60245790749142,8.05656776240819
221.91594922000996,84.10453308048704,23.678098660111644,7.986077722924355
219.45651902436614,84.38199475209059,23.72481670098241,7.918368614758951
210.7576003323171,84.83844310065622,23.60358093869639,7.978753759093492
209.10280801172127,85.53552603079717,23.511109006448823,8.042612144571294
211.09965496595893,85.25748991847367,23.40421331731724,8.112834591800329
213.3399031122702,84.97719990462535,23.294094680259825,8.18781710221193
215.3233940331311,84.46345911393169,23.210171623658194,8.244533987319214
215.11638542859401,84.9215267827424,23.138980858868134,8.29881459742631
214.9214803865536,83.67135076315135,23.043620196180747,8.373312902767559
212.05569437534518,84.35279896979411,22.953386190360007,8.465867996541474
206.7535642319114,82.86660069770925,22.876013106332696,8.525091803194437
211.65196812716516,82.82612624873694,22.78889409462176,8.60604070113905
212.43100803346792,82.54210273959532,22.687884465287958,8.688397658331736
215.40201722036028,82.9912584402504,22.574460125489725,8.761518596019297
219.0976665971212,82.70856389161516,22.46403492199123,8.841516123288244
219.15413911523126,82.42891532746663,22.3510898857711,8.915582796724399
219.44615991450158,82.63561631737532,22.251970261925447,8.987102791601984
217.74391746420432,82.36970775968886,22.263100231075995,9.034154916768605
215.84822577481228,83.58627992415799,22.168319879309582,9.02986291942441
215.90114413137442,82.84225012192121,22.062483166185313,9.06497852548587
217.6628059880418,83.07387901403908,21.922980148334734,9.085123697747875
218.17974780007324,83.07616634788565,21.85255972221488,9.080549030054756
222.19843860995076,82.87060777670209,21.9857846026031,9.011042260648725
225.25876586939813,83.14787742671794,22.122305294456982,8.937824130674626
227.8323527088621,82.93307584062975,22.27708351887635,8.885431675273962
229.71196972788292,83.21301604733134,22.384289664506575,8.808856284829764
232.18228927715904,83.21144561124535,22.278500716322966,8.811997157001736
233.38962792833084,82.98068875471809,22.273851324203687,8.791505288011427
232.44649953521156,83.47441384897971,22.233830286554067,8.76719401143229
233.37409652537363,83.02211805969608,22.30084023956582,8.710683623331574
231.7485619259894,83.49940816137632,22.188366772742675,8.717115610140127
231.8027234256131,83.2594562103763,22.080043773495273,8.71802980813274
233.92925926327086,83.04893075906386,22.123874503977135,8.661647110113435
236.46315194286473,83.31766157689358,22.303693241838467,8.601240392367561
237.79152283692906,82.63623492745705,22.518395414859985,8.528371710665526
238.61850719755486,82.65909668729961,22.785898917140983,8.482648190980429
237.07532459763524,83.17956592660968,22.97179617734009,8.408532358906992
237.72703317205776,82.97156201754831,23.122639036103124,8.339786841160404
235.21637665902026,82.76398356392414,23.287139245677835,8.269262466758716
235.1307023384428,83.77831785159293,23.458487886832753,8.18767120118051
231.2050897467414,83.80025470077373,23.505732748457586,8.1437975028189
231.48816194432305,84.04216113414266,23.42721482477797,8.147611107564758
232.08963370774222,83.33502316894857,23.68396732330698,8.102191012585553
232.92381575612487,83.09973504731667,23.973323453646668,8.083337199073135
233.06306112268138,83.07886833026511,24.188079172010394,8.125070633176238
233.46648105268505,83.04389730243032,24.37544168804716,8.195012688845829
232.3970558944773,82.55311798945128,24.509969886321116,8.17441025573314
231.77745816291986,83.0839010467694,24.74389472228846,8.118114768244414
230.19999611872774,82.86662582786082,24.869068285722335,8.047706785236517
229.63004492365587,83.65195404664792,24.998059847125667,7.993416590772968
229.7604760825749,83.17414505872111,25.243499241179492,7.936431142842774
228.13176548082683,83.45536951401606,25.448338982622523,7.882745809261741
226.5152724726277,83.97935060689059,25.617123613359716,7.856184085399728
229.3583592489506,83.21426192543352,25.569788694669953,7.848496366325842
228.57873881867724,83.20786967631555,25.593625042996937,7.86128086456177
231.1570204262346,83.21020807020264,25.560864946948826,7.8566040767876
231.14369444310609,83.22101705985753,25.587516913205857,7.834986097477819
231.34833165836244,83.22916728861324,25.69004626975414,7.818685639966382
232.77951393660382,83.0065763409557,25.90548266037808,7.750900710763677
231.4711277577,83.0061752293023,25.948341207331868,7.7517029340704875
230.42805695154374,83.00514209139331,25.972842499447285,7.753769209888484
229.4535430014059,82.97030214553172,25.858675624168598,7.823449101611669
228.22401817661293,83.19071772531747,25.740391940358347,7.898084608719396
226.49993379428065,82.65109104437518,25.582408404932696,7.9470087420067825
226.77570261046952,82.88972435459291,25.54468381230896,7.983555161325316
226.7231832792246,82.89240042185969,25.64972247479882,7.978203026791768
224.82663102134563,82.90249915642374,25.835335104249594,7.958005557663665
224.73125673724547,82.92462997610116,26.026083672449886,7.913743918308839
224.39669558582227,82.9453754530667,26.175663643002874,7.872252964377724
223.76513168331468,82.96256963582319,26.3969764865646,7.8378645988647575
223.16546602946224,82.96037681950936,26.549452578001272,7.842250231492402
223.66561861716704,82.96056191731739,26.600521506572353,7.841880035876362
224.4702008804714,82.9402555031016,26.570584919231322,7.882492864307941
223.18950545133498,82.65908429380332,26.498271611222776,7.91809444964824
226.85180193609855,82.3911040015846,26.542895672817238,7.9276823890055885
227.2706316682758,82.65457240399611,26.759614507647775,7.9279347337750545
229.30424521095614,82.66204374022237,26.934703264635456,7.912992061322533
230.1087956934973,82.10140404225938,26.92313255900505,7.969251284280574
231.18620802146913,81.54298195705412,26.901894655347313,8.019302078548147
233.2939818126296,81.7919328731718,26.958572797266996,8.055428461842864
233.06752076177008,82.02347701565364,26.875982580854178,8.127852495011041
233.06545639827925,81.50401444089411,26.880111307835815,8.095412273500685
234.32935022910743,82.34069868031794,27.0280086314165,8.027454785795252
235.84079068957848,81.8356150375899,27.22101912704415,7.965658265728077
236.0242475720676,81.59491848522624,27.391687642034242,7.909469090487092
234.62559332176235,81.32868680126445,27.494171386534347,7.902967507188571
235.33035269844163,81.88180236842176,27.705566555393265,7.8773456543522915
235.20726444899367,81.35464065194365,27.951743054289206,7.845994091261359
234.87738869935094,81.05730309588853,28.06573872042918,7.894913370226131
234.83631082776867,80.76866008713785,28.14789446359375,7.923899514821515
233.2214107436701,81.28592997722333,28.077602286009927,7.989390516577524
231.25104878560754,81.0250254167146,28.166614595466765,7.960955122356635
229.5322080787295,81.04326045780404,28.298423279996488,7.924485040177755
228.99586534489455,81.02393148992932,28.266767528775784,7.963142975927179
227.28252086252135,80.99586462956269,28.378775226863517,8.019276696660462
227.23819357385565,81.24995106778941,28.467429804194907,8.066201886083398
227.16473026349388,81.49909162761585,28.614356424918498,8.125164018764565
227.68598842759124,81.19458294674068,28.692729921354687,8.17373646819945
227.64794426825765,81.17331523887773,28.768818240021876,8.216271883925344
227.37523182355977,80.86181600532025,28.74988566452223,8.274912886144955
227.41561673567028,81.96057823544831,28.669115840301245,8.338139482485232
226.62805382024874,80.21876554384835,28.548580078839166,8.43044168107484
224.95161414956846,80.45683282434699,28.510096977693586,8.519534193828587
223.31967335549274,80.70062228739103,28.375929489717464,8.598296780428436
222.7150518461655,81.55754317968012,28.453387129378335,8.58213306434069
223.01160091411842,81.25348900399958,28.426987750665248,8.623542658509006
219.97617792360717,80.93692635149141,28.259810456814677,8.689574938536868
218.0716779237961,80.62798215823703,28.107294235478832,8.741532436337337
216.6612646725334,80.88926508355898,28.104553011766267,8.783680130941045
216.61494176174307,80.61500351885547,28.19719883334693,8.766746583815056
215.72164324919055,81.77723029941885,28.284389319503145,8.708168407953421
215.1267158025807,80.65105600369252,28.340987595918445,8.694003765797257
211.79587722390966,80.89094216427809,28.196568743218943,8.781406112129561
211.7633363129161,80.89312910209328,28.261650565206104,8.777032236499165
212.0602202778662,80.60086575477094,28.235465167681404,8.793976398768313
212.9086185831908,81.15933550385631,28.241235407987883,8.812081467901304
213.2761789482634,80.84778610911236,28.07405566619252,8.867239269039295
214.71779542713057,80.27757016841231,28.023669588514807,8.87453239841675
214.78747401798304,80.23434726890244,27.884312406809844,8.96097819743649
213.72759893062593,80.49005730268256,27.74172391265446,9.01514279709365
212.6830107551378,80.44902005942849,27.572740537194967,9.097217283601795
210.21309439492708,80.42161767019086,27.439922362238498,9.152022062077057
209.6248415156041,80.7070927040774,27.49097026568669,9.143800921902892
207.8834838241459,80.45759144131404,27.593818691503092,9.079492287912915
207.78026669108655,80.76174697231262,27.800252957621826,9.034785133610875
209.13435500519256,79.65554184455478,27.92078872495788,8.984225472688074
212.03499148672572,79.6123175857043,27.784891846222045,9.070673990389032
214.39696332950956,79.29195970058744,27.5904236926252,9.145205319126402
213.91933885259962,79.8356624839059,27.416140922820322,9.187331476114252
214.50782669754142,79.82880807576879,27.365238504401916,9.20104029238847
214.4973605670472,79.5337358127588,27.386170765390375,9.22862790745144
215.0463797580515,79.25956748585202,27.414862157205572,9.213599674353095
216.6753289530509,79.86025676253816,27.5379710088741,9.13922353486994
215.24952525566823,79.88394859734484,27.57006753700328,9.09183986525656
215.00040928795846,79.57905779328604,27.50480907471937,9.138131075670735
214.98874416786478,79.28260486108098,27.528139314906756,9.167631318719252
213.85048048331637,79.54496875526924,27.54753128808143,9.20718737932331
212.65885673477752,78.97577805431301,27.66961739472907,9.214988086020737
211.14951562051255,78.98783758334794,27.852357835122078,9.190869027950857
209.18634683922502,78.95498107775074,27.793109615673895,9.256582039145265
207.49241620465676,79.22770510470234,27.76260071605409,9.280862346701467
206.1428066833122,79.50310859132011,27.613136445343827,9.299792036145782
206.2302906040123,79.45111123763047,27.43816860394355,9.403786743525064
207.6891896808625,79.16211167715723,27.357010262192798,9.414457902081624
208.2340197919541,79.44486940631415,27.40006068653426,9.415297767030118
207.1565331787872,79.15124458957374,27.287072099925084,9.43555694727523
206.62534320490914,79.44414247778899,27.217982355828845,9.41549601677091
206.6168755671429,79.19837994926493,27.23491763136135,9.342648517141331
207.44339756545838,80.08462929693066,27.271718579923466,9.259994767002954
206.27765164618484,79.8515536666865,27.354030711740602,9.163851100808772
204.6425895721818,80.15159026723936,27.253882520132738,9.125489956305392
203.0489439104607,79.86278907103862,27.083771507547507,9.143525292702305
201.4807237434146,80.1104477262205,26.87549465349338,9.205660847029602
202.12572276598183,79.83239941589825,26.69669045033592,9.206160546685556
203.5225897273157,80.11780089668801,26.66811734512833,9.188389748598068
203.2111594558384,79.8871612995459,26.738682683012282,9.097373737811614
202.10370216087884,79.91238030919554,26.747029987547357,9.046935718512323
200.1606163403276,79.93956966085786,26.777350461507954,8.992557015187689
198.2601016967853,79.96764377735143,26.72647124273252,8.936408782200555
198.84122815956573,79.97791350201358,26.66123586019966,8.915869332876248
198.61855504899677,79.99147047332903,26.5593887230163,8.88875539024535
200.86875461813912,79.69973034600612,26.420835954740184,8.927004848640072
203.04292341694617,79.69452847618656,26.42403308593344,8.937408588279206
203.63351365509976,79.66578560138286,26.33121043953977,8.994894337886599
203.3873353678474,79.66716040155072,26.27966832407489,8.992144737550875
203.44105294597242,79.64147427134934,26.172233167824906,9.04351699795364
202.37552426656595,79.63276929713933,26.133284850506243,9.060926946373662
201.61754668859706,79.59095276884922,26.022462081537512,9.14456000295387
200.77975749645478,79.59954968804117,26.071463816083607,9.12736616456999
200.52953424526348,79.59475593869917,26.029326151218115,9.136953663253982
198.691770891427,79.29221558918182,25.90978785268926,9.199882218545547
197.90097856075377,79.27971668706586,25.866638824118088,9.224880022777489
197.91523023439274,78.97688974691594,25.838135476840115,9.289122373185288
196.49906153356272,78.70810909826268,25.959616616536625,9.28451241809911
194.82575826938807,79.51326801114405,26.04318091924056,9.305715705159018
194.50513527196003,79.23165771015614,26.138994237706,9.323503630744229
192.59746115004305,79.18025680098171,26.124366715654936,9.426305449093107
191.1694094891952,79.41468676913085,26.236461441749146,9.5062472319151
189.50694124234016,79.08059255836577,26.250144818357157,9.62256013392826
190.79242172144203,79.05077676548856,26.4501257329455,9.682191719682665
191.01490892028784,79.00505157479891,26.563313142650706,9.773642101061954
191.4958303312116,79.28563756903665,26.7243884725414,9.773929188455622
193.451814681823,78.69608827465255,26.758964168505123,9.82544366374194
195.9407629359463,78.6576589293237,26.86811796948556,9.902302354399652
195.66818310732575,78.63245331921937,26.845076158783336,9.952713574608314
196.22447632915026,78.62080990554615,26.87005637567986,9.976000401954725
194.86879024538945,78.59237623919945,26.733593287028068,10.032867734648143
196.86210346434274,78.56077231865989,26.72733250226587,10.09607557572728
197.46290452257867,78.2615732352429,26.66508534828936,10.12479626131356
197.2426382616285,78.51531464489909,26.536322143084313,10.186609169106568
197.02128048682718,78.50101996865982,26.410490375381293,10.215198521585119
195.9398075127539,78.4788628163887,26.304479421064386,10.259512826127338
195.97700002944433,78.75400811998773,26.23009438768354,10.275722858067718
195.74783470802953,79.00620837001091,26.122711704640217,10.337035683894285
195.41681478579176,78.45742366279582,26.219493650491195,10.304089301075356
196.20163820104986,78.49662630523792,26.348057476791496,10.225684016191133
194.80821468438927,78.50981552392047,26.30228968507022,10.199305578826046
194.80350977887184,78.52276532143443,26.311699496105064,10.173405983798132
193.66764526708025,78.81386402888522,26.323217323173893,10.156261368025161
193.57954746341147,79.13349134494452,26.499412930511422,10.081917174099162
194.63072941647357,78.89984870679761,26.66153220861755,9.983081654335432
194.50333083202358,79.22413666944166,26.916329377517506,9.901184639601361
