343.3,88.1,12.0,5.0
342.8020687307184,87.20186110678173,11.9958625385632,5.003769548491557
342.1435562373542,87.59659564126608,11.992005377327247,5.006829768301522
340.42789638856345,87.4635119952136,11.989051983900087,5.0088222072519555
339.63622766972816,88.25535965660309,11.987385157294854,5.010131148748819
338.84421586131003,88.12297991636225,11.986410081628794,5.010724180480127
338.44842408524767,88.12271020364649,11.985505167591722,5.01126360591166
337.52450529733625,87.990203165765,11.98422791856159,5.012118420981367
336.8649721016698,87.98970582869106,11.982514804292707,5.013113095129251
336.07315840199567,87.85725019069271,11.981250103920768,5.013875687839271
334.35703353206264,87.7247436834796,11.979629682692792,5.014744843719784
334.094452289645,87.45977697139598,11.976520668944794,5.016406769303774
333.03977657028105,87.98680893683257,11.972911420110039,5.018823182211978
332.3816293454039,87.9850800051133,11.968652926426369,5.022281045650511
331.5903571582212,88.11628592053512,11.966536105053716,5.023979414096545
330.79939720771534,88.11516757000896,11.963798193101383,5.026216115148849
330.0081911668154,88.24647023930453,11.961552582857408,5.0277203918983915
329.4811011291571,88.3777211596653,11.959317842328492,5.02932225513824
328.42698175648826,88.90413481919614,11.954759077641288,5.032893691088946
327.3728560671422,88.24181817317047,11.95023522066166,5.037042460845486
326.7142595387298,88.37242376188905,11.946903732737333,5.0399361923581365
326.452360789851,88.63437967277612,11.94248540562186,5.044240195457104
325.39801165415105,87.83991230144574,11.938222132795463,5.048453779948107
324.74017446764844,87.57406645149582,11.933230977468178,5.051879268514925
324.34697372760814,87.17533092691023,11.92726844425037,5.0569863043876895
323.029381102856,89.02212138527771,11.921200275990973,5.061160172521896
323.03167888903397,88.88868056665248,11.916604703634995,5.063930655890191
321.8454082749101,88.09521305066863,11.912304975772159,5.066305050450788
320.79020750321666,88.09456867584798,11.91012269268959,5.067593800092082
320.00038961664546,88.7527666446483,11.905373987280482,5.071518261284446
319.73899985069164,88.48660562157468,11.900024215841393,5.075711004085054
318.02462407438094,88.08922078044111,11.89598005518797,5.078297060211849
317.3670621912036,88.35154317468684,11.89086278368072,5.0817486868651045
316.3135980654708,88.74589421835249,11.88551154758513,5.0851514073692625
315.26006069124134,88.48061197544756,11.88044739306421,5.087681167434165
314.33815184774704,87.9512554709327,11.876346037787142,5.0904404380264126
313.4162708852962,88.47780946061732,11.872264499278414,5.093243009177357
312.7592078147751,88.21180115902253,11.866551187969451,5.097323831426425
312.63043732719484,88.86835533376981,11.860135126939738,5.104000662882494
311.31225885158307,88.47140549288885,11.856671521250147,5.105954177570484
309.59798716489655,88.20656108733797,11.853654352839696,5.107710597628631
308.9395304895397,88.60165343377317,11.85080096642919,5.109385947032762
308.8086260842468,88.07317161518498,11.848668330632325,5.110583798678165
307.7551271860276,88.59958805328421,11.844213459337654,5.113477256346236
306.96542026780855,88.33374392701714,11.840119731113841,5.117329653993107
306.835674826676,88.85869739240815,11.83568403643141,5.123129031001646
305.7826969480613,88.72347307621855,11.829921353424197,5.1296128583512495
304.72931626083556,88.58877051749357,11.824716576230667,5.135022206845582
303.8081089018388,88.18946381542712,11.81902091258914,5.141588304563501
302.88639178798564,88.71547661389815,11.814111426858029,5.145759115300004
302.229087806523,88.44929763039613,11.8084625222147,5.150014335276548
301.17623331176196,87.91909536018575,11.801817002179998,5.154241620918907
300.25534058339963,88.57663079960159,11.795447307775525,5.1592815643222885
299.0688862169559,88.44370307131811,11.792190066060844,5.161118579266811
298.80568662430636,88.31133607812365,11.790582459495193,5.161849169723405
297.88326509107253,89.23443302117347,11.787475609247071,5.163605200339564
297.0928686826774,89.23368382093018,11.78439709344288,5.165103600826137
295.90544321280925,89.36539701222615,11.783607076293523,5.165637324554834
294.8502746060636,89.364990326286,11.782280151457826,5.166450696435136
294.06087270771627,89.23164706440033,11.777365741929168,5.169184185835954
293.66729914640786,89.22961615652913,11.772723987140612,5.173246001578346
292.6136557546185,89.22756933728633,11.76854081264738,5.177339640063965
291.9567477025076,89.09302599356423,11.762631320961432,5.182481208326593
291.8276813718583,88.95893548886924,11.756814190728353,5.186712426184972
290.1147367955592,89.08857508975917,11.75148780844315,5.1913728809345985
289.32527542221004,89.08658546025146,11.746744839561272,5.195352139950041
287.6125063930286,89.08456056071492,11.7409931558909,5.199401939023121
286.68989292544643,89.21576737956136,11.73868971217126,5.20092121259941
285.89995088418954,89.34648456363351,11.735017187040992,5.203412945729105
285.9026882176359,89.2126829153795,11.729542520148234,5.207099774887708
285.1135920130482,88.94564943288403,11.724325315995303,5.213363535435882
284.8524002934931,88.67736157337048,11.718836549709271,5.22206704906664
283.66632877738647,88.41196676764011,11.714891697008696,5.224837130546561
281.9520760217271,88.146707694698,11.711384078045148,5.22735325638735
281.9538897333544,88.80500199646733,11.707756654790584,5.230735434152521
281.03218872016254,88.53906233681069,11.703152664673137,5.234613034465451
280.10986989609336,87.61361701394561,11.699776250651226,5.237489618035299
279.5847005210428,87.08334409046472,11.694101309484983,5.242021773729677
277.74024636613296,87.47743071162371,11.687003635277387,5.245849813703241
276.95042972797995,86.94792074330867,11.682852210714596,5.249013283087474
276.29331325742197,88.52982287624849,11.677289111816224,5.2527195132423925
275.10748026932094,88.39651966480018,11.673466350260489,5.255382743054799
274.7140183860785,88.26221882014562,11.668587410590511,5.2600501969789555
273.6611870350676,89.18276398008776,11.662688520314804,5.266576270355045
272.6076403386827,89.04858401469035,11.65798975570768,5.270962181477769
271.68614826660036,88.91444836276541,11.653095688064976,5.275250883640842
271.4250706555332,88.77844472861153,11.647277741286503,5.283271567492247
270.3690675377717,88.64036315508419,11.64694093192704,5.295391833936626
269.3156116085837,88.50514879589362,11.63983798630918,5.301568701818557
267.99681120871406,88.2387650542994,11.63487219950003,5.305822867697284
267.7351351100258,89.03002714273379,11.629706669197166,5.308851873866817
266.6799448733802,88.89678935661571,11.626195043679779,5.311090933751895
265.75800799681707,88.76235780611111,11.620497423033703,5.315729552793639
264.7046387551546,88.62795778736277,11.613454459452003,5.320306909426998
263.783016860019,88.49350757389928,11.607298009174103,5.325007301989845
262.8601792986874,88.36004653699064,11.603625362072224,5.327736837269238
262.0710466099324,88.09301536614818,11.596770288905503,5.33342569539528
261.2819287477429,88.88245901119937,11.589887819519443,5.339656599058057
259.96370953769343,88.74863128152373,11.584375247171238,5.343116959164654
259.1737530336198,88.74686775096035,11.579237564781224,5.346644020291409
255.34544094971403,88.74462757439538,11.575169721588935,5.3511243734213645
253.63052926677506,88.74184429211171,11.570640750312139,5.356690937988702
253.50100601361433,88.73739246071845,11.565474822512964,5.365594600775207
252.7113220855998,88.60210472155347,11.559083102510561,5.371876816433268
251.52518403558952,88.73098067594697,11.552570022821774,5.378434816502869
249.81027626047205,89.25719541155199,11.54610098177711,5.383323681071168
249.01945631253523,89.78387202834065,11.541817795486818,5.387252502269797
248.36228824849272,89.91304716350679,11.534520635717785,5.393228889508311
247.17603285946078,89.90944338094273,11.528111056873822,5.400436454636429
247.0437694533127,89.77255445133535,11.528280915457533,5.409857360138742
245.9886798896388,89.10722282470266,11.522260138285604,5.417895673079302
245.19670467666512,89.63021699976419,11.518744506478633,5.430218028125767
244.7995225417062,89.22720279757328,11.518881652355532,5.442019308466592
243.6074779735017,89.75094589157293,11.51840667266776,5.4543393942881355
241.88640360796649,88.9505648710041,11.51346501244633,5.464136639444906
241.62320800390677,89.20980435214102,11.509336255954869,5.476177641781989
240.43171617991032,89.47059808208125,11.503626216035832,5.4854110014374955
239.5060064764396,89.20155933787922,11.496627825887616,5.492511976387367
238.0480300616036,89.19904449718933,11.491973925244338,5.497541657767134
238.05117020462703,89.06212362183264,11.485693639197528,5.5058540815618455
236.99199603346673,89.72229275009323,11.479382080202832,5.513428263362738
236.06594462747532,89.587083610223,11.472129472811156,5.518224340335398
235.00699831519927,89.4522515797276,11.46522717042394,5.5222890354587975
234.21383244403083,89.31645799609069,11.458145777839151,5.52830734691232
233.68396071771386,89.17888415622127,11.45560972592883,5.537885150515086
232.3569310908493,89.97155680962443,11.452667817532655,5.546740540983957
230.89894056144558,89.70288364471112,11.444720318748777,5.552463496703077
230.90140904009246,89.43289049031824,11.439783361454984,5.560860505495788
229.57597404952804,88.89810432927128,11.431966274140116,5.566958000212223
228.64638702513366,89.69365038755882,11.43011994288735,5.571026209386978
227.4533112634767,89.55888703204744,11.423136034563814,5.574648983561131
226.39387290611015,89.42309830821465,11.415098632169663,5.580362166585802
225.59604505710936,89.41845391010638,11.415681002759634,5.5896509628023505
225.18967444108415,89.28101351092336,11.430373028179702,5.598515358958272
225.05205060058296,89.14389776366019,11.439232766280725,5.6063589105832605
223.9835015071613,90.07257460876863,11.443085994293426,5.615594559343156
222.3863118958966,89.66940750866024,11.43498033366699,5.621307538771
220.92274400028208,89.13322756623366,11.426723340062228,5.626251865502769
220.12590574097328,89.39649215010395,11.419489757894338,5.633359398024029
219.99552439857916,89.12556521969002,11.41341681740694,5.64154200830061
218.66392878489475,90.18809225779196,11.40772066886245,5.651597832827346
217.06184936544838,89.25249411586806,11.408119208742068,5.653933942250829
217.06153027018425,88.85171999972593,11.408757399270296,5.654402239806487
216.12891079856917,89.91605748689757,11.404686708841835,5.662081132501665
215.19756221132175,90.17993268933834,11.397557841347027,5.668566739617164
214.1311119057196,89.11090158750133,11.39345225300196,5.66962274374184
213.0659101069019,90.57757542450159,11.387187516797662,5.6741940287708825
212.0003606446018,90.44140274694591,11.381721119675614,5.679468718666964
211.33423919968794,89.50107991863885,11.378554954005326,5.690541697583856
209.86586286902926,89.49714291847916,11.375800717520699,5.698415697903255
209.0603428490609,90.16594800129504,11.382894883186518,5.697427094163875
207.99477940496115,89.89795049111578,11.374726326081628,5.698598253196274
206.93015670291382,90.16375160345176,11.365478820222465,5.701619256012771
206.39773261408595,89.35722510817604,11.361416832130102,5.711306997942074
205.32897222474,90.02208972666345,11.360248658051168,5.718258356449025
204.38902804846828,90.15099288469168,11.36805832991252,5.727891851918559
203.05412310166244,89.07654487103986,11.360639448344363,5.735004859078368
202.78949769927524,90.41262719975516,11.354416429075455,5.740209321864358
201.72272280915817,90.00903725000782,11.346083041467487,5.744183033418232
200.65356330983556,90.67661703815929,11.342952122133465,5.747429655852287
199.58106220143753,90.40931228056611,11.346423369299476,5.746656428631154
198.63781669626573,90.2741317095669,11.35880946346374,5.749288296889666
197.56931713555147,90.00202917612977,11.352142755844921,5.7575769065021
196.4925412374761,90.80237332794536,11.361664915050472,5.764910830579794
195.81469850949904,90.66903617978052,11.375990194000815,5.763313091508703
194.6109677800447,90.66733657036285,11.367346139628005,5.7667123103440385
193.40655742797568,90.53107133313353,11.36068033941242,5.770855395430058
192.33583997065801,90.39288733814728,11.355229018137308,5.778862605913771
191.5221789119346,90.12344685561698,11.37203563350305,5.7809050702806495
190.84921644668896,89.85159229281149,11.37444350349169,5.78720737169057
190.04647860277032,90.52184989714532,11.366827952610862,5.790934861954679
189.1099539507538,89.84684330775127,11.358273034495467,5.796945024922441
188.97384062128114,90.51372720305403,11.361721311169168,5.807069145675069
187.6224635284756,90.37586950270178,11.37442328675411,5.81377932537698
186.53760708745818,90.10312976077154,11.38965820555815,5.820639318429725
185.45573950526892,89.96521430818945,11.396158457142933,5.826815859494699
185.1779398694397,90.77143561943427,11.41204208300767,5.833520174385912
184.63474021786737,90.63434686566661,11.417604018765944,5.837488340074603
183.409302879423,90.36669751960396,11.435233580327019,5.8320658954604365
181.64779983735497,90.09901886472761,11.441384178133909,5.826368515008667
180.70401461871907,89.9652024479361,11.435318788331788,5.823481944723984
182.18987854603722,90.7780115994149,11.437765496837034,5.82014067620719
191.36975252477026,90.50189980285852,11.462338729155306,5.831648940208643
200.70366763980417,89.94826268446384,11.488071757981295,5.855238350395469
210.33751983885256,88.98666938478469,11.511903863974402,5.876442477519562
217.68267654217024,89.1212076298683,11.532959228832466,5.879798742380005
219.59633009343997,89.11689057164233,11.524889390114431,5.888432858831954
222.0541309071312,88.97524752780305,11.520284741320033,5.8988857810333775
223.69511084191103,88.42517359153037,11.513682565213598,5.907247755760999
225.7330729455798,88.696426503185,11.532666170667046,5.910729640823887
225.86388713552302,88.14931681862234,11.544373148971276,5.911607577186483
224.36398017130585,89.24118894318455,11.535423962145037,5.91605468461518
224.50595319315505,89.23886319966881,11.524946526129975,5.92070617164666
224.23775372918217,89.2364710671153,11.514557098636077,5.925490436753667
223.146402291032,89.2349279301627,11.510673466694634,5.92857671065889
221.90738565450297,88.96467155443665,11.528832819007807,5.922450813056577
220.66604148323412,88.55659304574311,11.550183177436296,5.918161835740573
220.654630384946,88.2830414538818,11.573005374012556,5.917817616184168
219.95909016029188,88.68955655470258,11.593807886400441,5.926954176694826
218.56830805784688,88.27328717428597,11.630150615660964,5.935926494839216
