221.3,105.3,16.0,4.8
220.96854573610375,105.58935541745664,15.981092790232589,4.812210477287072
221.29654024558116,105.5840733181716,15.961387335819847,4.822774675857134
222.1025439297289,105.57983790032556,15.93966521579249,4.831245511549253
222.27109676979055,105.7358249280456,15.920463884980425,4.837175805420377
222.91602959176583,105.73055159879954,15.901559315197343,4.847722463912499
223.0804952148602,105.7223931702321,15.890294378210637,4.8640393210473745
223.88144286523615,105.7157366517892,15.877443420101375,4.877352357933169
223.8896214685486,105.70908703773999,15.861086213476494,4.890651586031605
225.0067271567993,105.7012559630672,15.852076236622942,4.9063137353771955
225.0147286132891,105.69473544569763,15.836073323643328,4.919354770116307
225.97058588559065,105.84750508872304,15.832726148232494,4.9318767122641916
226.6167958013712,105.84202898471118,15.813289590601045,4.942828920287914
226.7835162804883,105.83749601752776,15.798019423510306,4.951894854654762
227.90677968774352,105.83236087516859,15.778334760392305,4.962165139373087
229.02887828289033,105.82783431765623,15.760339357505018,4.971218254397825
229.35510885275536,105.82067573160143,15.743755933356788,4.9855354265074325
230.47671726080614,105.81407930391538,15.726304912370768,4.998728281879512
231.59728632971934,105.80674927662307,15.710892295894851,5.0133883364641365
231.92367691565977,105.79978355591518,15.69413360871688,5.027319777879904
231.76883324591634,106.26784030792294,15.685792214804605,5.045292474061626
231.77073648727887,106.09913850857498,15.681985732079552,5.064454591515205
232.89130437965562,105.77294457464902,15.670637349880469,5.079760344351588
233.69094425753772,106.08583748601569,15.66466260212129,5.091296524820238
234.0158877577486,105.60269606864073,15.652352195675704,5.101214468605932
234.82123314966736,105.914978101868,15.635634958408852,5.114239820779665
234.98640695548562,106.54534215615926,15.624082445271862,5.128692106195292
235.31376255827837,106.37844297661023,15.607162823450665,5.143594673411231
235.79774731626335,106.21212133252453,15.595975960705482,5.157310410507719
232.9320913010886,105.72562146910478,15.584935251489464,5.173251347419636
230.3858279767966,106.83888945021617,15.570988757791435,5.180797384945238
228.00079095061866,106.83704689623758,15.554666183437048,5.184482492902423
226.0986413448145,106.83360948929054,15.531848774061082,5.191357306796503
223.86989387094312,106.8310552734443,15.52719429042567,5.196465738488978
221.96708865376317,106.82665989414558,15.507780431573016,5.205256497086411
220.05226068257494,106.98152755638633,15.513821063223311,5.214155781832117
218.78041975551704,106.01858828706794,15.506422511713026,5.226724016249328
216.23684248598508,106.01582988514525,15.489422515346117,5.232240820094727
214.96145459418437,106.1678954943815,15.489265863055849,5.24697615610871
213.51605232768162,106.4861083909048,15.507855982721825,5.248820232693074
211.44532998376516,106.48553389638401,15.496630350955702,5.249969221734646
211.13139176780118,106.48417975467481,15.485915140839877,5.2526775051530485
211.14105947457543,107.59523427183488,15.466579727291395,5.264908431821974
211.14827983820592,106.47612261411652,15.452139000030423,5.2691673437945585
210.67371775840925,106.94814554364874,15.444238721195802,5.28214592315805
210.20366803019738,106.78204494554056,15.426940584061294,5.29521458818831
209.40809147719904,107.73245071801051,15.422477771951339,5.30914214497635
209.41259054501165,107.72507632761307,15.413479636326109,5.323890925771263
207.98173862328568,107.72079698702791,15.400089954243027,5.332449606941552
205.59282082407782,107.5592855622278,15.386644264199871,5.336053703977862
203.19365683677242,107.54957657771172,15.395605886362189,5.355471673010029
200.8035834317459,107.54418777392682,15.379119202050234,5.366249280579812
198.56842091545116,107.54332730562518,15.373151098475972,5.367970217183099
197.13820717114464,107.38173025651507,15.3564521900176,5.371483604617603
195.7082034528,107.22330122404641,15.340920542734603,5.368837326891348
194.11701270128972,107.22385647027586,15.330980617636335,5.367726834432443
191.7324322343191,107.22379984114683,15.314112565727799,5.367840092690494
191.73093169254798,107.22576253476264,15.31711364927003,5.363914705458872
190.78355076692426,107.38486287165361,15.299081089586984,5.364513100165343
189.66497341720859,107.38894315476779,15.30638486875295,5.356352533936986
187.7468664131522,107.39056763370151,15.320524488029783,5.353103576069544
185.50905646151315,107.55304539120617,15.335036881064063,5.346798597506203
183.10914745783896,107.55430498498377,15.353690197129048,5.344279409950975
180.71692235042795,107.86475143661555,15.353636104459627,5.361320414352935
180.70410092809584,107.2243306140128,15.379278949123815,5.365050425756824
181.81861961961184,107.38397831262333,15.388250744422297,5.365470625440129
181.66695137604614,107.37706499249211,15.371734687304368,5.379297265702572
181.83197323902607,107.53255832273196,15.361558396873374,5.3881780407517486
179.59212002320436,108.32452044310777,15.362900965553745,5.403669465344045
179.90865264840858,108.16379392012121,15.370206896514565,5.404936920632552
177.98128599440523,108.00275680930935,15.381171465389283,5.406697080661959
176.70380907894886,107.99973382016502,15.37209112541297,5.412743058950608
175.58964703011702,107.83127473085942,15.357028300574342,5.429177391490033
173.02692557534286,107.82807808734283,15.353401773936245,5.4355706785232245
170.62961827602797,107.82381623821347,15.338547285635244,5.444094376781935
169.1947225739312,107.82208442068695,15.323185003555936,5.447558011834978
165.35095662619966,107.82498960871105,15.320774596298785,5.441747635786772
161.9830182664744,107.98388049811562,15.330908336959919,5.444239332158072
157.66387265383477,108.78314063771083,15.316641781144877,5.44804456798515
154.30950300248742,108.62116402454767,15.298477126913944,5.451669034457876
150.6354765950497,109.58058012277488,15.283474368930184,5.453633943966693
148.245689609319,109.57675214362396,15.263764583408733,5.461289902268534
148.56146844368212,109.57804324835065,15.271821849283485,5.458707692815141
149.6906738785569,109.57533253025888,15.252547516830493,5.46412912899871
150.65665915418197,109.57029878110907,15.238761129792955,5.474196627298307
150.98098196899548,109.40309341763952,15.229479235190958,5.488925486724886
150.98080853162412,109.23372203669749,15.2298261099337,5.507852051843948
151.62893742421588,108.58525992044285,15.214231623433296,5.524112985670048
152.9124612464618,108.74117682933675,15.209076531808387,5.5325157369906
152.92031699681496,107.77424211592444,15.193365031102012,5.544495296181711
153.07688941577055,107.93752255175116,15.200526073622282,5.53824030495969
154.20078497811676,107.94180755525356,15.194804064603312,5.529670297954872
155.1713944981529,107.94299139153502,15.173927431308885,5.527302625391967
155.4901051714782,107.94275922647655,15.175930980300599,5.5277669555089
156.62231716363982,107.94585188970494,15.149755833654726,5.521581629052111
156.79120055475357,107.94444605338802,15.131248289370753,5.524393301685973
158.06442290891985,108.58626170819711,15.1371475431792,5.516933973138273
158.225633267275,109.22567570359516,15.133719410822447,5.514076319756171
158.2306499419344,108.26805270076812,15.123686061503635,5.515975754935568
159.02171588264162,108.27386701361883,15.135457659003862,5.504347129234157
162.5375689000579,108.11961326796352,15.116015043803944,5.494115374197822
163.17881704471108,108.28203467910038,15.106607952285183,5.487544851371018
163.65160356004122,108.28084730684459,15.115085616100668,5.489919595882578
164.77560388988582,108.12030509616376,15.09436275669861,5.492821474346063
165.406460087795,108.11829999563068,15.104394452506929,5.496831675412236
165.41322683475303,108.26889381778348,15.090860958590874,5.513797896090713
166.21899442763362,108.26314170774491,15.070660138134352,5.525302116167854
166.5460315346773,108.41504524018063,15.052954070323269,5.539679124434538
167.50923180196284,108.56826778479991,15.035689641377934,5.5514233861336
168.4731690886683,108.7208724230287,15.016733243982985,5.564367139012031
169.11912633228104,108.23773594457934,14.99727420696756,5.57629850825317
169.2859462916424,108.232031668943,14.981683178485941,5.58770705952586
169.77237246161934,108.38489458290067,14.962921546667873,5.600011467655776
171.21333609682455,108.37909348041714,14.942830565561435,5.611613672622848
171.5391861243002,108.37219852794139,14.92693303776125,5.625403577574319
172.18215718791302,108.36715661865347,14.912674380293002,5.635487396150187
173.14489807169062,108.04439888175408,14.894574400755694,5.645208940609672
172.19944868707236,108.19807581005115,14.878608498315812,5.655665862628273
173.16191564450898,107.71449698309476,14.860286669356583,5.669517473584048
173.16900843762636,106.91512117893248,14.846101083121843,5.67950061315433
173.96851222704362,108.02244734499041,14.835736337737133,5.688948247868232
174.13374238561622,107.69862718556097,14.823025058493531,5.701090490923935
174.2995096470564,107.37580687862875,14.809274606704731,5.711162962605291
171.59037707277338,114.2131286270268,14.825508213639347,5.700481600523981
170.95572556502472,114.68944464110686,14.823574948142117,5.701276783109803
170.16590994774577,116.43301642091993,14.814229157999495,5.70988267782475
170.9533666286348,114.6888454927706,14.828392198758097,5.702256448542742
176.8296576576623,119.94014839894896,14.837478052901675,5.689786882201005
173.9778768425965,119.7805425098372,14.820830021332378,5.691209234774487
177.63365601762348,119.77837149330865,14.813469981312142,5.695551267831572
172.40035058870433,120.73600269624798,14.801077156115422,5.685562258868401
173.19496649308113,120.58429536582396,14.797773259799028,5.671791337228993
177.63139964132296,119.4772794621779,14.797798955675844,5.667600146430987
179.37688444425194,119.15791649835289,14.791779661764242,5.672698744636218
182.5520534563316,108.53625986237199,14.777812264664595,5.689170415948054
183.82399840692227,107.26316026774346,14.769230448311589,5.700061520376813
183.19292159331835,107.40978787169487,14.763441385598114,5.723791984954312
184.6174531756697,107.24844260049898,14.770346706400115,5.729152695623379
184.44476704128232,107.08531473911457,14.79819232378399,5.737881767001303
185.3810368233604,107.08352420583023,14.83418017766342,5.741462833569978
185.84560017268572,107.0842992372217,14.861076594056081,5.739912770787044
187.26742897638195,107.08535007775157,14.888746551510673,5.737811089727302
187.25200447135714,107.24730105933828,14.919595561560277,5.733308744053342
187.39959284465309,107.57366361234507,14.944184317390661,5.720114642884219
188.02605485199513,107.73977480672852,14.97079448394511,5.707775799426979
188.49228958696335,107.10640875663206,14.998463352384514,5.694323448452052
189.6000951833976,107.59351689373199,15.024277772516415,5.6807181512523615
190.7138675592791,108.40134269397623,15.039052411481972,5.66672325842713
191.18941401923752,108.08831548879068,15.048835284795059,5.65219380664493
191.506219431829,107.93540956473633,15.05556531949886,5.637835224810273
192.62113190002543,107.78137582357914,15.065794337301373,5.625894999382429
192.60885652487346,107.46798185081141,15.090345087605323,5.612804306016512
193.3987414069387,108.11395128165579,15.1108609015994,5.601093906827413
193.38722414284607,107.80028411039281,15.133895429784689,5.58814545865519
194.33825202760258,107.48606292871023,15.153276376441537,5.576108916630399
195.4526298632267,108.29376193080722,15.166628145379667,5.562216226855233
195.60762511293032,108.14057043056262,15.176879303514646,5.548357569802215
196.56692067112778,108.94843689176282,15.179115694464702,5.533314236855972
196.7210690400562,107.83521524867699,15.190715676635335,5.520480482835204
197.83506095616346,107.68028686962224,15.201547782049767,5.510506392712029
198.30930311457033,108.32679005648419,15.21248087439195,5.49672323119598
198.1316995707044,108.49229508703063,15.24797517718721,5.485425955039709
198.11808631558105,108.65692053677532,15.275201687433858,5.476194497955348
198.90568853976941,109.14268151172703,15.301218165931658,5.465405104176592
199.37264736983172,108.18255354343717,15.328569212815252,5.463123626739848
200.16189848334614,108.18764103355082,15.353946427053211,5.452948646512542
200.47641097692565,109.1548284874705,15.36683406092547,5.444311601767142
201.42375227575647,107.87003399266037,15.39805869896735,5.446024277116064
201.74327110090547,107.87253208089344,15.401953189715817,5.441028100649927
203.0287182851445,107.87458990354963,15.40250679162718,5.436912455337537
202.7010169418713,107.8797633951886,15.415181842183383,5.4265654720595835
204.1518139736661,107.88007144655516,15.40580570409629,5.42594936932647
204.30845380357204,107.88444668359021,15.413737173138442,5.4171988952563686
205.27250844263529,107.88337538081971,15.41262137583023,5.419341500797363
205.76134026674663,107.88532618487488,15.398523673821442,5.415439892687036
206.8829863926101,107.89001479291304,15.401630446761647,5.406062676610718
205.75384468134578,107.73552181353942,15.414400921025438,5.394261071320119
207.67551513899824,108.70016982619234,15.420130444646725,5.389500265477392
208.30557930821146,108.543580271522,15.443007615947817,5.381927997386158
208.45926644578446,108.5473784101206,15.456575833049468,5.374331720188969
209.58026935950784,108.54633666197147,15.461562770391009,5.37641521648722
210.22194508501602,108.54761318139431,15.46264703937313,5.373862177641534
210.21727191671215,108.38733625755056,15.471993375980839,5.373338197678476
211.3442814136377,108.38376349090728,15.466394434259138,5.380483730965021
211.82746044210816,108.38589323509791,15.463795318429764,5.376224242583751
211.82901255464384,108.38552174167796,15.460691093358422,5.376967229423668
212.47823168579097,108.38556524501568,15.446678730667696,5.376880222748203
213.59701964018296,108.22288341826284,15.455424018188737,5.381340848210333
214.07044593740022,108.05683383108563,15.471903303837609,5.392329395870288
214.05594957258364,107.57590984284487,15.500896033470774,5.389530156246122
214.53644989759093,107.57573145288848,15.505641946248039,5.389886936158877
215.6512374856846,108.05859634992729,15.529999666963883,5.39012838361119
216.281543578669,107.738065457606,15.558770210437277,5.386498803532662
216.43776368027528,107.73711326537546,15.5690236055479,5.38840318799375
217.2347452968241,107.73120423748692,15.58944101836957,5.400221243770835
217.21393327140075,108.05866359835544,15.63106506921625,5.392075631084713
218.00902648472757,107.25242043782498,15.660062461903415,5.3853781328048065
218.16208756149072,108.06804156016509,15.678071830906047,5.3747935007693535
219.29737003989706,108.07161730822472,15.67688404193511,5.367642004650083
219.95390996285292,108.0727818202872,15.659998264410838,5.365312980525112
221.574450768588,108.07640815331929,15.656544517717217,5.358060314460955
222.86282183701815,107.90997518010157,15.66844309527125,5.367346171594624
222.70548088093065,106.93001360897779,15.659203398945646,5.383739662838668
222.86511397810727,106.92882470109403,15.664026332723001,5.386117478606202
224.16501022034106,106.92581469845403,15.657850924596564,5.392137483886191
224.98719813076974,106.92402810973716,15.634592841784313,5.39571066131993
225.97142088403592,106.92008760907949,15.609872210940885,5.403591662635284
226.30686838441036,106.91584509950921,15.586462219389114,5.412076681775836
226.46618567733188,107.07380682577858,15.59138830897866,5.419713904669689
227.77249992030806,107.06847722824905,15.568931067334981,5.4303730997287465
227.76543929567976,107.07428180060697,15.583052316591614,5.418763955012898
228.24863894090447,107.07850212744147,15.587554855133403,5.410323301343895
229.54089613456117,107.08102853349703,15.59139503127369,5.405270489232779
230.67330461282626,107.08233377084419,15.591128032096314,5.4026600145384664
231.6487992250222,107.08397235533317,15.580871810875959,5.3993828455605035
231.64036343567457,106.9228675869645,15.597743389571212,5.398344590435357
232.61353563234366,106.92506573718957,15.592229550348833,5.39394828998521
233.10296640348858,106.9180119138669,15.583303565984936,5.408055936630557
233.43200966517523,106.91414535235765,15.57210021362275,5.41578905964905
234.40952706097772,106.91274435834086,15.557595856386863,5.418591047682627
234.89978088760392,106.91534618682817,15.546880389305414,5.413387390708011
234.89507057543605,106.91560906505795,15.556301013641205,5.412861634248446
235.22596655904945,106.91368368626503,15.540790204722578,5.416712391834308
236.68019247163363,106.91256496727536,15.53922659567853,5.418949829813647
237.64314638647983,106.9165636753465,15.551354658803442,5.410952413671374
237.80157980524152,106.91752850659581,15.557522210893074,5.4090227511727225
237.79319145082363,106.75785490747514,15.574298919728852,5.405282025878602
238.60605799989256,107.88846482827728,15.564871393600507,5.4068899850876075
239.89326865946197,106.59264792204903,15.575688100569382,5.413285771436444
240.057228503415,107.4001410885537,15.571196024687893,5.41543749854984
240.22512443274738,107.40328793419891,15.558806446901448,5.409143807259411
241.19433902257597,107.40415517114806,15.559029095513297,5.40740933336111
241.51769007707594,107.4070817730387,15.558487193931208,5.401556129579822
242.65349819911611,107.24135750183916,15.547627157394881,5.410039499472623
243.30682381295344,107.07353411400307,15.532831884168951,5.422722286532633
243.476007428675,107.07092258126198,15.517447503381016,5.427945352014788
244.1304674278387,107.06766122976683,15.499954269959678,5.4344680550051025
243.9729453599251,107.0664621831227,15.492274559424738,5.4368661482933875
244.62574956394948,107.0621555732582,15.477294137815814,5.4454793680223865
245.5963534948251,107.05978137288051,15.471677093155842,5.45022776877775
246.25133648569042,107.0557642547648,15.452128103146425,5.458262005009181
246.41925108402313,107.04974916154903,15.43876805577772,5.470292191440719
247.5528252054789,107.04562012898081,15.429092822520024,5.47855025657713
248.2068299638061,107.04497005659069,15.411112622863488,5.479850401357385
248.36455154298807,106.8808187969302,15.417941181427963,5.485881203749871
249.17739283015533,106.71352579679487,15.404659822221106,5.497986960994986
249.66588188794194,107.67960134730416,15.395210073322884,5.500892593326247
250.63334319041053,107.67701081588315,15.394844072554392,5.506073656168266
251.2823620262871,107.50960234335115,15.38686753026616,5.518375318866039
251.60379320346115,107.34681550032722,15.389253996700349,5.52132459452273
252.90240375099464,107.18507803361868,15.37373368960349,5.522086929443559
252.74888322219854,107.02237256074064,15.35827225121333,5.524995379217334
254.20060357528956,106.85915709300123,15.355822445106027,5.529093992465617
254.2078786850241,106.69636994079615,15.341272225636935,5.532296676612178
255.3431151963631,107.65824756072409,15.326338567976125,5.54186089248529
255.5061190734027,107.49335931572973,15.322509262301585,5.5494589340693725
256.47697103715217,107.32897582736294,15.314374090508277,5.555964451518698
256.48106281299727,107.00890873072493,15.306190538818136,5.551573902198713
256.9713993121008,106.20078631878805,15.29171042616409,5.557497250150804
257.13456642280266,106.3631152169986,15.287339147613901,5.554802396583336
257.945055240228,106.36470990507252,15.275615425148072,5.551613020435489
257.94883272528864,106.35748543076615,15.268060455026808,5.566061969048242
259.0777161488131,106.35594438928861,15.262733373778453,5.569144052003316
259.5607076633982,106.51285740323651,15.262018933021782,5.57707422024533
260.8550601091705,106.50933606928092,15.248434441256716,5.584116888156509
261.4933738022616,106.5087391583476,15.259094166380391,5.5853107100231645
261.4916601390053,106.50491158814978,15.262521492892947,5.5929658504187785
262.62254525549076,105.37313960951901,15.256054301828762,5.601206765773571
262.7671969732344,105.6923054650839,15.28899329070887,5.60735990337848
262.8970194951633,106.34046487998515,15.352178489903077,5.602362045784401
263.21344706476185,105.8562044613326,15.366628078122819,5.599925791964164
264.5124191258155,104.55394651992466,15.359218388642404,5.613907242153197
265.3222266759053,105.84258940124103,15.359423122497113,5.628333213975473
265.47304763305584,105.51677396425004,15.3820103278999,5.631505848549636
266.4412375064919,106.4964691042677,15.393309557783995,5.619794545270597
266.9270602498173,106.33017807994588,15.395354672760753,5.627813060038412
267.09324257134915,105.5176132542685,15.387728883880698,5.629248440475562
268.2320292670075,105.51190362739068,15.382738833887567,5.640667694231182
268.3821050761273,106.3283297621607,15.407377397943518,5.631766336169131
269.3487990704686,105.67635254246915,15.42389595660776,5.635783077320954
270.15896734614546,106.32786920473453,15.430039927638502,5.633934170697739
270.65487690943377,106.16740867685559,15.414274571989434,5.629503969479779
271.63409439216673,106.00369827570215,15.406097281306335,5.631881825989483
272.1260634370595,105.8405538760331,15.39706327693726,5.6332025968554245
271.95928815923605,104.86242298194409,15.405752325971948,5.640295345360388
272.1205403081268,105.17665390230955,15.408363997216407,5.662065442681366
273.5888431426261,105.1755554672567,15.401701743275723,5.66426231278706
273.7599544857642,105.16817236848644,15.384971938217525,5.679028510327584
274.5786595201087,105.33385071928758,15.375157781201052,5.673190991059851
275.8771848844302,106.1495755510584,15.38027762902533,5.6680979378101455
275.87898348643563,106.14492525356441,15.37668042501441,5.6773985327981595
276.3725980164126,106.14260174047605,15.365560526402632,5.6820455589748615
277.513029319427,105.97630032988451,15.361751032728373,5.689355078393009
277.8350356940291,105.8075545886462,15.36848002888816,5.701475688187676
278.1706770164088,105.8072834092187,15.34857357791757,5.702018047042695
278.99112741053335,105.63965670790948,15.334723017046743,5.711861404185475
279.1467740134278,106.29743618670553,15.34881803665938,5.697855348199647
280.11858975518084,106.13850831935105,15.357214981016412,5.6903730115980675
280.2726688730372,105.65761512152393,15.37438049676042,5.676188152882011
281.40264908860604,105.98752975756305,15.391621544654026,5.666987874812745
283.02135865475816,105.49448719849191,15.40816922676242,5.676882948631269
283.5132939773676,105.49553668312926,15.40174529070366,5.674783979356548
283.49645554271444,105.49483215959724,15.435422160009951,5.676193026420608
284.4751905495306,105.49374191868033,15.435133943849092,5.678373508254429
284.62823014094033,105.4952911583993,15.455287165517994,5.675275028816495
285.94480988544535,105.32567982981854,15.433866866676356,5.688030287206972
287.09211325563234,105.16617882104674,15.423986342307787,5.680642845321216
287.24345113478824,105.0079822924582,15.44742306949591,5.670923416998364
288.05125353325013,105.66702629511572,15.463191713500887,5.657934164426324
289.3659092274094,105.01510848828931,15.444012471837123,5.656703704751769
289.2033577286898,105.3480123365785,15.443148445925361,5.64283005487538
290.33448331547953,105.51651216752965,15.460813861605363,5.631532762867336
290.33303409910303,105.19520944435831,15.46371229435842,5.622633896883321
291.15157600953654,104.38584326222382,15.45478928282182,5.613205451821903
291.96573672410875,105.67728845128798,15.453126657461981,5.632969159749009
293.2761179466192,105.67042269279607,15.437702077362957,5.646700676732826
294.0960437611958,105.50063564546065,15.426320638669626,5.6605807333116545
294.0933825649247,105.4947038453096,15.431643031211813,5.672444333613766
294.91723756664425,105.48754422910478,15.414304296309268,5.686763566023389
295.7388142106776,105.00417358626729,15.401569320617499,5.675253864273459
295.91173065609615,105.33209355771099,15.381427013377996,5.670795088581336
296.2370797124013,105.33588886480715,15.381365803130699,5.663204474389039
297.3816458767393,105.33451933105681,15.3684915794148,5.66594354188971
297.86827083442205,105.3370307540952,15.370371765237557,5.660920695812946
298.0352167612537,105.34052043128867,15.361459250069743,5.6539413414260045
299.0103579774648,104.52059832686594,15.359519389503498,5.67016674039151
299.34539143573613,104.52011521635905,15.339433144517898,5.671132961405296
300.6418896569477,105.49525611664768,15.3441764865956,5.669155999203678
301.1327324136687,105.49860134079267,15.336741478643706,5.66246555091367
301.2932123494253,105.50041199020882,15.34030283288236,5.658844252081397
302.10527515456,105.50596898283746,15.338712060253094,5.647730266824103
301.9502540302687,106.146259653347,15.324472146179291,5.664277576430386
302.2813718302939,105.81642146203309,15.310990010257827,5.6752004949293395
303.5763160374768,104.68472173865273,15.316141695251819,5.66793985475025
304.3924150558814,104.67641598627077,15.305557423798444,5.68455135951417
304.5626388871778,104.18338492725302,15.289580850601867,5.69720020936062
305.86445840959243,104.18615724176355,15.281696966154543,5.691655580339556
305.05096945791956,105.15272013404977,15.287400781377212,5.704058701514747
306.1889300784096,102.88451246544474,15.283414943419398,5.696603232680127
306.5164478810641,102.88321267391836,15.27711809311208,5.699202815732891
307.65624400391823,104.00985336796275,15.267803756195203,5.7161993364354915
308.7859425500048,104.98533200116397,15.279897572509672,5.712234277308037
308.7864330504313,105.15295216659399,15.27891657165664,5.7015957817707985
309.76313433965095,105.15380998507774,15.271882874931007,5.699880144803305
309.92422192192635,105.32242584744522,15.273969667810663,5.686910377498834
310.24159871372285,105.32529122310554,15.287330081422763,5.681179626178199
310.7398168742529,104.99931153337975,15.26333269736279,5.684846380963008
312.02817436584803,104.68103548799536,15.27754338868742,5.673667053103049
311.69211484320334,104.36162087172103,15.301925431159713,5.664759282834676
312.8256801024493,105.00397557124245,15.303211229866738,5.676287779334118
313.3184725795544,104.8360710483892,15.29048802590186,5.6878095749589
313.8081158551254,104.66884253565115,15.284138172620784,5.697954367814683
315.10416362734674,104.67201314889564,15.287277318151041,5.691613141325694
315.2579946609707,104.67374262018025,15.303950018305324,5.688154198756467
316.23701932066484,104.66901969517484,15.292979847827802,5.697600048767297
316.4027517789039,104.66728659394835,15.286040744062488,5.7010662512202925
317.2161426381268,104.66541967424683,15.281700407933455,5.70480009062331
317.37482860730927,104.6646099715594,15.288821642477718,5.706419495998167
318.18640252108645,104.81683307415054,15.28880157283147,5.726598842397516
318.1689411315823,105.30890722685292,15.323724351839832,5.717423450822511
319.30421882438816,105.30450740257005,15.330478690733061,5.726223099388242
320.2720751127457,105.47346155377711,15.348289233608487,5.713901983572514
320.5888264530629,105.64277932148093,15.366029475515553,5.700887909435599
320.74454693441845,105.63905932137564,15.380230507434705,5.708327909646181
321.549825326062,105.80657502616633,15.399585418041182,5.699278838843498
321.86557689510846,106.14024774824045,15.420278344717438,5.684129459464515
323.00402066813587,106.1421081418553,15.426246181309144,5.680408672234809
323.8200777387989,106.31213166575903,15.424836533223951,5.666502523075558
324.29916947142345,105.83063232010852,15.444256903834102,5.651897378517314
324.2952188126547,105.9997520536661,15.45215822137164,5.63954111529991
324.9522140602203,105.99630731175542,15.441258698776243,5.646430599121301
326.258334637463,105.82859417849991,15.434941684264546,5.656116348135596
327.402003580396,105.67005920582467,15.42838071883681,5.647361019137736
327.56990206968896,105.18626103704483,15.418155094801183,5.638243293046935
328.87264671250057,105.18656626030975,15.4147288569679,5.63763284651711
328.55526199622403,105.18084902645765,15.399103728844775,5.6490673142212975
329.8529369722212,106.1501804854907,15.405188143232454,5.661480170941655
330.5152758973256,105.82092618432281,15.382481237776926,5.669003300900756
331.33686643506326,104.67817591009579,15.365805942145089,5.677395757573801
331.0054965692021,104.83818703028636,15.378120770268001,5.6825859689924085
331.16537138012734,105.65442464291206,15.383855858630882,5.677534294808275
332.3042866436382,106.63191292879289,15.384356775167666,5.6754132460968005
332.29891849725595,105.49554885241629,15.395093067932217,5.670028821422546
332.63059385063946,105.3376458417852,15.382746532652476,5.660332756941061
333.7677768272418,105.3380680820368,15.384413310439495,5.6594882764378935
334.0967295428342,105.34152584742459,15.376820453252579,5.652572745662306
333.9346507246964,105.67170486816715,15.376057156815936,5.6420565696018015
333.93773022560896,106.16287467151388,15.369898154990736,5.633873537847804
328.1013145690979,106.00478487724634,15.36140744792861,5.625571959158304
319.5068810236899,105.52070457373411,15.367271010057198,5.621109724936302
310.74214663386357,106.49660886958033,15.389332969815289,5.6145685576765905
303.12339367395435,106.49405640398614,15.379518783556918,5.619673488864971
295.9870589011552,106.65763228802322,15.38025634905989,5.616883811247506
291.1152311090813,106.82287819464072,15.394250998627863,5.610714029165173
287.21781136558684,106.33672412878892,15.403201965247632,5.609786095822637
283.1478954632787,106.83027057745021,15.429922626488622,5.596266535705088
278.27713748406387,106.83047164473673,15.431505762106736,5.595864401132061
273.4136274311139,106.82906562544281,15.418126705103626,5.598676439719884
269.5226051991325,106.82762251099676,15.41126103303983,5.601562668612003
267.09190501688664,106.99385043830125,15.40529231607973,5.593598086099803
