270.1,91.5,30.6,9.8
268.72402965067226,91.24301645033407,30.49180743221921,9.934011521477343
266.5858137101158,91.52044380276804,30.421459165341183,10.000125409179544
265.64389610822377,91.46684576198321,30.44175956689322,10.107321490749204
263.4626607266593,91.43200024062068,30.440117015442656,10.177012533474262
262.5822192605619,91.70468283706859,30.326888907303932,10.2563510206896
260.458843556564,92.01330859410507,30.20190177075472,10.263633584408767
258.2975540104445,91.98015354570089,30.16439088708966,10.329943681217143
257.40649975384855,91.64546526311217,30.075859105582555,10.375773481494923
256.4661338498643,91.64153688026452,30.087254080816606,10.383630247190217
253.98650589947673,91.61396742363291,30.05914782323923,10.438769160453425
252.16252952594658,91.9211158782579,29.962949919011617,10.448497359751457
251.80206038747698,91.88668925272589,30.061070874337506,10.517350610815473
250.53671117797552,91.88075320712773,30.089807883543138,10.529222702011781
248.2858919459227,91.8640488347797,30.208595614038874,10.56263144670785
246.7195336653909,91.84433748762886,30.19909145145363,10.602054141009507
245.45647166784627,91.83020466152466,30.20910397084177,10.630319793217923
243.58842618677477,91.81478910516101,30.167062731435085,10.661150905945233
242.38331037591885,92.11164211096397,30.058711403146813,10.697090631839325
240.2253328684219,92.42775306663542,29.973492829450063,10.693607804595105
238.67502226412347,93.08643138929389,29.936883000190257,10.631143574420808
237.45760748669719,92.77088988295392,29.86859818364983,10.636447994252514
235.62173957300297,92.7576924326586,29.790991466228892,10.66284289484316
234.35790827460386,92.77131686435317,29.821645761687762,10.635594031454016
232.48859690461288,92.76937697658995,29.815083417468056,10.639473806980435
231.22642726081042,92.77577751139711,29.84272831839879,10.626672737366142
229.36730986018935,92.7429821626296,29.81492956233076,10.69226343490114
228.1018119492871,92.73267096030195,29.84539033603441,10.71288583955647
225.90627772823603,92.72035516815072,29.85481453207824,10.73751742385891
225.88051587841449,92.71260489675115,29.906338231721335,10.753017966658078
223.97652149061574,92.70647783433623,29.94896667436962,10.765272091487889
223.01668106775614,92.6886090848931,29.983451752978567,10.801009590374154
220.4483104118026,92.68682056222357,30.083814145266025,10.804586635713218
219.49431255275977,92.66712040698496,30.098626375623805,10.843986946190428
217.32383942723098,92.98669274929834,30.015623551832018,10.836834986542167
216.6863999268327,92.97565982861096,30.029174109657898,10.858900827916933
214.79609345032173,93.32151752197935,30.022217453410498,10.798447042725018
213.56271976062362,93.64025428714362,29.968723804377227,10.791033769503851
211.3578933430025,93.64293053141935,29.974305196636536,10.785681280952403
209.77517189389883,93.65067923814223,29.994067443097777,10.77018386750662
209.11629457626114,93.6655201894438,30.053544035078446,10.740501964903505
206.5500676493882,93.65787027437239,30.150347665777346,10.75580179504631
206.2452320292266,93.615330691557,30.12888698635154,10.84088096067708
204.0386253318853,93.60708831685608,30.115489670493414,10.857365710078952
201.83316597998706,93.60925382133838,30.099049632336726,10.853034701114328
199.9594369552497,93.9123709494442,30.053525987513552,10.87896406061901
199.05734777357105,94.19252410035195,29.96176904529821,10.950636193994423
197.20703944414458,94.21503390172532,29.870644690701713,10.90561659124769
195.32535607020014,94.53414127317359,29.855080288561055,10.897223706689397
194.4136351260941,94.8590471415488,29.79018896319518,10.876856374464952
192.46399296236618,94.53826800128182,29.92065363225072,10.890278045265507
191.18692530068708,94.85086828414732,29.953727556711915,10.895342829258757
188.93444459213993,94.87626545213074,30.042842575993593,10.844548493291935
188.8554730780181,94.56388855450345,30.20078560423726,10.838104648935253
186.57866413551145,94.59305416636008,30.320882783344977,10.779773425222
184.35793147834042,94.60075418976773,30.324143482655362,10.7643733784067
183.06628073091358,94.61972934439869,30.372263985701217,10.726423069144769
189.70967934881207,96.86823923913286,30.395190262218872,10.665977783781319
187.15940252367798,96.57145081018554,30.431563596398128,10.626532102164864
184.3564992640127,95.97604585337072,30.34194058315426,10.551691008555773
182.74263431676448,95.99575628624278,30.418844668093875,10.51227014281164
182.96010475723497,95.9930202828451,30.61445488048469,10.517742149607011
184.8533122462724,96.59989661924328,30.62884555899345,10.570924695671838
190.27091491175423,97.20688671828077,30.582677701481153,10.626243023885259
190.26789683190572,97.18338281493267,30.58871386117817,10.673250830581452
189.9516107018254,96.87247706429383,30.585341870051245,10.659118080571517
188.69385760885706,96.85954139977855,30.558299475406994,10.684989409602084
186.47499986148952,96.8780892202454,30.545970074618776,10.647893768668391
185.2639521704519,96.87842624757138,30.428607126900754,10.647219714016416
185.24233042659094,96.87657277010524,30.471850614622667,10.650926668948697
183.61002362555763,97.17345644281522,30.567203582727053,10.691011450321176
182.66610848882885,97.17879017386252,30.54715648783393,10.680343988226584
182.3876173800878,97.18010582567354,30.46866351898569,10.677712684604561
182.72008196974903,97.17729151564866,30.4380302873271,10.683341304654316
183.34719798349963,97.18255310923591,30.451712936778126,10.672818117479796
183.39564268144272,97.19487924574992,30.35482354089191,10.6481658444518
183.70813171535636,97.18242057111148,30.361960662535196,10.673083193728669
183.7219208579732,97.16611083330106,30.334382377301473,10.705702669349494
182.50426010368125,97.12338281884222,30.23821678140726,10.791158698267193
182.53531163649603,97.12884250296354,30.17611371577769,10.780239330024568
182.79054480386864,97.14225251080143,30.297596673443696,10.753419314348777
183.40288153159526,97.17971192526231,30.339348157126636,10.678500485427001
183.73448985211598,97.18504513397185,30.308577985042778,10.667834068007924
185.03415090977995,97.17958251313101,30.236488000930375,10.678759309689614
185.3239103984992,97.17199764382184,30.28793731349841,10.69392904830796
188.48119780539926,97.16285650742991,30.29323370942608,10.712211321091809
189.71114226048675,97.16102954304795,30.36293412852455,10.71586524985575
189.36282424168382,97.16548748663277,30.426101138763933,10.706949362686082
186.4995181257191,96.84916607946342,30.444762188264384,10.705375378977136
183.9542228526387,97.17022189742048,30.459696463646946,10.697720776910298
182.0204459815396,96.87328099944897,30.52005570665789,10.657070156322101
179.76048431926867,97.19836137229586,30.597365588554958,10.641568473863291
177.848597741224,96.88294218766357,30.608203174871456,10.636917581499064
175.91732425251035,96.87146956920336,30.657388570553305,10.659862818419503
174.31525854547547,97.19202771513498,30.678076643464387,10.65543519478798
172.06157038057927,96.8958185364517,30.727113498476328,10.61094791290016
171.7342757666439,97.1964847062549,30.744905408063577,10.646412891577247
169.46564946110843,96.86454588156823,30.818237056541683,10.672587546294505
167.88566170034454,96.86599144612582,30.782020955009187,10.66969641717932
166.3049926814679,97.79438830867035,30.75003993237937,10.728894128320132
153.81050790204662,97.77615122044631,30.80684003699531,10.765368304768204
151.51585654246298,97.80189412121139,30.910739525852804,10.713882503238027
150.24463365222434,97.77781605743148,30.88787899610313,10.762038630797848
147.9997751369204,97.72921812636395,30.884445912223047,10.85923449293293
146.41525026784748,97.70571131419948,30.83546463638981,10.90624811726186
145.50393697094262,97.68560739587122,30.72681493555654,10.9464559539184
143.56705256121973,98.0163353852917,30.743030579273636,10.927925504365524
141.94617737230666,98.34485419915134,30.770674071274673,10.91370925381124
139.6801739131569,98.32606601870897,30.80195647633234,10.95128561469599
137.46155308593578,98.31797149128924,30.730515358097044,10.96747466953544
137.441878328431,98.30969397388817,30.769864873106584,10.984029704337582
136.7838874786762,98.94748530993864,30.797382834225264,10.996910770627498
136.45728815523435,98.93913059346906,30.805717703773915,11.013620203566648
136.42557735235803,98.94787119242979,30.869139309526517,10.996139005645201
138.66179295416111,99.95392245599226,30.917902444546616,10.921691195074377
143.1189717795651,100.62757181165476,31.036756594516547,10.864851312431911
145.99432843327352,98.69148192093272,31.09917969826379,10.861606819766559
145.6522525183942,98.66565869311803,31.136587315598053,10.913253275395927
143.70714166495014,98.96129497375962,31.137443457656587,10.97020830825102
142.78962482598857,99.59272773854701,31.024634953009418,11.005904233723113
142.54002838394473,99.58280020287187,30.87552191855577,11.025759305073391
141.57520495886905,98.91172891499966,30.865617178115464,11.07486748709008
140.62728990134454,99.24497050453643,30.81963888327992,11.055653777978069
139.3388864403971,99.22498573806668,30.811422689808452,11.09562331091757
138.3731693534871,99.21558349921689,30.802260654150416,11.114427788617153
136.42261335758894,99.22635066784022,30.82091899494546,11.092893451370474
135.7916947932062,99.56163396328299,30.78885061209749,11.069279616291677
133.51525481078812,99.56824799898125,30.819312667103546,11.05605154489516
133.49611021860673,99.58847298686577,30.85760185146629,11.015601569126131
131.23818504593044,99.60340207111061,30.850938226697497,10.98574340063644
129.653935735834,99.59162250626989,30.79227326025275,11.00930253031788
127.68158260375272,99.6001315499282,30.8668835214905,10.992284443001264
129.646207196131,99.5967456670551,30.81232665305675,10.999056208747445
129.9642866261973,99.59497188409087,30.82128629574659,11.00260377467591
131.91234548399532,99.58195136048481,30.797043339541986,11.028644821888035
131.86462054486398,99.575672210361,30.892493217804642,11.04120312213563
131.80194996010118,99.55694232976317,31.017834387330225,11.078662883331306
130.20145722947427,99.51151981893868,30.97114418296232,11.169507904980295
129.8808320872524,99.825495009938,30.961877736764492,11.192074253623248
129.56130956910323,100.11865934726637,30.950128935724347,11.256539416304966
129.24077715747444,100.13279281383488,30.939396462854077,11.228272483167967
129.21400657213033,100.12790194157986,30.992937633542308,11.238054227677987
129.5201116399708,99.79978270710691,31.032806735859893,11.242213458625399
131.1626528575278,100.11129583753728,31.011377645519687,11.271917866719441
132.11360980278914,100.13293884508899,31.068348834978664,11.228631851616031
132.45517865434772,99.79146815526127,31.038207779074817,11.258576584058172
133.05634130916766,100.14516788497521,31.14209536384609,11.204283571835868
133.33489325251912,100.1608526526143,31.23860933513493,11.172914036557698
134.60803642860833,100.15294236220586,31.310079145557648,11.188734617374562
134.90614105883643,100.16924207507196,31.36962858635762,11.156135191642349
134.884054662164,100.15422937325089,31.413801379702498,11.18616059528453
134.56870082403216,100.14638523517041,31.38730091767923,11.201848871445456
132.61144368869418,100.15651034815745,31.359143337193668,11.181598645471375
132.614341282666,100.16441386674299,31.353348149249985,11.165791608300324
132.94907321112655,100.18074658999005,31.33984880953455,11.133126161806185
132.93343023542764,100.1921362219926,31.371134760932364,11.110346897801099
132.6275516008037,100.17496880660022,31.327682746219978,11.144681728585859
133.97511195803037,100.15978468889078,31.25339880169915,11.175049964004716
134.61454043119812,100.1718145269009,31.283924612292257,11.150990287984484
135.53118410877758,99.83825133948675,31.414716401124583,11.163423614815718
135.52040579092915,99.84568803451486,31.436273036821454,11.148550224759482
137.17992812082974,99.83207797491009,31.40145833808601,11.175770343969024
137.2207485325245,99.82415098526914,31.319817514696485,11.191624323250927
134.9537827678851,99.8275003753902,31.262085756179154,11.18492554300881
133.35320322690072,99.82969387934263,31.188261011568635,11.180538535103961
131.35850254597437,100.15758436675281,31.25455342829045,11.178609051138709
129.40057823526894,100.18412388568724,31.241764495530266,11.125530013269865
128.44209570936806,100.19065310757003,31.19786819883957,11.112471569504308
127.52283496310447,100.21863848027198,31.078142622122673,11.0565008241004
126.87537492105646,100.25747971891853,31.073060840445486,10.9788183468073
126.52442673900507,100.31716393117584,31.126447446837755,10.859449922292667
124.1957688388016,100.39068140871134,31.254079750914734,10.71241496722166
122.50265057225431,100.40949455352974,31.409101518547512,10.67478867758488
121.48091911026961,100.46054668822525,31.509214297359154,10.572684408193838
119.79252183181121,100.47898287257995,31.649271972273972,10.535812039484464
117.84920412999,100.47925261011044,31.64381516104714,10.535272564423472
117.58381630684246,100.5035085707675,31.52599710997425,10.48676064310937
115.33928327592562,100.85454636454233,31.493007922541594,10.43069294831201
112.7699589528443,100.59015912956671,31.47564358275784,10.314965795019956
110.33791144331238,100.98294645655118,31.844902821322663,10.171510538265169
107.81314501367497,100.74262267763494,32.38106802051374,10.007391287514247
107.61128435613725,100.7863443188166,32.78478933558917,9.919948005150925
107.21566093079393,101.10494494616741,32.92248525586009,9.936297680865026
105.54309882795891,101.1704945692455,32.988489207759805,9.805198434708846
105.20312502132147,101.89457725348873,33.01411578532012,9.665675137651574
103.01945440952258,102.21760184983738,32.81690702977012,9.671704513403967
104.06095505759319,102.50416145149043,32.68203420850208,9.747961468388935
104.13221687845794,102.47436541368015,32.53951056677258,9.807553544009497
102.90311185854871,102.78109540677563,32.405921450204374,9.84204334691518
106.25215430919,103.05682346515927,32.1746633613736,9.937269911393077
107.68420376818874,102.310603559183,31.89114945689553,10.13941721658595
109.09860359664049,102.54390212214267,31.641692550892483,10.317655778391687
110.49757678647886,102.79464283970347,31.421956515727743,10.460726929398083
108.66295338880106,101.50178174816766,31.227000607106515,10.470313976485132
108.75805273951023,102.47614520812027,31.03680190568816,10.445811804054468
95.77616065442734,101.59281312522373,31.47164795900055,10.297805611083557
94.14038081359348,101.89030077608147,31.534480036299342,10.344575830241842
94.66223939829594,101.60513263552825,31.777783202778217,10.271401943406412
94.98347836340675,101.63821793957062,31.780956543067013,10.205231335321663
95.98961817250556,101.60244115616743,31.702097987098966,10.276784902128053
