311.1,108.1,18.2,4.4
310.6089673964111,107.76109208962806,18.182065207177892,4.419716736588199
310.44670428097703,108.09181728125587,18.16456676878733,4.442315691849756
309.4252875267066,107.90745670077938,18.154143585392095,4.46882740414673
309.60564813509063,107.72592851138714,18.135991242939813,4.4893149086154995
309.44309911067563,108.05743859028202,18.1183860127994,4.511701308766583
308.5981675023727,107.36131612887067,18.093842374655114,4.53242074778907
308.7761037937296,108.37667585528783,18.080898743895403,4.559275006679917
308.6101179177627,107.84751299835187,18.069612919839024,4.587827992581189
308.10357460034584,107.1466586331438,18.051774731286482,4.614970291815611
307.0788250276126,108.3373884880175,18.03784179922807,4.640848005847247
307.08802450106947,108.3277690250705,18.019442852314388,4.660086931741274
306.41002914168325,107.79965645185524,17.998215254584288,4.6833983407948825
306.7632684476892,107.79034859545477,17.980628856184115,4.702014053595835
306.77375329127807,108.8136831560201,17.959659169006436,4.722643836003752
306.6104494145566,107.4257513376921,17.94162351338634,4.741360200156513
306.62151823044894,107.58786143532154,17.919485881601773,4.761882084710997
306.2867968850079,108.78371290186996,17.899295784365165,4.783893910029822
305.43893129947975,106.87906888888286,17.870295715212716,4.798773207544874
305.10470605802055,106.8686060436452,17.849115041011636,4.819698898020197
304.0807028429102,106.85822821678543,17.827660591196636,4.840454551739715
304.78215240653884,105.64060227885102,17.80475052138403,4.860725577080504
304.44675449795966,106.49052674846855,17.78543797132971,4.886147555877138
304.28526767607894,107.68847687101453,17.763152490978158,4.907061179575442
304.2969679829005,106.98728098466557,17.739751877334996,4.92810769110434
303.0976153592808,106.97530094998456,17.720658649299384,4.952067760466376
303.2822498755042,106.44486798162151,17.69696868934631,4.976196479711078
301.0435622115522,107.64244827730764,17.680300636299503,5.0009054011584215
303.64751075981667,105.0355775724328,17.661244499678634,5.025805851000031
302.1028443345452,105.54381582934839,17.635506649015678,5.047686237570842
301.76541078781133,105.00964955171692,17.618048079473265,5.077530298318584
300.560409434051,105.68741651818323,17.60273487060583,5.10789117475064
300.39169690598584,105.67171710481746,17.593335631549756,5.139290001482175
299.8812618944598,105.83431737870457,17.572371190976774,5.161367608249641
299.714957997454,105.82114726380561,17.55758695120688,5.18770783804755
298.3317976310891,105.80912260490142,17.54251992998943,5.211757155855938
296.95218654296656,105.79883281766791,17.518480947813703,5.232336730322941
296.9570948906311,105.78404898689485,17.508664252484685,5.261904391869082
295.7466748698695,105.77049535505819,17.49098496142466,5.2890116555424065
294.36644867461376,105.93570262992152,17.46253676525753,5.307209679150569
293.1511434277155,107.14154083311715,17.45333323669915,5.335347295114148
292.9854390870313,107.12907693489193,17.43580484679247,5.360275091564607
291.2543728562082,106.945250013219,17.40643679426276,5.37877888349288
290.3952517927709,106.76096979028746,17.379309951022364,5.398265535332966
289.01463186995244,107.45016420697007,17.348169513631976,5.416066843481414
289.1840910338116,106.5653182912156,17.358183366082635,5.441097774145756
287.6220963148734,107.07744785232576,17.336312555797548,5.465458734645954
287.6308637246849,106.71455707500917,17.31877773617449,5.491883356822692
287.11664111130847,107.22984556621965,17.297472447904205,5.511056889424988
284.15473836549285,107.04443486664107,17.27184745058846,5.53191178923233
276.81907653744315,107.03462668424976,17.243799774100157,5.551528154014951
271.0538771861187,107.20113387170511,17.2259951931324,5.568459333153255
269.84153006162694,107.19106578046895,17.200668003405802,5.58859551562558
270.0308596360049,107.18267353962779,17.172020438496194,5.60537999730789
268.815930401376,107.17060917676541,17.15250713336134,5.629508723032639
269.1783427246454,107.68603436804185,17.12783289333074,5.64888395024194
267.7914214952243,107.50099701778045,17.101051024294573,5.668880609779921
267.80050234890035,108.71460292662267,17.08288931694248,5.69210084570034
267.4567194448084,108.52958307608498,17.069998644078872,5.711912306252021
266.05976631368435,109.04690890744783,17.06064517301738,5.728483043517426
265.186088485449,108.50746056854902,17.055112213075997,5.755646551467703
265.196889503588,108.32087197712991,17.033510176797904,5.777826350432214
265.20811211621873,108.31251491727497,17.011064951536515,5.794540470142101
264.860211601655,108.30241739342506,17.004710119848994,5.814735517841917
265.0451999515859,108.11681744437546,16.986090381863985,5.8345784540643315
263.82360722510816,108.10865387443488,16.96910634364616,5.850905593945505
265.0667624337514,107.92375128162298,16.943348186417204,5.869203313846782
264.547526163477,107.73899462289721,16.927405733651778,5.887244966860236
265.2636015715195,107.55798635285265,16.90154399956006,5.8976892364510425
265.45517002348294,107.37887035804646,16.86979786646672,5.90453045522991
265.6447398489033,107.90224873846817,16.84171665736772,5.910949019611661
265.8310088028159,107.72101641092605,16.819949827438098,5.922642596800303
266.01601114577585,107.53662038846711,16.80061614372523,5.940763639511152
266.5499034616689,107.53330416539302,16.78500117529876,5.947396085659339
266.2091515854903,107.52512709742342,16.76526665660407,5.9637502215985165
263.5923360571085,108.91876465328774,16.739403336512172,5.981538777526157
267.8112559854823,107.5098693724475,16.715586379939882,5.994655039148223
268.1735836871236,107.15489848097923,16.691890391079717,6.003637407662409
266.43558365796235,108.02375047037245,16.664876676015997,6.017440315569054
266.7959283654857,107.8414852623894,16.644512867364945,6.031807928337374
266.8085373490653,107.83305238837264,16.61929490020566,6.0486736763708935
266.98905419958345,107.64611185992992,16.60833415347838,6.0724817789473855
267.1672320020858,107.46634401865293,16.602326063246355,6.081669946728723
266.64552352104175,107.63737750516438,16.59445992890254,6.090030672516468
265.42692272498203,107.62799525494817,16.578399902185353,6.108795172948886
264.7356953858829,107.44850188013805,16.558555983486013,6.1172072733447305
264.7405547428305,107.62183104137173,16.54883726959079,6.120989450472421
264.4009719066504,108.49310721877181,16.52726567496524,6.130280263136383
264.2234205184473,107.96062981701925,16.532143154477712,6.144559175960283
264.0570604224712,107.77700287962436,16.514308490270594,6.161258194590764
263.5345109442896,107.59221399877184,16.507608402568177,6.180236274940603
263.17560738727053,107.7626602673336,16.52372211069844,6.190190440770971
263.3370738421178,108.1106407463634,16.5520494309136,6.1967499425305075
262.2675082417566,108.10076017431503,16.580446746782744,6.216511086627251
262.0828398949947,108.2740217000236,16.597225503262887,6.22254597225384
262.79905720189555,108.9766741835032,16.576431186877652,6.228881302711079
262.27160670382347,108.79377041025751,16.573160506798164,6.241964957127933
261.55232532412947,107.55095403906921,16.60006938180662,6.257203401840273
261.2081017603073,107.36875377764396,16.581358758609774,6.268025049270196
261.7304445365477,107.89996855198206,16.59718480098829,6.266107095453318
249.5278018987132,107.71362714248491,16.59728843182204,6.285091629739874
248.11645270598257,107.70645884361926,16.58764022837647,6.2994282274711635
247.93586028868785,108.41210174015897,16.594662132698737,6.304794155460331
246.88663616263258,108.234333109053,16.566940367171856,6.305969748066071
247.05177605564822,108.41382036882484,16.590641980538905,6.300976627920664
246.8647374981822,107.88663072210849,16.61048468820228,6.292652699547361
245.61593289480294,108.59916409829965,16.627495475300055,6.285070758399733
245.43044300664687,108.0688774182613,16.64399492473903,6.282203137857032
244.72792960379437,108.7769793538523,16.630352506997657,6.284668490121458
244.5620519410317,107.35345805651352,16.607593419904287,6.29559578384924
243.3190826318223,107.7063480776579,16.612854008958813,6.298580892807388
243.15007568876288,108.41492943975433,16.59635514074613,6.2994691859407395
244.3883067926371,106.63914475631688,16.599922137176197,6.308139689703497
242.96583438898605,107.8700441825233,16.608880126699365,6.327829302847228
244.1975468846742,107.85973769154626,16.630343842428445,6.3484422848013145
242.60535865262608,105.18555939579451,16.61371174780855,6.361784611777927
240.65525890902018,107.67193644499893,16.601566424899858,6.3683784535225305
242.97306491759622,105.89745378533252,16.58889492914802,6.3612356794705525
242.80822824402583,107.31854684560227,16.56327010911657,6.3614348963087
242.8168543588047,105.90179172415166,16.546017879558782,6.355501996982769
242.64731314952314,105.54825220946792,16.530527082888028,6.353434595882598
242.8348489869401,106.08611008453187,16.50976677260816,6.3406529394167475
243.36736545049033,107.32223227614189,16.506072870806555,6.344866281894038
243.0142908731355,108.20484330703583,16.50461759548681,6.348655295179633
241.95676200263352,108.55638624013756,16.496578151438946,6.353268490660145
242.30394251784992,108.3808718671631,16.50984967043854,6.350480961892891
241.59393624016406,109.79349410038809,16.5140289087561,6.3569031295512906
240.00600814232257,109.7851161291671,16.502671478611393,6.373659071993261
240.36260086087145,108.3613855320774,16.498031259118683,6.386939395752293
237.89260220872336,109.42047932307582,16.475799712704866,6.395421321202631
239.47562365047654,106.9402214208417,16.498236180747096,6.396080356595359
238.75808540101545,107.29990807944016,16.514861639083403,6.385932559691349
237.5158647362203,108.53871682580642,16.516607361211335,6.391010674421202
236.6140966718265,107.8316148979385,16.54620486741018,6.386063632086043
238.9091664482544,107.48043124774954,16.572724220490777,6.3781757161660195
237.84570543508082,109.96462609205425,16.56742816187109,6.384961559146037
237.48836777242218,110.50024041807775,16.571272688029666,6.379979105837084
237.84661588839165,109.08068820785664,16.565538846284994,6.376033965502059
238.02504046555617,110.50335744407688,16.563916554179283,6.37251039084835
237.83995508785577,111.03898025632316,16.578947573484292,6.36668397464321
237.12737364630925,109.61520821023895,16.583100863592424,6.372208880841838
237.1209620244128,108.19259886606349,16.595924107385343,6.374128703513496
236.04574174579713,109.61299899903857,16.612567384530145,6.378391477678734
234.98535040484018,109.25288501335082,16.59764363136104,6.386717304026588
234.63799227990305,109.07521710875068,16.58058969424659,6.38616801973251
233.9339463570384,108.89383686404705,16.56616965852417,6.39330053877685
233.76573383552483,109.78121164870048,16.54704704913729,6.396289231540026
233.59863406146945,109.59795694477694,16.525922270411662,6.40747431255076
233.25508200504336,109.41301441157367,16.502586869346768,6.422139621998748
232.7331457793066,109.23393347767708,16.481022180362494,6.425155776305998
232.90734218930808,109.06448249780888,16.4875166028997,6.409170493502244
232.9039725218446,109.06537559526267,16.494255937826694,6.407384298594683
232.5370999359941,109.78223426475628,16.51848336988937,6.392702438883977
232.35392069396838,109.60434015539262,16.5299964082941,6.393645211964586
231.2946093211534,109.43058134094612,16.51844278029804,6.386133445253259
231.30547756981557,109.25166425057482,16.496706282973662,6.389241275260472
231.2935752943689,109.96696530361072,16.520510833866958,6.376508068383608
230.9427159792147,109.78798079449504,16.513064145039497,6.379894427047007
230.94984930094515,109.43115036491862,16.498797501578636,6.3844836901298585
230.43024318567055,109.25911015169117,16.474774538594342,6.374152385406909
229.37895987876527,109.9733502199399,16.454079046968335,6.361180319200514
229.03965413229477,109.79697806040092,16.426004719731974,6.360581728189803
229.050396335794,109.79615915563471,16.404520312733524,6.362219537722214
229.06027549463508,109.61761064452524,16.384761995051367,6.366673560552379
228.88740067854826,109.44701435584946,16.378074880024773,6.355429390703738
228.5355463882226,109.2759622576685,16.377509425398024,6.345396569426639
227.82922708722379,109.98549817416699,16.382356499618272,6.334116264207067
227.83270154221339,109.80992804504334,16.375407589639064,6.333441837303511
227.65627576790166,109.63913199204586,16.376557378462948,6.3233321834989455
227.31502151029164,109.46132753884363,16.355993839738083,6.327405062930935
227.3259863728796,109.28641622028542,16.3340641145621,6.325916346327815
226.46289588100285,110.16727488029467,16.305412586812203,6.3190315378127515
225.25176664858927,109.9947021447535,16.27468322187896,6.31375017607216
225.6096516268824,109.99707977836964,16.258685141321095,6.308994908839891
224.571983810835,109.99850828428559,16.236611768967972,6.306137897007977
224.39897480559526,110.00015068773531,16.233433269628563,6.302853090108517
223.17900460427416,110.00324116969593,16.22973539683696,6.296672126187291
224.208142726689,108.96220318087082,16.265015726710725,6.2851915291341225
224.0407006639459,110.00602647659349,16.25066923939642,6.292928614491847
224.2145737922339,110.00975899899989,16.25208514703092,6.28546356967906
224.042010471957,110.18165979907754,16.248163754346415,6.290710002762
223.1641444768776,109.83011027680014,16.2584666781917,6.295637420791378
222.64915301754235,110.18056606573936,16.240477308421536,6.29337403520673
223.87529432983024,110.35405035096197,16.231351483978948,6.295427864780555
222.64885974773057,109.66381079595274,16.241730980024556,6.280198592996857
221.94035604759932,108.09277930956048,16.263526721820075,6.283035334230651
222.12060008588963,109.3117130516486,16.252208764740946,6.289358686564914
222.65401370828235,110.88306562439921,16.232741799342538,6.288734379224816
220.7283748852434,109.14164589643477,16.24692749800841,6.283308428415491
220.5435293548395,109.32083071212341,16.26768419130458,6.27387316454983
219.83560277913824,112.98737127714979,16.28727710175373,6.271158299502329
219.85089744706673,113.1601190267494,16.256687765896764,6.2749628880303305
220.0227141029014,111.41750042702616,16.2619797571441,6.270947058309778
219.13312043582033,111.4187476824951,16.296519329174313,6.268452547371914
218.9701107622452,111.06423207695683,16.27315346580852,6.278713337416434
217.75038123286356,111.06462089173054,16.267990615062047,6.277935707869008
217.4015554974593,111.595552393662,16.267356449626647,6.263501158372048
216.3364813331232,111.42868500459863,16.30426617782504,6.248362836419796
216.1575411950533,110.21310239550705,16.313011755232203,6.23558516347486
216.15471629343907,111.79486861386177,16.318661558460704,6.2133279635544305
210.76730872371928,111.96659542296638,16.283461872235524,6.2185845010117955
210.9300831177744,111.10314596953808,16.306208324343995,6.20400720677527
209.53610301533382,111.10664374617636,16.307278489786672,6.197011653498691
209.7272951342845,110.92702971639065,16.273144513600233,6.2079894513551785
209.74740466850673,110.22629684903819,16.232925445155804,6.217638046297069
209.75922003133144,110.39710644529535,16.209294719506403,6.223564746615298
209.25900752043196,111.26206324780094,16.167788300790566,6.230203542462084
208.91531321004732,111.26164086903783,16.161519505411636,6.231048299988287
209.25927772466065,111.4384186595233,16.167096631475655,6.224245796662701
208.21870513733631,111.43502622862233,16.167974961605896,6.231030658464623
208.22148584388026,110.91949231979653,16.16241354851804,6.221559447402479
208.0533855133244,110.91077429582126,16.152019446635457,6.23899549535303
207.8793503461369,110.73668197487888,16.15333101976162,6.2404213759889675
208.22697732859564,110.56361610304853,16.151684065608183,6.239749614267637
207.1846095889278,110.55778266691267,16.1558145116924,6.25141648653935
207.01256355264837,110.37998329771828,16.152868702602976,6.259977343279807
206.6653632123111,110.20512742259268,16.15297022269862,6.262539513241559
206.14537145893067,110.20086411047747,16.15136194486914,6.271066137471997
206.13727544543607,110.0279264428293,16.16755397185837,6.269613776912138
205.79736018381232,110.0254902888691,16.152311814607206,6.274486084832553
205.785096059872,110.19934523046432,16.176840062487862,6.274179337495921
205.7754026520685,110.01382468178221,16.19622687809488,6.297467087790491
205.07035465408364,110.18800125425157,16.212505183849714,6.297568365405493
203.66506959198696,111.22910702395731,16.233536445396048,6.307510972979292
203.6487466115196,111.22699770783905,16.26618240633074,6.311729605215826
203.13668153630707,111.05321206628888,16.24113391372076,6.309574673971117
203.14544236606565,110.70690226346262,16.22361225420359,6.303546151008364
202.96414318380863,110.70070944993094,16.237249384340505,6.315931778071723
202.77146320276665,110.5275180481169,16.273227019850662,6.312932255125991
202.2306115539464,110.00207296207846,16.30538010968173,6.314272219393431
202.7588300960121,110.53132111682295,16.29996458632989,6.3067974706840415
202.58980394479633,110.35806846451797,16.287889730932314,6.30317561746482
202.24975035325608,110.18677098151292,16.26822345155621,6.295883852246627
202.08459301035703,110.89330736617231,16.249068114594397,6.280691173967468
201.03894997924732,109.67467812507755,16.246845055192992,6.275522347599356
200.52419244981286,110.54603121166281,16.22998203136736,6.276779645586389
200.7121573970025,110.54223679313448,16.202623012842597,6.284368482643053
200.72190588335184,110.36411964864739,16.18312604014393,6.292291756057008
200.55805775158746,110.18551603580536,16.16265120752866,6.301327885596999
199.6874939764479,110.18391828578395,16.163593995967517,6.304523385639853
199.51715631865034,110.17959899296427,16.156161097062324,6.313161971279194
199.17286340326893,110.1771378332147,16.148434890161525,6.31808429077833
198.12957018397697,110.17375961338983,16.146225853476693,6.32484073042806
197.95744873122362,110.16571241044873,16.14224654664127,6.340935136310276
197.06633172639212,109.99078053625537,16.182209279535773,6.3423446293432715
197.41405439771233,110.50930993482608,16.184883216843012,6.352464752123386
196.8954601117038,110.33031839086952,16.174229765856015,6.361167165701824
197.07773106672423,110.15119430343181,16.158970558194646,6.370132638197778
196.74962515567734,110.84468533833282,16.11673731272144,6.380040703529744
196.422974317761,109.97072522724068,16.072463920218777,6.3840232548756495
196.09270688717046,109.965390078753,16.036566541378,6.3946935518509935
195.4152071069569,109.96105606400572,16.000020584335683,6.403361581345573
195.43147867329085,109.95625672503051,15.967477451667772,6.412960259295977
195.43968358103305,109.95390703815683,15.951067636183375,6.4176596330433435
195.4398799876948,109.95283738973194,15.950674822859845,6.419798929893125
194.57429658522128,109.94824775303003,15.946397598600257,6.428978203296934
194.58502619133998,109.94483558919816,15.924938386362841,6.435802530960684
194.4196223682287,109.94328542098106,15.908744366188309,6.438902867394891
193.38055374721307,109.94163625928518,15.90595111763991,6.442201190786656
193.2073478375661,109.94591604537484,15.905522679082019,6.4336416186073135
192.87202835723966,109.9467117446895,15.882800524939759,6.4320502199780085
193.0566948985026,110.80987539841426,15.859788999244401,6.437330696681416
193.05027836534532,110.8035367561749,15.872622065558962,6.4500079811601205
192.87358247369585,110.6249048806926,15.879518472942989,6.460776356209837
192.52145951630507,111.83930833866054,15.890187068485586,6.459490057610322
191.2941440542739,110.62933286523273,15.91637221744799,6.45099522936595
191.28592716572524,110.97790111869628,15.932805994545264,6.448157688777633
190.07659040011973,110.63070818617771,15.920116095205536,6.447868287943125
190.07472521256372,110.62982279508286,15.923846470317521,6.449639070132826
189.89792417735597,110.62475943370092,15.930214657222294,6.459765792896713
189.90218419837547,111.66516836372756,15.921694615183315,6.4639962090585374
189.73516297537904,111.49061774136167,15.908277126122716,6.465637518736852
188.51550703297673,111.14919489704513,15.916529901974732,6.4538948905263425
188.49987616894225,111.15545140029319,15.947791630043689,6.441381884030225
187.7807629655757,110.98739112388651,15.996281794346636,6.43006837623605
187.93109493285,110.99151895898902,16.043553970762495,6.421812706031026
188.08561900432525,110.81590290657621,16.08298083905163,6.42456979961699
187.57314551565204,110.80986513151883,16.060635387189787,6.436645349731757
187.40941509707417,110.2903835900559,16.039106636022325,6.428639667687973
186.9000566917861,110.80865058763085,16.012224584226722,6.437704534909852
186.90954524939843,110.45557875790855,15.993247469002046,6.447238366082477
186.73654261817262,111.1495868511128,15.991052655645264,6.452022482907601
186.38616682696266,110.97490915397557,15.9952962748838,6.453123895591373
185.6898805385945,110.62361802677695,15.9945270781257,6.459035263241406
186.04646035655603,110.62004207331964,15.978228015332727,6.466187170156043
184.83297852353002,110.96776162487953,15.966941136357926,6.467391079901062
185.35917393385012,110.79430285698548,15.959087114303776,6.466129682827129
185.01361749960404,110.44935183681031,15.954115813982728,6.459947554364315
185.3681622183564,110.44388759070902,15.94074426984286,6.470876046566885
184.15757133141184,110.96745272275339,15.926903595524683,6.467326831709816
183.99284931047143,110.4481114307526,15.908752236242403,6.463223212221942
184.17597036870006,110.44270386733011,15.88976792576598,6.474038339066948
183.32081200689234,110.96560142269617,15.864207764460884,6.469769359287104
182.9848582753362,110.96380908670194,15.842661255131025,6.473354031275549
182.9994004091818,110.78843360362848,15.813576987439854,6.477627366093149
182.83686001894276,110.10350364447447,15.792526937333939,6.4629639620654205
182.66885898378828,110.10143059085335,15.782967064062172,6.467110069307677
182.3363487012757,110.10198724444693,15.75699359897641,6.4659967621205015
181.82541711103616,110.27906454531809,15.743559785708824,6.456941158293741
181.83378928446675,110.27980690454157,15.72681543884768,6.455456439846775
171.33411518532216,110.27737586707588,15.713429769663003,6.460318514778166
169.6288508033183,110.44791650791342,15.680326850437796,6.463600401426397
169.81429221425404,110.6216079975691,15.653383899548137,6.460157293096879
169.6586379664857,111.13847980656114,15.62120646101538,6.4568714773209805
169.16483419535288,110.4570730890882,15.579938357799792,6.447850718291879
169.5206632593461,110.63048508624954,15.552672622704156,6.4432229204145886
168.84461381337948,110.80136459089339,15.537906277988682,6.44318022028907
169.19220062376087,110.12695438757392,15.5257335279118,6.425998885556164
168.353435848104,110.98462541875101,15.498182902432184,6.415736999995363
168.35398324286584,110.8189756980386,15.497088112908513,6.406605146027556
168.35638298945779,110.65473276196727,15.492288619724581,6.394838912606552
168.35883215652416,110.4867375432473,15.487390285591847,6.390857523189133
167.5155670508437,110.31854161390568,15.474774019220437,6.387420086325921
167.35791618263076,110.15368252543742,15.450491663094631,6.37755417071074
166.18265515468389,111.1714010275985,15.427635451408188,6.376441395742997
166.01584288481422,111.33991607870007,15.422558730203487,6.378112554483955
165.35328709677378,110.83165198276616,15.39304152775338,6.378669162453507
165.34905447441415,111.1723657392863,15.401506772472665,6.3737160185307395
165.3517283824406,111.84863814376975,15.396158956419773,6.374259066502198
165.19138072675713,111.51378159124303,15.378650494459784,6.367564624901846
164.52662546574362,110.83868873201054,15.356844706167134,6.366434033047146
164.86821113601252,111.51725258104925,15.34865580820172,6.359271220114548
163.6831849907115,111.35328812892139,15.35800068165701,6.349956207635006
164.70307733657938,110.00498109079683,15.341497167631935,6.348862046936612
163.522320770588,111.0182314802713,15.344335196449459,6.34408278498646
163.6891886255976,111.01532762157876,15.347508973525951,6.349890502371511
163.33725509587487,111.52613376406569,15.377256956691191,6.339456831818043
163.1682246343099,110.34842057990352,15.378011648683614,6.333739582179874
162.48750240334672,111.02982641782187,15.39059625903206,6.319787757921102
163.32256984276057,110.86738423116837,15.406204298756824,6.307523547517588
161.96290166929066,109.85842622709501,15.428290396071263,6.302501868445226
161.30350338130427,110.70056906568719,15.397535708271533,6.305155270976534
161.48212191114627,110.53642830433171,15.377286359884936,6.296449082390099
161.4693740868831,110.03987820334402,15.40278200841126,6.279937918544079
160.45823189749825,110.71698453744133,15.405391334108453,6.272175285731108
159.95150702912784,110.38554062104892,15.40930681127573,6.262040278800209
159.45699863284656,110.22173808938658,15.389163229257516,6.253258550597985
159.6368313142289,111.06140301058493,15.365434245350713,6.253610602490539
159.80674216339898,110.72490866242866,15.361210011339631,6.255404370145003
159.6517227176934,110.55767203896959,15.335680763409611,6.254309477721968
159.48643136245764,110.39425075209904,15.331086414529105,6.245974992111117
159.3318665659588,110.2283222609258,15.305255090234583,6.242871057165385
158.342318340422,110.7291085943795,15.2771748498449,6.244886735989597
157.69060023864145,110.05907158913536,15.243983436330863,6.248333129402696
157.8718692817616,110.05764136056865,15.215180848930425,6.251193586536117
157.8850356799886,110.05424430657105,15.188848052476441,6.257987694531328
156.89581049841064,109.55511174205664,15.168665259611343,6.2569362455496425
156.74042139109287,110.05446288193599,15.14665065891657,6.2566124117818145
156.58674250562746,109.8879614828136,15.121542014501946,6.2571487946811155
156.25889372113602,109.72429011442013,15.113018992494135,6.252381235972719
156.42746684376547,110.88778264239784,15.107773673260112,6.2487026621915716
156.4251470972156,109.73000610309555,15.112413166359831,6.241944386767272
156.42573947475535,110.7289144417899,15.11122841128039,6.234360774543152
156.2648657877126,110.56482869369304,15.101423135152212,6.230979620523223
155.7748832655543,110.23839259617314,15.087340005113978,6.221153032659782
155.10977293093376,109.91151879866908,15.09368639670269,6.212963488841737
155.10447451762502,109.58331434673399,15.104283223320152,6.207543389173279
154.93298065544099,110.24808918627832,15.116299125017461,6.201881000767855
154.7614740593537,110.08163013652064,15.128266889161688,6.2037536722529
154.095197302615,109.91281467350669,15.135807763922578,6.210131438601677
154.2500451394401,109.4156217884901,15.157589166595649,6.210085979664972
154.07882322322573,109.91392829114933,15.168239671124306,6.208852958046789
152.74151218421838,109.90850952544375,15.187451515391404,6.219690489457937
152.07434816025923,109.9078102182322,15.192179876266474,6.221089103881037
152.22281059085017,109.90898732002847,15.227748797170895,6.218734900288493
152.04955831616624,109.9074116095452,15.241284041402976,6.221886321255041
151.05066028570684,109.90821446965312,15.239743818461504,6.22028060103921
151.2209202879403,109.90888205975136,15.232395357521716,6.218945420842722
151.2199367104938,110.08083406628438,15.234362512414714,6.208082102536295
151.05114878391026,110.08321016956594,15.239063615601012,6.2033298959731695
150.04659744927915,110.41483801497792,15.251018172110536,6.2057902427334595
149.87006737882575,111.08622301671747,15.271002283358957,6.195324357888015
149.6921194274036,110.58958747117984,15.293718985530107,6.189057846943982
149.52426244464286,110.59224497779717,15.296035676598834,6.183742833709307
149.0225597649805,110.59419686071905,15.299434050449413,6.179839067865543
148.34967422391685,110.76017486830402,15.311944837611193,6.181198126436975
148.51552406236092,110.5979221842065,15.31376653614838,6.172182119206693
148.3601290341248,110.43378978680053,15.291170457365899,6.167060778763916
147.03070397842492,110.60328053927444,15.286294848063807,6.161044988903864
147.18201590336596,110.77361553891498,15.31645790391087,6.153161895351967
147.3325199884198,111.11355738470954,15.348533700534917,6.139446137226247
145.6503368066459,110.2869228817174,15.379860774360425,6.126195498349397
146.4785612597576,110.95823711457727,15.39101732367456,6.11765139705967
145.4654819822136,110.79419665886174,15.415998181134562,6.1122026922193875
145.4577180832019,110.63137340956467,15.431525979157914,6.104054680186263
145.45760100694088,110.46267987804272,15.431760131679997,6.107568253057532
145.28618613494658,110.13163859590115,15.440649793684162,6.101770653371714
145.11068519574164,110.6330106214087,15.457686777616843,6.100921285788196
144.7876141645792,110.46179822112339,15.435434859331504,6.109149096053698
144.45318572916054,110.12364331341112,15.436247976842084,6.117415158151477
144.45715142004497,110.45280341276887,15.428316595073243,6.127459621435777
144.46190900695785,110.11394945999524,15.418801421247478,6.136672093080947
144.1375236147295,110.61199345086486,15.399022058197284,6.143409332602089
142.98097155054597,110.27567813102212,15.373364859932524,6.147822450392774
141.82683677681206,110.43762770237886,15.34492795672786,6.157738514918215
142.51130790785527,109.76730587179684,15.310305508312974,6.1640623624107125
141.85339303671674,110.93044898538105,15.293374704397229,6.170107091079622
141.8572293035263,109.76416591814858,15.285702170778118,6.171306353082944
141.6873175693981,110.59572355535754,15.292563284731393,6.17300285018092
141.5211585471531,110.42652653903762,15.291788777052927,6.178304330652356
