80.9,99.1,31.4,5.6
80.41993100122419,98.56275759452498,31.36013799755164,5.67448481095003
80.72544880700804,98.5330940079154,31.301105796047132,5.733811984169207
81.57797482482846,98.49626948031339,31.253100656319972,5.807461039373203
82.15052720758402,99.2851010661401,31.21425615570233,5.889188265060017
82.17089222420283,99.24444395832826,31.173526122464718,5.970502480683696
82.71875605484529,99.19962602331714,31.18824973735054,6.060138350705966
83.85741216815795,99.44226421397563,31.139715005243676,6.132056343018576
83.83507379121794,98.86316250573034,31.184391759123717,6.174411961586728
84.10401527675276,98.82070714605756,31.20589111440235,6.259322680932299
84.36770523964799,99.06877052166668,31.239858940725455,6.324543681827576
85.20360914716221,97.35986529522395,31.257355385276846,6.36374561555335
85.51378875667135,97.3416084592678,31.201110004310312,6.40025928746563
83.53403983715123,98.19519301316292,31.212358343306065,6.3851971082659125
84.08920607939562,97.07117542239584,31.229825454801166,6.3776330978323115
85.76035755840094,93.70154444117259,31.271509474248592,6.348921105362691
85.49788894685088,93.68071480408913,31.232423464052268,6.39058037952959
85.45933459642177,95.37743189873281,31.30953216491047,6.382869840603773
86.58892653285949,96.2290851997554,31.311234721846443,6.375228060917127
87.17745693778235,98.18656868793752,31.264366402219437,6.41593480031839
87.92711146956663,99.6310370373178,31.460752938245676,6.353157434215893
88.20701574072308,100.17115174855381,31.467712474941052,6.406464169760363
89.66721424292304,100.1513368343599,31.386856051729442,6.44609399814821
89.67105080635521,100.13802026395898,31.37918292486509,6.4727271389500265
89.95672840545828,100.11936681801058,31.37578396623472,6.510034030846846
89.90931109982517,100.12194240726681,31.47061857750093,6.504882852334362
89.86540500373107,100.1070902738129,31.558430769689114,6.534587119242191
90.72664010096759,100.40333962474215,31.551018775934267,6.513774484289777
90.72686289261227,100.12159287445823,31.550573192644897,6.506092250677645
91.29257478184326,100.96238687103416,31.561188548243752,6.537562958617034
92.15167159881653,101.23281568237262,31.558343696936404,6.568488263486491
92.45042347264439,100.95128902717234,31.533185816608867,6.559195706558881
93.28343788723198,100.93278452729969,31.582588576943714,6.596204706304166
93.29577421913186,100.93970853896874,31.557915913143976,6.58235668296607
93.58688361454622,100.65960277910536,31.548307271757118,6.569958053250954
94.1819626120628,100.37349380940297,31.502615705051937,6.569942778491736
94.47913968854225,100.36677966600382,31.479851155961835,6.583371065290031
94.71701159661721,100.36366778319343,31.575638068160544,6.589594830910815
94.74380372251052,100.08783390545584,31.522053816373923,6.568261854005332
94.98739375744967,100.66896072841168,31.60670427043839,6.549669255979157
95.87500309160181,100.6533990299788,31.5494648608655,6.5807926528449165
96.15780297092661,100.61174485949843,31.556325781699293,6.6641009938056595
96.6834409835212,100.5830060984307,31.653409178178762,6.721578515941099
96.93921994370328,102.04472948741024,31.71851680271472,6.681459462482744
97.55641183467189,101.7192862664941,31.637737080196757,6.7555438746054035
97.85784279855247,101.3976852495479,31.61198027889141,6.821640782041974
98.16013673906902,101.67146554011633,31.5854184876458,6.85210629069264
99.63349447297156,101.36590840659157,31.529917632763677,6.884977635157558
99.10107849091361,101.65302580400667,31.43855378124711,6.888840748143585
99.69205107868815,101.33982243909148,31.41037732343828,6.938363119103866
99.686723681318,101.60618587898901,31.421032118178562,6.983082467187914
99.98371801364699,100.76859044585655,31.405505560306427,6.922887013095294
101.46346696183157,100.46419398990847,31.331396761349225,6.9546021055090765
101.4775165885096,100.7179607421769,31.303297507993154,7.023714890966019
101.52501948046968,100.41771131990677,31.208291724073,7.046627394552961
101.80232156611099,100.69068791597354,31.23037543737464,7.077362087003682
102.6856760349441,100.69154624541105,31.196445917154026,7.075645428128658
102.7027809552798,100.70038598312698,31.162236076482593,7.057965952696802
103.83593369373571,101.29680681385929,31.200956937388824,7.017637460141211
104.11352932580088,101.30807087421114,31.221790000067784,6.995109339437508
103.84312360548657,101.32756354913037,31.18671843874006,6.956123989599044
105.02136900062052,101.03201143768594,31.128764610249515,6.972593972043557
104.74335132229821,100.74482468648887,31.11066515817965,6.972832665723207
105.87017545879799,101.03357935802994,31.152552752112992,6.969207289374323
106.13640007743463,100.76089280193301,31.194508585889164,6.940175330518703
106.42023447994738,100.73932632381525,31.20127544920703,6.983308286754245
107.28561213221901,100.73930597363066,31.19661613794876,6.983348987123399
107.29751626167365,100.7465393646133,31.172807879039496,6.968882205158144
107.29230649432233,100.7450455176433,31.183227413742102,6.971869899098131
108.14821993801932,100.73421237676294,31.196068923209,6.993536180858856
108.13823007480771,101.028053246533,31.21604864963223,6.9813440035929775
108.44690697896749,101.01398854739415,31.17423069396189,7.009473401870692
109.313624905766,100.9951630938582,31.16726278691986,7.047124308942573
109.58347531240648,100.97984626662902,31.20368019808506,7.077757963400925
109.59858988731952,100.96949064323026,31.17345104825899,7.098469210198454
109.90195263234905,100.96889734790142,31.14392223030052,7.09965580085615
110.49951079012389,100.66961924918226,31.102411005492975,7.121409452923376
110.4920305671804,100.68497647021911,31.117371451379967,7.090695010849676
111.61567731275169,100.9806995865646,31.175096779245138,7.075503482910635
111.63926242306104,100.97731426267745,31.127926558626413,7.082274130684942
112.18466372772025,100.12388417328272,31.189606529002603,7.0604104399325305
112.4617025158637,100.40739814414327,31.212219184586697,7.070072730082412
112.45071005668912,100.69605532769825,31.234204102935873,7.069954417959005
112.76944615616358,100.69791414885302,31.17423608691984,7.066236775649457
113.36000797372138,100.70738231574313,31.146283835409935,7.047300441869233
114.22409394063028,100.68941422855997,31.14558818717952,7.083236616235549
114.49768603221503,100.39697700197935,31.174913277840904,7.091601795565904
114.46566618981474,100.6824561389997,31.238952962641484,7.0977283336782415
114.76560540349047,100.38695825947171,31.217181903775824,7.110616724248422
115.92539106373077,100.65282356337633,31.209805077127022,7.156934739897103
116.24736464417326,100.65829073869904,31.144695638446173,7.146000389251689
116.52823664043186,100.65996913588208,31.160658846153172,7.142643594885617
116.56196057500281,100.67752113213326,31.093210977011275,7.107539602383254
116.7678906579347,100.68812144536446,31.25758920687505,7.086338975920842
117.34754327723377,99.55021871094179,31.254585344310048,7.049541692699913
118.2275926233122,99.25814389807478,31.226679836470126,7.056293590328308
118.12661847828579,99.57000059647822,31.428628126522938,7.009714359451672
118.97603297051955,98.43842362357437,31.46705256760595,6.956530404525358
119.2150557510746,99.3405672760294,31.567604501298554,6.888035584023354
119.44294741685638,99.35487736640573,31.690509795535775,6.859415403270702
127.2989377145424,101.08718978638653,31.63491916279547,6.873988332782821
127.88205783672905,100.51017312913791,31.627409579880283,6.869290985821992
129.08205536801745,100.49101254005033,31.544087838114038,6.90761216399716
129.68214334695114,100.46455080791264,31.501384870741536,6.960535628272542
129.71649933928364,100.44882001478038,31.432672886076574,6.991997214537051
130.04076258216622,100.42455563553973,31.362945238841714,7.040525973018353
130.65890364288862,100.42434345308814,31.28416944134483,7.040950337921553
130.70286943613127,100.42388703027856,31.19623785485952,7.041863183540699
131.52882528855923,99.8255299873734,31.273603240218524,7.085725875874442
131.53077818318363,99.52138085349253,31.269697450969694,7.115659176706803
131.81942298356958,99.21088494502243,31.271295395140967,7.157763448703825
132.12942951199628,99.79153813447034,31.23100460822099,7.155901609674825
133.30534316953432,99.77839230516209,31.195646331717704,7.1821932682913445
133.64131700792348,99.76494788840454,31.102823191809787,7.20908210180644
133.6688253178539,99.75775141243828,31.047806571948886,7.223475053738964
134.00130209398375,99.7459638226742,30.96068349021707,7.247050233267126
134.53746448777906,99.45753016956697,31.04246382052662,7.246864980531522
134.84655264094414,99.13845358105448,31.00249253988629,7.306813131866611
134.83018685921076,99.41359590649641,31.035224103353098,7.335321058479662
135.41470892701352,99.4017218475612,31.02578630356443,7.359069176350061
136.60998590758047,99.389502324221,30.95573556365805,7.3835082230304785
135.99907712291375,99.41206995509776,31.01834500634021,7.338372961276945
136.53404343262042,99.43299952996702,31.107658566174933,7.296513811538437
136.39498157159733,99.16397459671622,31.385782288221147,7.2544821467594485
136.25455997533516,99.46974599055224,31.66662548074551,7.226142952104267
137.2953610379511,99.50198682057777,31.93152216249684,7.161661292053195
138.09619765139345,99.50266094271824,32.09720797148678,7.160313047772259
138.6678457174015,99.49460130612357,32.136775767001076,7.17643232096159
138.9985077695845,99.47458260042053,32.067753741289394,7.2164697323676705
139.60354931480742,99.44863374115916,32.041874204109945,7.2683674508904215
139.9602381863113,99.43635679522114,31.921235099639922,7.292921342766434
140.3000335505477,99.41206470956757,31.833153100982734,7.341505514073603
140.9015229777844,99.40143899362529,31.812576201179404,7.362756945958152
141.23263550509373,99.38508758106877,31.7416707181963,7.395459771071195
141.50308205840173,99.39263735847231,31.791724661165176,7.380360216264102
141.7407848095447,99.40101807935302,31.907683008284508,7.363598774502692
142.02717086938355,98.82703138639732,31.927590516536114,7.326212904555405
143.21498160106327,98.83257357982691,31.920930753250705,7.31512851769622
142.89854400602044,99.44246309188081,31.96187328291889,7.279214814423481
143.20080639584546,99.45018063244709,31.9491667653568,7.2637797332909315
144.12436910171613,99.4216358416948,31.876064325119568,7.320869314795515
144.41945346710378,99.42395079395736,31.87730513946545,7.316239410270377
145.63745185498064,99.43267463393218,31.806659676882134,7.298791730320737
145.08712841762303,99.42927663265625,31.72729946496629,7.305587732872586
145.68400342845464,99.43635883834914,31.71157624243619,7.291423321486835
145.7017904326857,99.4499050568958,31.676002233974117,7.264330884393491
146.00435070177994,99.4620967891243,31.658375251716286,7.2399474199365095
146.59744851359716,99.46736973059906,31.645728476729207,7.2294015369869955
147.75450117414522,99.47504258306014,31.67719281233982,7.214055832064818
147.43806236102876,99.4945837338142,31.723529678425134,7.174973530556714
148.91010198526453,99.49008161572047,31.71165395280371,7.18397776674417
148.62099163454482,99.49636532128598,31.70342777465747,7.171410355613137
149.1845479241069,99.50502037977063,31.74849137175648,7.15410023864386
149.46409875639557,99.52293814996496,31.77577967853785,7.118264698255183
150.31555758522103,99.53562807107569,31.83111000507475,7.092884856033727
150.3136124683698,99.24139608585924,31.835000238777248,7.094976074150887
150.60983076636066,99.24721758102699,31.82903174075367,7.0833330838153845
150.62422074945022,99.25436868320244,31.8002517745746,7.069030879464461
150.5956091505745,98.96090607041353,31.857474972326052,7.07048024642213
151.1548372083383,99.56477350516258,31.911641466996564,7.035367987122209
152.08965683753894,99.55736379852834,31.8011893986773,7.050187400390676
152.4066189891317,99.55665009727353,31.7523895431282,7.0516148029003
153.0281861276874,99.55809034049376,31.678182355896645,7.0487343164598535
153.31374784330757,98.99703561420836,31.69041966818035,7.004122281982528
153.6354811404514,98.99300018003852,31.629623080962137,7.012193150322186
154.24281224322934,98.98429585780309,31.578897915709017,7.029601794793066
154.548488303859,98.9843181413271,31.549135442333796,7.029557227745038
154.86423743992967,98.67416311105185,31.498805977571138,7.068698480916819
155.7783033738125,98.35276788147578,31.414320000599126,7.130273643137739
155.8023373532637,98.62274592332822,31.36625204169669,7.171529385189579
156.3743330291004,97.75894666604741,31.3849185902905,7.1551410493503775
156.68109450626557,97.7586015804376,31.35267211965183,7.155831220570001
157.26929100477622,97.76667632986448,31.337947878678158,7.139681721716255
158.45557758255094,97.76584650910398,31.286634274944166,7.14134136323725
158.2196096418406,97.75872959803044,31.17894795047176,7.155575185384333
159.098575740725,97.7598898937623,31.156142630022067,7.153254593920579
159.43298568751732,97.7548762256282,31.065331475134144,7.163281930188819
160.06390219251855,97.46653331416542,30.957336540384414,7.163048715487989
159.82527451568026,97.47480544904622,30.85920326728327,7.146504445726417
161.01299498314847,97.47840490262534,30.778495695265747,7.139305538568148
161.32727783936565,97.18959438440626,30.722334208628226,7.144522349209453
161.04990794837985,96.92219970982255,30.705363038560403,7.1076007463374244
162.1940443320961,97.21248817421117,30.700131462246237,7.0977841153397625
161.93431951191417,96.94838041184798,30.649083784585518,7.055502322041558
163.07950163014004,97.23367807656697,30.634565605988197,7.0538685070671505
163.10354241836725,96.6637996981623,30.58648402953378,7.056175421629041
163.14244560593127,96.39261869696324,30.508677654405755,7.030447370790579
163.4312008601902,96.66983248492201,30.497662221579812,7.042514870564896
164.3135639330364,96.38847403315641,30.432651842666033,7.03865985183654
164.59383765641905,96.96435166420885,30.437683482745186,7.018062763420565
165.14520259398293,96.97581044428637,30.465460458089595,6.995145203265551
165.42943304630424,96.98257406934098,30.462203756663698,6.981617953156309
166.0100188812084,96.98149921932223,30.430826937876326,6.9837676531938016
166.27785423127892,96.9883944829346,30.459651881523282,6.969977125969076
167.1464605724876,96.99143542935664,30.4163499818485,6.9638952331249735
167.16517193912276,96.99028505639005,30.378927248578183,6.9661959790581784
167.44357115780127,97.27573541934565,30.385552581063575,6.95871902298941
167.97986552461336,97.83109020073381,30.439710247504088,6.9747558602777815
168.25378993929402,97.84160975482138,30.456308811966036,6.953716752102658
168.83316096596468,97.84527428573128,30.426118990539674,6.946387690282834
173.02625678598622,97.57084135035505,30.49555280754155,6.9315451972323014
173.2483115218715,97.01944392861625,30.615845908942905,6.905534894366072
173.52716861295008,96.9942870301842,30.62373057554233,6.955848691230182
174.06015062230634,96.98889330192519,30.69112979018155,6.966636147748196
174.3013627281998,96.99057377074476,30.77654712589732,6.96327521010906
174.58594987303292,97.25926111100539,30.776355571764757,6.994883265121564
175.45827060463665,96.96864648812728,30.740484642939695,7.006522332750296
175.7359762864348,97.24489941692813,30.754381469594158,7.023324665399304
175.99396112279064,97.24522836612206,30.808240370299494,7.02266676701145
176.52417170465714,97.24008072529564,30.88897229031997,7.032962048664291
176.47302027106676,97.24655479533446,30.991275157500702,7.020013908586651
177.02588077018413,97.24770089499158,31.031774155365362,7.017721709272429
177.04028428526152,97.24378421958974,31.002967125210585,7.025555060076093
177.3608697223287,97.5258765832785,30.935178310167508,7.034752391789759
177.9439627459856,97.79743468182323,30.91419698192715,7.064238554237056
178.8234669884463,97.78180993018145,30.873813158869023,7.095488057520599
179.09394474220076,97.7895310529265,30.905764587471097,7.080045812030501
178.82698938769474,97.79218210619551,30.866614693576217,7.074743705492504
179.64857102536513,97.79177853938553,30.94066752711151,7.075550839112446
180.48931069653582,97.81344724580129,30.979588960078726,7.0322134262809595
180.4953807129727,97.54744648387864,30.96744892720502,6.991034466430313
180.73159522288896,96.43291977449994,31.06723392438961,6.93123181711924
181.30855954630252,96.1520846210349,31.058238630907613,6.920435447376734
181.32401768863255,95.87606227346029,31.027322346247576,6.900349219670904
181.8764667255485,96.45448744298722,31.06503648145995,6.886111089661381
182.4155836899761,96.4546433059752,31.129927982678,6.885799363685419
182.69634070685942,96.46293717988847,31.140886129816536,6.86921161585885
183.55717974229498,96.45665761365501,31.13612483901391,6.881770748325777
183.84633337904455,96.7403527218884,31.13029917462044,6.886862140964686
184.9873536803878,97.33850614807064,31.138250538865332,6.83555127206591
184.40540813583107,97.61897360597486,31.158908829081128,6.8462327557063185
184.95084905393452,98.18124622927492,31.212256431899362,6.8659169481313675
184.98770529988875,98.46338907175479,31.138543939990882,6.874879765808693
185.25369673136103,99.04050483307914,31.17894338934233,6.865412867752096
185.84657595099148,99.33776224775313,31.138722654773495,6.843666890750154
186.99490460189534,98.77455980289956,31.12918653313414,6.826511190373103
186.4302587809329,98.76615677271184,31.11585138760965,6.843317250748568
187.02178330374966,98.77232947490083,31.07570420226944,6.830971846370562
187.039387723561,98.782880226318,31.04049536264677,6.809870343536239
187.60036644410613,98.78358149879001,31.058018069887,6.808467798592208
188.47662328708304,98.78322391157448,31.015384461501853,6.809182973023268
188.75590060730548,98.79168241603142,31.02620241740224,6.792265964109394
189.6325708489044,98.78038544604628,30.98045393344345,6.814859904079676
190.18577757735142,98.76789857743795,31.012020282062938,6.839833641296324
190.17417221603512,98.76498973560751,31.035231004695543,6.845651324957199
190.46406914427413,98.76114052589398,31.025796091462006,6.853349744384262
190.7636584590082,98.76868623593053,30.99699238022283,6.838258324311181
191.3842270463551,98.49356680453731,30.895207948725737,6.8188208154992775
191.94769616739987,98.49427144502431,30.90399802409904,6.817411534525274
192.20398712720856,98.49722856633261,30.959376969842477,6.811497291908663
192.21688347930578,98.220359378383,30.933584265648054,6.7966081925760555
193.0265811373852,98.24236741241256,31.01811466726498,6.752592124516918
192.97054441308697,98.53530955895347,31.130188115861436,6.735021914120783
193.19234568148048,98.55405124554566,31.256138833370105,6.697538540936389
194.03526589241966,98.56302059448375,31.282100220894293,6.679599843060233
194.0274025286514,98.56280780577059,31.29782694843078,6.680025420486548
194.60938490507294,98.57742768338424,31.275557602940953,6.650785665259225
195.48653539640853,98.2988577140086,31.23115299126573,6.637960147011887
195.80353456664324,98.02187554892157,31.16624509409677,6.622834033885473
196.0760293464267,98.01911663849833,31.189137360844438,6.6283518547319495
196.65095391587388,98.02159331923355,31.17591152361041,6.623398493261536
196.91141362381978,98.00370635961644,31.22302109586841,6.659172412495733
196.93397220631763,97.97354096695155,31.17790393087271,6.71950319782554
197.51016542174415,97.93203741032146,31.165366702963844,6.802510311085725
198.64846873428417,98.2032306495673,31.174193674196744,6.831482231672246
198.92975586243503,97.62633768860569,31.183663892149006,6.84117920508746
198.64906229100404,97.61174207494022,31.172685085923902,6.87037043241839
200.09329098906667,97.59060483591618,31.14811065747967,6.912644910466458
199.81088387744003,97.59639941433518,31.13967656534336,6.9010557536284605
200.392824386994,97.59022546112821,31.121605609583682,6.913403660042403
200.64815640951068,97.31372627783445,31.183830589104357,6.893513002075922
201.80581211606443,97.01503855381911,31.16204695639967,6.917506505005912
201.80556888529952,97.02155471737628,31.162533417929453,6.904474177891579
202.3429732595969,96.73619488897779,31.23431201287498,6.901900162918411
202.61524526502433,96.15082679434568,31.26402448310603,6.924123390010818
203.21265448584546,95.28350900623421,31.219417781204722,6.933441356622353
203.17906161450875,95.28297318054965,31.286603523878092,6.934513007991479
203.1052030325289,95.58668547545123,31.43432068783784,6.90271393829592
203.38484175988117,95.59257311480201,31.45213671904689,6.890938659594379
203.6589496518801,95.33009105453822,31.481037511837915,6.838786203333036
205.1345872533879,95.61316586984904,31.412326741463122,6.8491494592395386
205.4063021971386,95.6074745701124,31.444641931117882,6.860532058712798
205.64403797384054,95.92038009841721,31.545591835525975,6.811142459915164
205.31379534997527,95.93414689300147,31.62919059796667,6.78360887074666
205.6082454762877,95.91913630060282,31.61782040071484,6.813630055543957
206.48364758750668,95.89461190158782,31.600874811676377,6.862678853573967
206.82033821178425,95.85884075867305,31.506159513603066,6.934221139403489
207.7480876461183,95.82780251825969,31.386812018871538,6.996297620230236
207.79799910614008,95.81280231578337,31.286989098828002,7.0262980251828555
208.12307713294126,95.79640968912149,31.214239116143702,7.059083278506632
208.74262010780234,95.79339891719778,31.129177950742505,7.0651048223540345
210.16874923979358,96.37018111590017,31.15655775106073,7.063395650669555
209.05138286677396,96.37531046765058,31.08616557849364,7.053136947168712
209.58274225513162,96.67499546794758,31.17362531453464,7.028856202952874
210.9970976998768,96.92993376992297,31.22419059698268,7.094834833389799
211.05075646706433,97.21422651779865,31.11687306260761,7.104092403706993
211.30440315121783,97.79664544708528,31.18608580318753,7.092266762907577
211.88191257669848,97.77184653544003,31.18557778775234,7.14186458619806
211.8911682786807,97.75720621761542,31.167066383787894,7.171145221847287
211.90004831325672,97.19947895124174,31.14930631463587,7.129584014133239
218.26775510171902,97.18297004960614,31.117920803163923,7.162601817404428
219.11329827918692,97.18190174756077,31.15978122226601,7.164738421495183
218.7913665724147,96.63627603734835,31.225363155292467,7.099426880884037
219.9161707386299,96.07967455918461,31.28754779502348,7.056733351130825
220.20500001607894,96.08676167333631,31.287891221546605,7.042559122827403
220.48307665017032,96.08639665897248,31.30947096669398,7.043289151555077
220.47348126603015,96.08216399343478,31.328661734974354,7.0517544826304865
220.73821747702937,96.0764353679299,31.377675511429377,7.063211733640218
221.64809205768466,96.07002561492034,31.29612469446992,7.076031239659349
221.90480773945407,96.35626945315472,31.361189098483425,7.082039330742837
222.19318424558244,96.3562166658737,31.36396647545495,7.0821449053048955
223.10052761600937,96.34232420127552,31.287994651635156,7.10992983450125
223.37088043528178,96.62626815616495,31.326324380850128,7.12107729248216
223.0810431261189,96.31958714954203,31.326207240056505,7.154647546608716
223.90322029815653,96.92277342895791,31.423166203879227,7.109150526375559
223.8671219404333,96.63594767533266,31.495362919325704,7.101873086270206
224.1447762840622,96.64353901988544,31.521861910749298,7.086690397164662
224.99565947524937,96.37451159225773,31.565760814042168,7.04285682386432
225.2504734741401,96.67245354424703,31.63779346534649,7.028633568971513
225.21175573633118,96.37443073873598,31.71522894096434,7.042277231988396
225.16826431468547,96.66448386634596,31.80221178425576,7.045929516634936
226.37058647531782,96.66498042095901,31.7377933106572,7.044936407408847
226.34016434314543,96.36291910123526,31.798637575001965,7.064930678821328
226.9646827494587,96.35005366374376,31.72034826080906,7.090661553804328
226.9676274661163,96.3655677004034,31.71445882749379,7.05963348048504
227.28712713415047,96.67170913705232,31.659542968704624,7.031434084466315
227.86141208312304,96.12502094849766,31.676499103345417,6.959284428989701
228.15026448101088,96.44782524539468,31.680399558775406,6.895281086401345
229.28519080048324,96.77348646091333,31.732225259295802,6.824378240230311
229.55125737598362,96.2195338189492,31.77986618983965,6.772735361069362
231.26385788228626,96.54792842365956,31.831316856662617,6.695388098220013
230.6678977633554,96.86560870408132,31.865913339037846,6.638689415119729
230.92462066295013,96.30725865611531,31.93051206991393,6.599300450920549
232.6267667031465,96.61274515609729,31.995335075674948,6.566513298648867
232.30600283082245,97.2104044855367,32.05840451770245,6.528111245011273
232.60060475747065,97.22231089116818,32.047796335066046,6.504298433748315
234.05381772259406,96.93699569285553,32.031275553669516,6.496947800603553
233.50288708959053,96.36124854090049,31.97792695865922,6.493232243496282
234.0922289603927,96.64473696274017,31.952806841631105,6.503037212105043
234.46037620679357,96.63566218496975,31.79313239306318,6.5211867676459025
236.25329030587395,96.35766435059914,31.655671316006533,6.502454582869773
235.75745979288314,96.06472714256375,31.50247693955567,6.515901297724284
235.53835088379716,96.65562140980046,31.370160789320156,6.475180700065771
235.87606455383474,96.93939964222895,31.26261057599987,6.475501361963667
236.78929762262874,96.6703391751934,31.135252983096915,6.447252781139756
237.12277656768686,96.97157382762279,31.03232088561245,6.408809268912786
238.0313132174417,96.9792599376203,30.90072859593007,6.393437048917789
238.62128367834822,97.28179086749496,30.84013739090487,6.348050047562403
238.94855883949768,97.29287520636544,30.74352353162413,6.325881369821446
239.26288312735574,97.30026332086594,30.671019015953867,6.311105140820458
239.27373763859904,97.32371582100919,30.64930999346722,6.264200140533954
239.58811288354096,97.32631513612806,30.57417342753579,6.259001510296201
240.69251707150588,96.7932803959483,30.57518560212375,6.2201607153968315
241.5103936395558,97.09612832981746,30.594564241356327,6.166175439436018
240.92221551013452,96.28759647807412,30.669065248825373,6.130456265862434
241.18849669517942,96.30422365457092,30.687779112742078,6.097201912868838
242.0264804722798,96.31588836562568,30.664475530710796,6.073872490759293
242.00927441059517,96.30966551720635,30.698887654080036,6.086318187597962
242.25870118448813,96.56943957233432,30.750864984558223,6.1176009556061945
242.77985230385087,96.84782009492835,30.812911862416485,6.113014468710054
243.03855518826057,96.84556956720142,30.848463064611057,6.117515524163916
244.14246857168567,96.56438229621035,30.85481608837251,6.126345118493145
242.9884199923844,96.30629352238309,30.947684106221164,6.08871538095921
244.3897075676478,96.5559197451601,30.91698362488605,6.143837869243513
243.77054280003236,96.57536374103793,31.04526513751902,6.104949877487842
244.29846748166193,96.58696493716538,31.10154536606594,6.081747485232964
244.5462629397931,96.59062150541577,31.162354875983514,6.074434348732183
244.80028289800154,96.33058732267672,31.21142625903717,6.037391414739733
245.34429581545862,96.58247079803283,31.237546574234305,6.090697539083175
245.04533337853113,96.57878351414953,31.276984357958927,6.098072106849757
245.01193651490448,96.59579507405662,31.343778085212225,6.064048987035604
244.96483157084188,96.33238981896459,31.437987973337464,6.031403405686356
245.21130462378758,96.63711396604897,31.50517940076628,5.982092644837801
246.27670521593595,96.38139241236978,31.614820715473517,5.933425127445199
246.79571960500297,96.6772995964624,31.69817360374015,5.902301592460297
247.31496938978023,96.70374864792313,31.7821674706353,5.849403489538839
246.99976120870875,96.7272581212436,31.85120309476672,5.802384542897928
248.35768041462921,96.75590640389191,31.942462723037213,5.7450879776012735
248.5731162621128,96.78140236942596,32.073156290698684,5.694096046533189
249.0787569103992,96.79875953365548,32.18664821093126,5.659381718074146
249.30873143481477,96.79369770293708,32.289987302946,5.669505379510947
249.79144982952198,96.79967909611962,32.45442433455915,5.657542593145874
249.71867357685878,96.79933871173732,32.59997683988553,5.658223361910459
250.49284197299647,96.51056356678441,32.75880530508559,5.666718565991121
251.04166260779414,96.77331332919147,32.80406082974333,5.712667438303487
251.86459850893584,96.48533348334446,32.87717565837019,5.715631586360716
252.13632240265585,96.7427242332698,32.9078064132711,5.774928628850921
251.77774533576772,96.44411585216214,33.049275072443194,5.796459916462064
252.07786423554208,96.41594256558278,33.027132167730805,5.852806489620766
252.61496036433823,96.40127433645863,33.11074554255846,5.8821429478690925
252.8945714779797,96.35347004055707,33.1321796507608,5.977751539672208
253.15927311645765,96.31998499993726,33.1856274347349,6.044721620911812
253.48331371159108,96.56084749515499,33.12247187362728,6.147922259635597
254.33869658540237,95.95534788711961,33.16994230701935,6.186764021696551
254.30597080994397,96.24129400430833,33.23539385793619,6.202383058999831
254.9104818026218,96.21136236211602,33.20384757856516,6.2622463433844455
254.58904197249868,96.1789259549511,33.25725190467626,6.327119157714281
256.410639588497,96.43677789982709,33.16307312728079,6.4029180103958305
256.34037792694465,95.83411494140682,33.30359645038551,6.42490165154995
256.91246332359333,95.83045203212,33.347579797151006,6.432227470123627
