118.5,88.5,5.0,6.0
117.38955606770718,88.69763050499962,4.999832026778583,6.000231376065982
113.98815256822594,89.39523805799737,4.999579888627882,6.0005155802475265
113.37765707091887,90.00572183937301,4.9995067553983485,6.00061214533995
113.37771140586347,90.09286006240454,4.99939808550916,6.000773743786172
114.68607120027411,90.00554501831543,4.9992603373255635,6.0009650425885575
114.0755955871292,90.70322939120014,4.999134901385893,6.001112482224249
115.38392179244363,90.09264802772044,4.999079125572961,6.001196779602884
115.99450166227766,89.4820527264471,4.99900063877739,6.00130612927709
115.38399182923646,90.17976868017546,4.998936087418463,6.00139904175329
116.69233219722724,89.39473400132297,4.998870307298957,6.00149942594104
116.0818244765253,89.65633851898673,4.9987953346875384,6.001614853762936
116.69240648924111,90.44127697497099,4.998725748184319,6.001716506130926
116.25634599786483,90.26676804606008,4.998634174931781,6.0018493415507015
117.56470881238015,89.65614756328578,4.998554848830939,6.001988699065372
116.8669573634471,90.26666183656141,4.9985060443277884,6.002067892087224
117.47755982862637,89.91770697265933,4.998411914159545,6.002200019782628
118.08818276709508,90.70263543801394,4.998280498980821,6.002347397048906
117.7393327315087,90.52813828134965,4.998200261053404,6.002451555827378
117.82658584538024,90.00474907820585,4.998139424885589,6.002557612663333
118.08828703714906,89.65581039203927,4.998075193067483,6.002650782703767
118.43723715659728,90.35351598850552,4.9979607710389535,6.002811223507113
118.96063645530398,90.35345690937426,4.997844697552256,6.002929381769638
118.35014251568715,90.35337940633674,4.997703319275456,6.003084387844664
119.04798834255467,90.35331094536247,4.997588845129827,6.003221309793233
119.2224647290658,89.82992513623145,4.997530900731231,6.003308442184305
119.65866249147706,90.4403910716319,4.9973745072285185,6.00351135523119
118.96095396467868,90.26585383230142,4.9972040646981,6.0036889598603285
119.1355021409662,90.26576831108167,4.997004564814021,6.00386000229984
119.74611477679592,90.17849994809804,4.996914184170132,6.003948886693442
119.48447859079587,89.9167810223327,4.996843295241427,6.004043477295347
120.5312478845329,90.61447487676197,4.996681560258351,6.004240336764097
119.74634567755159,90.61436492826026,4.9964494670551,6.004460233767537
120.09534700590022,90.26534245585195,4.996239390767402,6.004712598174559
120.35711952731016,90.17803013306285,4.996040302058471,6.004888592382444
120.70610257238484,90.35241415530531,4.995866811615526,6.005016847750717
120.18282067711799,90.35234160289149,4.995746664677065,6.005161952578355
120.96788304850209,90.26505537896557,4.995650541121816,6.00528677607322
120.96799304969001,90.0904468765063,4.995430538745992,6.005607778714398
121.14252261698812,89.5669813500133,4.995270227953836,6.00584236028819
121.49150394445182,90.09023127759805,4.995109374229495,6.006045206923273
121.84049063991965,89.74122902622798,4.994939931055264,6.006245761901954
121.23002082276851,90.52614208326371,4.994720126812386,6.00648178310289
121.75351232954918,90.52600114750196,4.994445766396556,6.006763654626389
121.05591837559824,90.78755663027529,4.994022782446702,6.007006773524124
121.66668726713411,91.04906689968578,4.993622844501396,6.007331025471607
121.49238822450073,90.17669113224488,4.9933273296193255,6.007614559609252
122.27754107321175,90.08928254368173,4.993039241305905,6.007985335723469
122.62648193482302,89.47866030113042,4.992947427626423,6.008097479125709
121.92878664865106,90.00190048969176,4.99275618509201,6.008303463161774
122.27776210189899,89.47848297191517,4.992596549667666,6.008451592107683
122.9756348389028,90.35063735949805,4.992431266240979,6.008618055168075
122.36516658457678,90.35055735329135,4.992235815479704,6.008778067581502
123.06316111785534,90.4376264714549,4.991820598766079,6.00908656248481
123.06325998641714,90.4375047017718,4.991622861642505,6.0093301018510275
123.58667799336902,90.17574422623034,4.991458899936764,6.009515026834921
122.97621728499868,89.91397893714294,4.991261474101699,6.009708958191552
123.58685697710855,90.61167215379271,4.9910995523238615,6.009885339111357
122.97634265459509,90.43718008905991,4.991009983867612,6.009978550438881
123.67418499532435,90.34990368620527,4.990888908557822,6.010085905379597
122.97647184130817,90.52427929775126,4.990754016553471,6.010224982296749
123.58708614286775,91.22200761007521,4.990641234194421,6.0103292956604335
123.41267066936643,91.13475149935785,4.990582373191654,6.010396613092479
124.80826471134452,90.0880483770978,4.990514171651748,6.010462945800354
123.41275381793398,91.13466989914367,4.9904173314684295,6.010558871961936
122.36611146280593,90.52408182740102,4.990364084387924,6.0106212070009075
119.7496661972747,90.4366634075343,4.989906646928612,6.011013114450283
118.00537262591823,90.26207468521649,4.9896221327807035,6.011303393399825
115.9993695635424,90.26197162264424,4.989428544380397,6.011509518544319
113.90619868836819,90.00020730667103,4.989125818667475,6.011707590983099
