190.5,96.9,23.0,20.0
190.11104419312247,96.30052050780728,22.777911613755055,20.19895898438547
190.21020989054648,96.20539620604232,22.579580218907054,20.38920758791536
190.29212111789084,96.11672530806406,22.415757764218316,20.56654938387188
190.3556157497331,96.03851266028913,22.28876850053384,20.72297467942176
190.41002103325326,95.95670531828203,22.179957933493455,20.886589363435952
190.45970175488148,95.88469244497189,22.08059649023705,21.03061511005622
190.51931154388598,95.83638652921782,21.961376912228054,21.127226941564366
190.56829356361922,95.7782786827964,21.863412872761582,21.243442634407227
190.62012071760915,95.73763864789503,21.75975856478172,21.324722704209968
190.62918294051758,95.67890694144043,21.741634118964868,21.442186117119153
190.65358862010464,95.63951942598769,21.692822759790715,21.520961148024625
190.68293111171494,95.60360841489785,21.634137776570103,21.592783170204303
190.70304267165184,95.57488242412012,21.593914656696317,21.650235151759787
190.7403639017923,95.54993716358165,21.5192721964154,21.700125672836727
190.41651009296464,95.52400200547154,21.480915889594844,21.751995989056923
190.4275673092306,95.49983031720045,21.458801457062936,21.800339365599125
190.44576239256895,95.48813042668498,21.42241129038623,21.823739146630054
190.4313155729298,95.47095298289729,21.45130492966453,21.858094034205433
190.40303146909758,95.46299477020318,21.507873137328946,21.87401045959365
190.39743622273306,95.43828127555663,21.519063630057957,21.923437448886737
190.3936398338191,95.41600142801681,21.52665640788592,21.9679971439664
190.39707402187798,95.41044438206413,21.519788031768137,21.979111235871763
190.3733626612879,95.38109338317027,21.56721075294829,22.03781323365947
190.3296569791438,95.3672003105909,21.65462211723649,22.06559937881822
190.28765734907773,95.36763849541734,21.738621377368673,22.064723009165338
190.64954535989574,95.38670357003627,21.71017559327589,22.026592859927476
190.65855295534683,95.40243797275681,21.692160402373705,21.99512405448637
190.97718252591548,95.40698559500974,21.748389799678947,21.98602880998052
190.98646153276778,95.41968988534589,21.729831785974355,21.960620229308244
191.27793807078436,95.40568772394634,21.840419252496854,21.988624552107336
191.2574760917002,95.40314353681188,21.881343210665182,21.99371292637626
191.23745833398925,95.40682952252958,21.921378726087113,21.98634095494085
191.19279173105429,95.40509768947076,22.010711931957026,21.98980462105847
191.15870265853516,95.38716132230624,22.078890076995272,22.025677355387536
191.1352954318244,95.37769541674687,22.1257045304168,22.04460916650626
191.12372344671334,95.37596092620534,22.1488485006389,22.048078147589333
191.08958098517445,95.36456277570241,22.217133423716664,22.070874448595205
191.07029422727663,95.36867697522597,22.25570693951235,22.062646049548086
191.05434722120236,95.37760744341031,22.28760095166086,22.044785113179387
191.04917252034554,95.36729523318752,22.297950353374517,22.06540953362496
191.03093540241593,95.34699186488538,22.334424589233702,22.10601627022925
191.0074178818373,95.34493680583677,22.381459630390964,22.110126388326464
190.63110596545508,95.33331537513112,22.42782655754466,22.133369249737775
190.95512622087367,95.30497364173598,22.487147370868215,22.190052716528047
190.93350831409592,95.2716597046848,22.530383184423705,22.25668059063041
190.92527368036158,95.27358637283385,22.546852451892388,22.252827254332306
190.93313379653918,95.27332336562526,22.5311322195372,22.253353268749485
190.9098673296461,95.2569762375514,22.57766515332336,22.286047524897224
191.24480512854214,95.23205794465699,22.619953135332306,22.33588411068605
190.89308736528918,95.22352336611684,22.609762498836336,22.352953267766335
190.89663293481325,95.21471190823877,22.60267135978818,22.37057618352248
190.87447894396087,95.21972840395351,22.64697934149296,22.360543192092987
190.85235185968398,95.22730830042678,22.69123351004672,22.345383399146428
190.8493310930375,95.24015705708813,22.697275043339673,22.31968588582375
190.83134890697886,95.25087412493855,22.73323941545696,22.29825175012293
190.8131340769471,95.25921878476568,22.76966907552051,22.281562430468647
190.80451330729787,95.24520289139949,22.78691061481898,22.30959421720104
190.8074072948253,95.24457631967763,22.78112263976407,22.310847360644757
190.7879789416454,95.26532583766767,22.81997934612386,22.269348324664662
190.81649215177637,95.26848217817158,22.76295292586196,22.263035643656835
190.79312714640608,95.2800896627022,22.809682936602563,22.23982067459561
191.144269360139,95.27299596554498,22.822500961263103,22.254008068910046
191.12735757470003,95.27047492085629,22.856324532141045,22.259050158287423
190.74378947393703,95.28020959723544,22.90731400735587,22.23958080552912
191.0755571029336,95.29086806183271,22.960421981820247,22.218263876334596
191.0385584322587,95.28162716458014,23.034419323170102,22.236745670839724
190.98657505288332,95.2920323968068,23.13838608192085,22.21593520638642
190.9488135897494,95.28097282371616,23.213909008188683,22.238054352567687
190.91210767237115,95.27470361221991,23.287320842945178,22.250592775560182
190.87311750011352,95.26281151159685,23.365301187460446,22.274376976806316
190.82851785429395,95.26812973553334,23.454500479099593,22.263740528933347
190.81314625493235,95.25695248646929,23.485243677822808,22.286095027061446
190.81063439783588,95.27432122051144,23.49026739201568,22.251357558977137
190.8127397249618,95.27299392041866,23.48605673776389,22.25401215916269
190.77959887423512,95.27801577932426,23.552338439217262,22.24396844135149
190.75314558777876,95.28165474156586,23.605245012129984,22.23669051686829
190.74950490084015,95.26189220533655,23.612526386007183,22.276215589326913
190.7020991725073,95.25781335065547,23.707337842672864,22.28437329868907
190.6857022162676,95.23337305985125,23.740131755152262,22.333253880297512
190.6602810963373,95.21635334257861,23.7909739950129,22.367293314842783
190.66852544480915,95.19570699392001,23.774485298069177,22.408586012159976
190.65312415046304,95.1823640182736,23.805287886761406,22.4352719634528
190.63938793912516,95.21496435305977,23.83276030943715,22.37007129388046
190.62123643514474,95.20851648520026,23.869063317397984,22.38296702959949
190.6242891991804,95.22856171546758,23.862957789326686,22.342876569064863
190.62504614254107,95.23960534437477,23.86144390260532,22.320789311250483
190.6425427662135,95.19186884388465,23.82645065526048,22.416262312230714
190.6155709033394,95.19553611303711,23.88039438100868,22.40892777392579
190.55993278919254,94.77366901972997,23.991670609302393,22.517955884674222
190.56207260271563,94.76456017818059,23.9873909822562,22.536173567772977
190.1902188032908,96.22726071033419,23.992671193225007,22.56448205498919
188.71480006060918,96.9378099406187,23.987654995148365,22.6213104361401
188.6926187684587,97.30354508822447,24.032017579449377,22.629633366438
188.67897744984253,97.3117119026038,24.05930021668166,22.613299737679323
188.64871516914314,97.32732692919208,24.119824778080467,22.582069684502752
188.65228023194834,97.3031524628685,24.11269465247006,22.630418617149914
188.64991277909803,97.32485134553878,24.11742955817069,22.587020851809385
188.66111136514485,97.3360688397421,24.095032386077012,22.564585863402723
188.99524627505087,97.34633825917199,24.167340041982122,22.544047024542945
188.96263213891135,97.35692597226412,24.23256831426117,22.52287159835868
188.9187893283088,97.36524007763256,24.320253935466283,22.50624338762178
188.86207999977108,97.36737993285674,24.433672592541708,22.501963677173453
188.82327437803858,97.34533351800575,24.511283836006747,22.546056506875438
188.7972338908356,97.32766504554819,24.563364810412672,22.581393451790547
188.77253189199305,97.31199400469217,24.61276880809775,22.612735533502587
188.77518660135215,97.33229573332797,24.6074593893796,22.572132076230996
188.75576383398013,97.32303996602325,24.646304924123633,22.59064361084043
188.7553591057059,97.30890467281446,24.647114380672036,22.61891419725798
188.77933611035124,97.3179587745264,24.599160371381394,22.600805993834122
188.81766864328952,97.32197871900493,24.52249530550485,22.59276610487706
188.83678428633138,97.30486592672493,24.4842640194211,22.62699168943705
188.8478881274654,97.27530819973236,24.462056337153072,22.68610714342219
188.83555618221737,97.26979156919717,24.486720227649126,22.697140404492593
188.84668689325144,97.28232027963182,24.464458805581014,22.67208298362327
188.84275000729457,97.26875181669124,24.472332577494743,22.69921990950446
189.17809071172516,97.24443577635627,24.550322967141184,22.747851990174375
189.1450354878337,97.24095062925886,24.61643341492413,22.754822284369205
189.11941114062984,97.25343843332114,24.66768210933184,22.729846676244644
189.08299088253892,97.28285671540047,24.740522625513684,22.67101011208598
189.06386839974303,97.28556012221135,24.77876759110548,22.665603298464223
189.0186301551668,97.28676423633101,24.869244080257953,22.663195070224916
188.97846977967293,97.27807785731915,24.94956483124563,22.680567828248627
188.932859538723,97.29338560886072,25.04078531314556,22.649952325165497
188.88734551917733,97.27494501183381,25.131813352236865,22.686833519219306
189.2280052467551,97.25443824140395,25.209323676864262,22.727847060079032
189.17951277187967,97.25211868176504,25.306308626615056,22.732486179356833
189.13051313623868,97.23537535644343,25.404307897897052,22.765972830000067
189.06426784054224,97.20217152000788,25.536798489289925,22.832380502871157
189.00383507334254,97.19190532523498,25.657664023689314,22.85291289241695
188.98884302278003,97.21074333845374,25.687648124814352,22.81523686597945
188.9709717284091,97.22865814438325,25.72339071355623,22.779407254120418
188.95000361617812,97.22438440495434,25.765326938018152,22.787954732978257
188.92936702492273,97.20053265308478,25.80660012052895,22.83565823671737
188.8906698801852,97.19723781403825,25.883994410004064,22.84224791481043
188.85928316540137,97.21596064248871,25.9467678395717,22.804802257909497
188.8318748012413,97.23324562642362,26.001584567891815,22.77023229003968
188.83480917597035,97.23719979369147,25.995715818433748,22.762323955503987
188.82404131333493,97.24165845719682,26.017251543704575,22.753406628493266
188.80146798450386,97.25871113164251,26.06239820136672,22.71930127960188
188.76612247877648,97.28062334772784,26.133089212821464,22.675476847431234
188.7547667015424,97.28909546706376,26.15580076728966,22.658532608759387
188.71819212223852,97.29339078129475,26.228949925897385,22.649941980297424
188.73698790239624,97.29190702524417,26.19135836558195,22.652909492398575
188.74596222993213,97.30519978895917,26.173409710510175,22.62632396496857
188.7448068551825,97.30077319219427,26.175720460009426,22.63517715849838
188.75462501743363,97.30256974524126,26.156084135507193,22.6315840524044
188.73328720874017,97.27212641027029,26.198759752894087,22.692470722346336
188.74586675043716,97.25034836342238,26.173600669500097,22.736026816042166
188.72009587051312,97.23774442025159,26.2251424293482,22.761234702383742
188.7201601789779,97.2147084104284,26.22501381241864,22.807306722030113
188.6643065954197,97.18966502425357,26.336720979535,22.857393494379764
189.03679109094492,97.17187650653688,26.37217942219204,22.892970529813184
189.0370527767569,97.13634953557009,26.371656050568095,22.964024471746733
189.03259538078203,97.14950586272715,26.38057084251785,22.937711817432614
189.00332738033794,97.14684926888583,26.439106843406,22.943025005115256
188.95572422718402,97.15277027538383,26.534313149713867,22.93118299211926
188.91578028293225,97.14485508241998,26.614201038217423,22.94701337804696
188.885960542797,97.1398922893375,26.673840518487914,22.95693896421194
188.85051973405817,97.13526122743232,26.74472213596558,22.96620108802226
188.80840337312594,97.17123617540685,26.828954857830002,22.894251192073224
189.17403964298475,97.18518001823972,26.886380987641356,22.86636350640748
189.13542971933924,97.17219621547724,26.963600834932365,22.89233111193243
189.1024141825855,97.16138706230547,27.029631908439825,22.913949418275987
189.0839831536289,97.13409422488544,27.066493966353075,22.968535093116017
189.05194690158322,97.10698867851666,27.13056647044442,23.0227461858536
189.01612642320524,97.0874895349134,27.20220742720041,23.06174447306011
189.01752161450034,97.06763440488659,27.199417044610172,23.101454733113737
189.0024181121738,97.05147108950524,27.22962404926323,23.13378136387643
188.97538216235358,97.0315886138508,27.283695948903706,23.17354631518531
188.90536614067668,96.97971981391778,27.423727992257533,23.27728391505136
188.87303007643862,97.00581597985017,27.488400120733594,23.225091583186586
188.85209453497993,97.02424432697958,27.53027120365103,23.188234888927752
188.8482663344152,97.05661413946004,27.537927604780467,23.123495263966852
188.78862932186473,97.04197792885975,27.65720162988141,23.152767685167422
188.75930912349182,97.0405779109848,27.715842026627246,23.155567720917322
188.74133807027613,97.04776610520888,27.751784133058585,23.14119133246917
188.76480147704208,97.0650182855656,27.704857319526717,23.106686971755714
188.75547569536835,97.04388787913092,27.72350888287416,23.14894778462509
188.77083008566217,97.06899587057254,27.692800102286537,23.09873180174185
188.76697707763438,97.10761819559657,27.700506118342112,23.021487151693787
188.7681191731481,97.13797819479134,27.69822192731466,22.960767153304218
189.15024750339555,97.14630103384354,27.73726120552768,22.94412147519985
189.13410864008185,97.14189956279576,27.76953893215506,22.952924417295407
189.08046204036526,97.18687865709289,27.876832131588223,22.86296622870114
189.0538836165143,97.21804347252348,27.929988979290172,22.80063659783996
189.02327782441506,97.2330508912411,27.99120056348864,22.770621760404715
188.96839786219377,97.23210694182455,28.100960487931193,22.77250965923781
188.92180127961507,97.23672088503764,28.194153653088627,22.763281772811645
188.87672137208676,97.2141366375551,28.28431346814525,22.80845026777673
188.8284215975344,97.18436409686578,28.380913017249963,22.867995349155358
188.8523530185585,97.14247602863455,28.333050175201773,22.951771485617833
188.80502065410028,97.10163669198869,28.427714904118215,23.033450158909545
188.75723884724,97.04296283780995,28.523278517838804,23.150797867267016
188.72068937724384,97.01310109383735,28.596377457831064,23.21052135521222
189.0615898455942,97.03321313380839,28.735865874066366,23.170297275270148
189.01404540969787,97.01517883544813,28.83095474585902,23.206365871990663
188.94773840358297,96.9731157666714,28.96356875808879,23.290492009544113
188.9109618048078,96.9409054160784,29.03712195563915,23.35491271073013
188.84004669741512,96.87696503208116,29.178952170424523,23.48279347872459
188.75999311045538,96.83383902954121,29.339059344343987,23.569045483804494
189.14815902624963,96.84389248863191,29.401361827907508,23.548938565623093
189.1405622701036,96.43972644224314,29.41655534019957,23.518000926141305
189.112139996257,96.47266702119254,29.473399887892754,23.452119768242508
189.1294279528594,96.48228047040189,29.43882397468796,23.43289286982379
189.15706590741252,96.47621985700427,29.383548065581728,23.445014096619047
189.16156309060665,96.4992150999247,29.374553699193477,23.39902361077819
189.13929228214192,96.5020296373988,29.41909531612291,23.39339453582997
189.07163120093392,96.54338778922758,29.55441747853896,23.31067823217242
189.02600405680417,96.55753434255169,29.645671766798422,23.28238512552419
188.97067286770687,96.6070345498915,29.756334144993055,23.183384710844592
188.90522205953394,96.6109830646277,29.887235761338896,23.17548768137219
188.8868125040927,96.60576496510987,29.924054872221394,23.18592388040784
188.84076600382667,96.60602793499454,30.016147872753415,23.185397940638495
188.79592532265235,97.04555039612453,30.105829235102057,23.149160726640854
188.7683515159825,97.04126047591748,30.160976848441784,23.157740567054915
188.762791103644,97.05991537462288,30.17209767311879,23.12043076964416
189.2144085449752,97.0601855650239,30.11300507222824,23.119890388842098
188.7957272753634,97.00991195479033,30.107143759143575,23.220437609309243
188.78230283537437,96.98245483571552,30.133992639121615,23.275351847458868
188.72608071689126,96.96199756912574,30.246436876087827,23.316266380638414
188.68706473116086,96.91767469536364,30.324468847548644,23.40491212816262
188.70722465404674,96.8863217685798,30.28414900177688,23.467617981730278
188.72309069281184,96.89478306625963,30.252416924246692,23.45069538637062
188.67000867660417,96.83820528119837,30.358580956662024,23.563850956493148
188.62638904935523,96.82534861059946,30.4458202111599,23.589564297690973
188.58812043115788,96.81454763373948,30.522357447554594,23.611166251410936
188.5627224455973,96.80239642772293,30.573153418675766,23.63546866344405
188.51965892258573,96.35060701155456,30.65928046469889,23.680274675443556
188.49157235453276,96.31833804011455,30.71545360080485,23.744812618323593
188.88142475529438,96.30815683120912,30.79850778931467,23.765175036134437
188.83633195280683,96.25869898145433,30.888693394289774,23.864090735644027
188.80407600053553,96.29202495617773,30.953205298832387,23.79743878619722
188.77142596269354,96.36003817340249,31.01850537451634,23.661412351747707
188.70816238387445,96.33852576542307,31.145032532154524,23.70443716770655
188.65006538480986,96.38126678363813,31.2612265302837,23.618955131276447
188.62713814865486,96.40724871349352,31.307081002593694,23.566991271565662
188.60859790463115,96.43796911851298,31.344161490641113,23.505550461526724
189.01289779014778,96.44464369815879,31.40405649663237,23.49220130223512
189.03286534710296,96.44024340006165,31.364121382722026,23.501001898429394
189.0429766787479,96.44059343267338,31.34389871943215,23.500301833205913
189.03351134838832,96.89950347338093,31.36282938015131,23.450886028923982
189.02089084173852,96.87468067095561,31.388070393450878,23.500531633774617
189.01933170861733,96.39432703424114,31.39118865969329,23.592152678084243
188.990897201586,96.8436783286686,31.44805767375598,23.564093473483783
188.98444179933722,96.8044361117166,31.46096847825353,23.642577907387775
188.94390751934057,96.79074304849468,31.54203703824681,23.66996403383164
188.89265241043822,96.79712215812816,31.64454725605149,23.657205814564648
188.85696456282176,96.79384088196629,31.715922951284455,23.663768366888412
188.829806909071,96.77163318912649,31.770238258785895,23.708183752568008
188.7796615216215,96.77023427183147,31.87052903368496,23.71098158715805
188.72915329331158,96.75331528352098,31.971545490304756,23.74481956377902
188.65996116870326,96.73487611536468,32.109929739521434,23.781697900091622
188.22147463103025,96.28382613141804,32.1021050094904,23.799000062607828
188.61652953511106,96.30967103929166,32.19695850302543,23.747310246860607
188.6070302988707,96.32274257292744,32.21595697550609,23.721167179589024
188.56896767008715,96.33553882835854,32.292082233073224,23.695574668726845
188.52938026324264,96.3415323145821,32.37125704676225,23.683587696279723
188.52085521193283,96.7833861000986,32.38830714938186,23.687062241031036
188.46357730308986,96.32404426294814,32.502862967067806,23.718245269843827
188.43059190880163,96.77767327610835,32.56883375564427,23.700757424613855
188.39251928334093,96.77032578023895,32.64497900656567,23.715452416352655
188.3606568636726,96.77524566607752,32.70870384590235,23.705612644675526
188.32531702483547,96.74285051993687,32.77938352357659,23.77040293695682
188.24290133559654,96.74575446307838,32.944214902054455,23.76459505067379
188.1862375720893,96.74607658058682,33.05754242906894,23.763950815656933
188.21808839550368,96.2633262253826,32.993840782240184,23.830439601953927
188.2250223160526,96.26699899213871,32.979972941142385,23.82309406844171
188.23214296626725,96.28160926757371,32.96573164071303,23.793873517571715
188.21984134677137,96.27515136013648,32.99033487970476,23.8067893324462
188.2009929337209,96.29570840169043,33.02803170580574,23.765675249338276
188.13971328901897,96.31724801647815,33.15059099520959,23.722596019762843
188.0939820645149,96.33675457517437,33.242053444217724,23.683582902370404
187.99527009152112,96.35911043833867,33.4394773902053,23.638871176041786
187.9558994996576,96.37202582467626,33.51821857393235,23.613040403366636
187.98458653569332,96.36003805740958,33.46084450186087,23.637015937899978
187.96703161563886,96.34009909714118,33.495954341969835,23.67689385843679
187.94491668806242,96.32345544551121,33.54018419712268,23.710181161696703
187.9376734512848,96.31645437069452,33.55467067067789,23.7241833113301
188.40252641351748,96.31323596155696,33.53090936614239,23.73062012960523
188.3674737843911,96.2783227388056,33.60101462439514,23.800446575107937
188.3601519005191,96.23125838227357,33.61565839213913,23.894575288172
188.35370889708508,96.20200043918533,33.62854439900719,23.953091174348486
188.3553233372912,96.18810066010364,33.625315518594945,23.980890732511842
188.31823263529984,96.12915654767576,33.699496922577694,24.098778957367628
188.27065297402913,96.1306992358385,33.794656245119114,24.095693581042113
188.24091539341796,96.11099069585708,33.85413140634143,24.135110661004976
188.21474925786086,96.07446453315843,33.90646367745564,24.208162986402282
188.14830147787035,96.07799445718935,34.03935923743664,24.201103138340454
188.0845076073868,96.0712870188007,34.16694697840374,24.214518015117726
188.04269848959845,96.04202884213511,34.25056521398045,24.273034368448908
188.01325470552501,96.02111558460543,34.309452782127316,24.314860883508285
187.9733900440303,95.99527062060828,34.38918210511672,24.36655081150257
187.92707221093096,95.99807635159492,34.481817771315434,24.360939349529303
187.89542418957797,95.99419209634756,34.545113814021406,24.368707860024024
187.8391270236715,96.02748552022211,34.65770814583438,24.302121012274906
187.75980242016726,96.0743962542774,34.8163573528428,24.20829954416434
187.73491443596728,96.0779424026341,34.86613332124279,24.201207247450956
187.6757748501878,96.10914076393917,34.98441249280177,24.138810524840792
187.62600020988336,96.10832751769779,35.083961773410635,24.140437017323556
187.96784883059098,96.16278304514164,35.33643622017135,24.031525962435875
187.9352230449835,96.15820217403805,35.40168779138632,24.04068770464304
187.96954885502174,96.17022145120175,35.33303617130985,24.01664915031563
187.99294274637083,96.18506533468012,35.28624838861171,23.98696138335891
188.02266018034197,96.1808703090872,35.22681352066941,23.99535143454473
188.05118162832767,96.18834143618109,35.169770624697996,23.98040918035695
188.05266531607396,96.16050050274589,35.16680324920546,24.036091047227345
188.00055921887284,96.16806536937062,35.271015443607645,24.020961313977907
187.9788436357467,96.13539785547866,35.314446609859935,24.086296341761834
188.0246221497118,96.11903964239625,35.22288958192975,24.119012767926655
188.0266013886786,96.09841751158775,35.21893110399612,24.16025702954363
188.03318045743532,96.10336557455643,35.205772966482684,24.15036090360626
187.97272571717065,96.11393640600454,35.32668244701206,24.129219240710043
187.9302377601545,96.110526722694,35.41165836104432,24.13603860733114
187.88016411197464,96.09791260754979,35.511805657404075,24.161266837619564
187.7430990759459,96.09900814741351,35.78593572946155,24.15907575789212
187.7666139424508,96.07620754038459,35.738905996451784,24.204676971949972
187.72790817554733,96.03296525300426,35.816317530258715,24.29116154671062
187.7159417990736,95.9926320535488,35.84025028320614,24.371827945621536
187.68425736728986,96.00011811262789,35.903619146773615,24.356855827463367
187.5915203534559,96.026198293465,36.089093174441516,24.30469546578914
187.52924203365174,96.0542994887082,36.21364981404987,24.248493075302736
187.4690859042768,96.05413468510373,36.33396207279975,24.248822682511676
187.86813592603264,96.07257476888901,36.492834599625596,24.2119425149411
187.89120919461095,96.05021018626431,36.44668806246898,24.25667168019051
187.83449747064614,96.0856633907345,36.56011151039861,24.185765271250148
187.78987052105663,96.08454902560561,36.64936540957765,24.187994001507917
187.79501820219872,96.06387510838175,36.639070047293444,24.229341835955644
187.81078097016635,96.03461734575924,36.6075445113582,24.28785736120065
187.82601689385504,96.00383348319522,36.57707266398082,24.349425086328697
187.82698556263338,95.99240140072486,36.57513532642413,24.372289251269432
188.3149368517595,96.00186961152036,36.56192993650858,24.35335282967841
188.33974955353233,95.96156730627762,36.51230453296296,24.43395744016391
188.39730139934534,95.91981583665876,36.39720084133694,24.51746037940162
188.45959900132635,95.92321865515929,36.27260563737492,24.510654742400554
188.46680216463488,95.9071030035543,36.258199310757846,24.542886045610555
188.45633046922148,95.90572046143195,36.279142701584625,24.54565112985522
188.52747365697664,95.88457534554695,36.13685632607436,24.587941361625255
188.50208233618514,95.88228794649913,36.18763896765735,24.592516159720862
188.52694029393874,95.86186639985988,36.13792305215012,24.63335925299938
188.53106923210697,95.8172571164247,36.12966517581367,24.722577819869734
188.53910231482877,95.79905742789511,36.1135990103701,24.758977196928917
188.50460482909025,95.8043373531559,36.182593981847106,24.74841734640734
188.49499488226147,95.80397265825906,36.20181387550466,24.749146736201013
188.47749490228043,95.83200856264347,36.23681383546676,24.693074927432196
188.46683249285968,95.83520153148037,36.258138654308226,24.6866889897584
188.4412831332683,95.8602087685147,36.309237373490994,24.63667451568974
188.45591364155496,95.8503196685258,36.27997635691769,24.656452715667527
188.4469454005605,95.8375782162238,36.297912838906605,24.68193562027154
188.46606647603778,95.8145978537089,36.259670687952024,24.72789634530132
188.4070145199804,95.82737027397617,36.377774600066815,24.702351504766785
188.35721927519916,95.83323662145713,36.47736508962932,24.69061880980489
188.29852189457205,95.84872188851531,36.59475985088355,24.659648275688497
188.24907294162756,95.89333985390718,36.693657756772524,24.57041234490478
188.21220858540175,95.88731340708645,36.7673864692241,24.582465238546245
188.14345417658217,95.91459822379993,36.9048952868633,24.52789560511929
188.08779217840137,95.93691927721167,37.016219283224885,24.48325349829579
188.05932743136222,95.9801420252445,37.073148777303174,24.396808002230124
188.02987618110166,95.99949589940243,37.132051277824324,24.35810025391426
187.98499784174217,96.0205367770653,37.22180795654329,24.31601849858854
188.43226492749298,96.00293953497416,37.29882613006426,24.351212982770804
188.4666609133996,95.95116651971466,37.23003415825101,24.454759013289827
188.44431394415028,95.97261771078956,37.274728096749634,24.411856631139997
188.47768383421698,95.9818950040078,37.20798831661628,24.39330204470355
188.471302388104,95.988161938279,37.220751208842216,24.38076817616112
188.4305762690856,95.96049736962583,37.30220344687897,24.43609731346748
188.40806004997202,95.96288167057332,37.34723588510617,24.431328711572483
188.42225452298504,95.93647143645121,37.318846939080146,24.48414917981672
188.45502670441957,95.88043891209503,37.25330257621107,24.596214228529067
188.41752497801258,95.85909008670798,37.328306029025015,24.63891187930317
188.4553737540844,95.84381475600071,37.25260847688138,24.66946254071773
188.37662557286518,95.85865250348729,37.41010483931984,24.639787045744548
188.3409900401588,95.87551418717665,37.48137590473259,24.606063678365853
188.28069134432224,93.99536763859795,37.601973296405724,24.444961059253785
188.7054462914216,94.04746750912715,37.73193384915868,24.34076131819541
189.1382216534828,94.03402513635345,37.846068090351025,24.367646063742797
189.11739095464847,94.0045087980513,37.88772948801967,24.426678740347086
189.07260072223715,94.55617115593249,37.9773099528423,24.306838876645315
189.0814084048865,96.03472154173824,37.9596945875436,24.298205694618456
189.12874799228032,96.48093479259467,37.86501541275595,24.388190307097645
189.09092982331782,96.49962494417403,37.94065175068095,24.350810003938946
188.70100055816073,98.94584668786055,37.737501653819905,24.373409652442284
187.76009080240414,98.92533785983622,37.65868512034475,24.41442730849095
188.20537397010958,97.45526986399827,37.74793422640104,24.415116975765166
188.63578751902725,97.43461948081583,37.868283951290294,24.456417742130032
188.6276948782691,97.46993472362175,37.88446923280663,24.385787256518196
188.14095057304286,97.46790203282083,37.8752099200048,24.389852638120047
188.0921708167847,97.47111578449783,37.972769432521176,24.383425134766043
188.05025060866433,97.46038142742242,38.05660984876185,24.40489384891686
188.04015095388723,97.97052142378463,38.076809158316046,24.370284623196603
188.0325765390891,97.93406991730606,38.09195798791235,24.443187636153745
188.04016378483513,97.86347418351147,38.07678349642028,24.584379103742904
188.0233212518108,97.81625133808174,38.110468562468895,24.67882479460239
188.00928687320777,97.79124970361904,38.13853731967497,24.728828063527764
187.97522691485102,97.78026861735478,38.206657236388466,24.750790236056293
187.9410832367389,97.75158136644912,38.27494459261269,24.80816473786762
187.8554125284405,97.7754144123295,38.44628600920954,24.76049864610686
188.28755744664016,97.73927086303229,38.57953790678274,24.832785744701297
188.24356681843807,97.72252583582916,38.667519163186924,24.86627579910755
188.24362554748967,97.69483276074664,38.66740170508369,24.9216619492726
