242.5,74.5,8.0,6.0
242.00050477573097,73.99789264192044,7.998990448538078,6.004214716159105
242.00116926380326,73.99585712020259,7.997661472393485,6.008285759594835
242.1121013003696,73.9932046872663,7.9975755203724255,6.013590625467407
242.66694780487438,73.99123704731633,7.997203338537655,6.0175259053673225
243.4436382538398,73.9891634011411,7.997285198066823,6.021673197717798
243.33333275710734,73.987062874263,7.995903395997575,6.0258742514739945
243.3332391550515,73.98446942336818,7.996090600109263,6.031061153263623
243.3335221641693,73.98191159810432,7.995524581873695,6.036176803791363
243.4447800701924,73.97970742085539,7.995213272146687,6.0405851582892245
243.66702334477242,73.97769250028969,7.9952712665340915,6.044614999420612
244.22265841183648,73.97527114993072,7.995698533173134,6.049457700138568
244.00081235529188,73.9729980940915,7.994539180013644,6.054003811817023
244.89105697556332,73.9707703179559,7.993911634999159,6.0584593640882085
244.89121095492894,73.96876152898587,7.993603676267906,6.062476942028274
244.8914470365736,73.96665538093764,7.993131512978605,6.066689238124729
245.00267778063983,73.96437093898943,7.993339768774753,6.071258122021142
245.22511994929826,73.96168929058656,7.99395160663669,6.0766214188268854
244.66834402243208,73.95985849296882,7.993274993714386,6.080283014062365
245.33606695341112,73.95701672367203,7.995202111510282,6.085966552655949
245.22517739690016,73.95489477118639,7.993962645039561,6.090210457627222
245.22559946197597,73.95260324146035,7.993118514887943,6.094793517079291
245.33756343694697,73.95049061090403,7.992322203235271,6.099018778191959
245.5616107593938,73.948810234854,7.990605230424724,6.1023795302920165
245.78454929026427,73.9464601527275,7.991163477186475,6.107079694545005
246.2302850139554,73.94395402131644,7.992905951130189,6.112091957367121
245.7830702536725,74.05334143940449,7.993684873508043,6.116729770738046
246.56557875053656,74.16267577054943,7.993173723621952,6.121561943282769
245.89306730845254,74.94430460378885,7.996762484530174,6.1233107539403635
246.56367711447473,74.83113476473629,7.997480740175361,6.125994120763882
246.34003267808123,74.71841528886918,7.997346721427674,6.12772162673077
247.12332969932555,74.60557162872618,7.996917002760015,6.129671186470906
247.12205494395428,74.49236479235017,7.999466513502562,6.132321688766197
247.23447360896944,74.37913896664313,7.998475129178453,6.134927394474062
247.34692947582434,75.1614498615553,7.997436880385979,6.137419999070708
247.90807708772618,75.04834293567112,7.994633862848924,6.139735409585774
247.57190207439658,74.93568044986094,7.99530393797245,6.141167064027564
247.34860548703386,74.82292406422567,7.994042828660393,6.142752693279349
248.13252300457944,74.70994896347965,7.9937441461216805,6.144769130121066
248.02001330889732,74.59706675362087,7.994801261717139,6.146571274069857
248.13239057081262,74.48414181884218,7.994054878558586,6.148413002955206
248.58194968071635,74.37127854715523,7.991044209806465,6.150112658565268
248.02308007881214,75.15415664200872,7.988741233174682,6.152415521474645
248.80876254236685,75.04165940925694,7.985451752927885,6.1533992088549425
248.69785843755662,75.04125358501229,7.983283693163964,6.154210857344258
248.58692266506878,75.04119016937632,7.981199035023807,6.154337688616193
248.70012885258762,75.04098770880441,7.978712839610438,6.1547426097600075
249.03774965731353,74.92885145404559,7.975154834455322,6.1551205845121
249.7111657845192,74.81674508439883,7.9713982047483265,6.1554873863548805
249.6010734150851,74.8163564843114,7.9677888497506455,6.156264586529745
249.60302239456988,74.81641536888756,7.963890890781128,6.156146817377428
249.71666696717784,74.81603166870768,7.96029101553725,6.156914217737186
249.94222961053194,74.81615556197895,7.956458533405268,6.15666643119464
250.50308853188653,74.81603010126597,7.952657152897154,6.156917352620618
250.6166322508203,75.3745679980342,7.949098554969828,6.157485758785192
251.06542142314018,74.81573982989075,7.945453539757914,6.15772543328726
250.508717646052,75.37432096603023,7.941705606329276,6.1577186486133355
251.2924226991434,74.815781457976,7.937908119340063,6.15793150815489
251.29436949856833,75.48576095342028,7.934014520490233,6.157881720328992
251.29636709086046,74.92777896029966,7.930019335905947,6.157558816915579
251.4100017316848,74.37011930962115,7.925940562403906,6.156925577539655
251.63497726103125,75.03937959422518,7.922224021381453,6.157108561342886
252.19454657772434,74.5932941801328,7.918400253679363,6.157027496980431
251.86195455889361,75.26228824448287,7.914576184426891,6.15705558210807
252.64421616583718,74.81650097282947,7.910662462898263,6.1568532726385445
252.64631294043386,75.48577395160211,7.9064689137048605,6.1555906874963
252.64833548761726,74.9291254659804,7.902423819338091,6.154911586570085
252.7617642205618,74.48415079887442,7.8982880714625425,6.1539740487278305
252.98638325450582,75.15227187938062,7.894335175455466,6.15358740335831
253.433557495665,74.8187496167626,7.890287893334764,6.152906028446058
253.1017294990797,75.48634316535846,7.886438708145617,6.152729287973839
252.99252773821692,75.0424276595013,7.882402755536715,6.1508024023502665
253.88392445996197,74.7092586724392,7.878374599817084,6.150103393560489
253.88594070175,75.37651224799987,7.87434211624107,6.149228766557709
253.88800798891774,74.82154888237528,7.870207541905601,6.148177660932045
254.00100451478067,75.48809026842642,7.866329069747419,6.147782366236206
254.22507450652873,74.93341716731398,7.8622856552496385,6.1468871459653
253.56114834627647,74.48979128209638,7.858310458641765,6.146253904992202
254.22878099778697,75.15568170982876,7.8544425354550045,6.145870429361705
254.00879937248013,74.71222926756569,7.850738550678845,6.145440843108137
254.8978388190571,75.48905425051099,7.846815203979915,6.1441769803657005
254.89970072505372,75.04589084068002,7.843091391986716,6.143750928019238
254.90176677507824,74.49274185583444,7.838959291937657,6.141929938327118
255.01458106902098,75.15789598047216,7.834860922752074,6.140803001250696
255.12727449032067,74.71536335795216,7.830922612018579,6.140074118827047
254.57590592429324,75.49079446832327,7.826780585491519,6.138842720099562
255.24178397455387,75.04871647377375,7.822775029209412,6.137831679705862
255.02260158879488,74.82826604220288,7.818713009345745,6.136305751466021
255.7985652646118,75.60279440127083,7.8146657697531134,6.1351291453712635
255.80064732687416,75.382688896722,7.810501645228412,6.133252131192885
255.80273141433108,75.16260483197608,7.80633347031453,6.131522220439577
255.80471485709867,74.9424042298329,7.8023665847793735,6.130210676999769
255.9171185490712,74.72244328420214,7.798332883462812,6.1285852030042
256.4708282247188,75.49543903461563,7.794337630372991,6.127387439664726
255.92124246638156,75.16507777410709,7.790491391525745,6.126299307368761
256.69503051935226,75.05533860910437,7.786599916094841,6.125251261586992
256.58676234353675,74.83537159283779,7.7826871106101425,6.124286979888833
256.5887235414878,75.60717933264428,7.778764714708029,6.123282352325601
256.5908120298501,75.49793321556163,7.774587737983452,6.121478595864964
256.7030203439951,75.38893527816265,7.7703731013474355,6.119272479008984
256.8149520644806,75.16918250700294,7.766610485617632,6.118576370845945
257.03693499629713,75.05976783907208,7.7627073206677615,6.117374357366076
257.25856869002513,75.05960879217457,7.759342778384746,6.117692451161093
256.7106791297897,74.62011360973513,7.7555984698437905,6.117064072830532
257.37197523602646,75.49954049275436,7.752025828171801,6.116903067860737
257.1540115980416,75.39008576681861,7.748395503142955,6.116033719233035
257.0459416732762,75.28032311810504,7.74482682966632,6.115850493652689
257.9264232986807,75.17085041455938,7.741066952629869,6.115145479022455
257.9282049595805,75.06115992694393,7.7375036308302265,6.1149456252944105
257.93000289037883,74.95154966702626,7.733907769233558,6.114643611402488
258.0415223084718,74.84195341868926,7.7303309954403865,6.1143740456837845
258.2627797891482,75.71991106586398,7.726620862754478,6.1136780660020875
257.6066055381157,75.6104944731743,7.7229669870173865,6.113177521747761
258.26620544141855,75.6107411719478,7.719381831740003,6.112684124200759
258.0488889687381,75.6113599199793,7.7156034495151316,6.111446628137784
258.8175629866926,75.50188894549866,7.712144856695992,6.111261513800446
258.8193269993935,75.39254709349301,7.708616831294227,6.110874606171372
258.8209585523615,75.28282447926648,7.705353725358262,6.1113100493565815
258.82275427913015,75.17355849770865,7.70176227182091,6.110875516288609
258.93387870443235,75.0640297824648,7.698417327768422,6.111029040224416
259.04506622371457,74.95476467353645,7.694897027192628,6.110704520092539
259.48433041852036,74.84533153153397,7.691548804954812,6.110775762254031
259.0485997029568,75.72046084155333,7.688032347016145,6.110472920346859
259.81567979882675,75.61108026451373,7.684668452570537,6.110548889098307
259.7081291374142,75.3926767629362,7.681135329609115,6.1100870006800525
259.6005364881596,75.06482168181837,7.677748331044466,6.110080271694139
259.6021741643742,74.84621491319079,7.6744729786152535,6.110254121159477
259.60403845585705,75.61133042909279,7.670744395649534,6.1093275437154215
259.60571306318445,75.28370827636877,7.667395180994697,6.109373965424172
259.8257350590472,74.9562356225876,7.664047762948004,6.109274412468374
260.0456942208895,74.51972093957048,7.6607192771961685,6.109124102637068
260.483954116341,75.28386021783592,7.657163534582725,6.108532630612749
260.1584214901391,75.06584008407987,7.653699641621107,6.108220134547871
260.8144087178782,74.62951453474925,7.650431551652253,6.10840032286959
260.7072298060546,75.28425641762212,7.646719227873233,6.1073374416812
260.5999975757592,74.84854384945785,7.643188299196385,6.106781020938872
260.4927946852117,75.50261057692283,7.639662372509425,6.1062378126999475
260.49453051220485,75.1760255429952,7.636190718523198,6.105802927603259
260.49629546198133,74.8496074999008,7.632660818970223,6.105216411080716
260.60700919731306,75.61221304781833,7.628976719914813,6.104208916502061
260.9350807782525,75.28570080493826,7.625843399366212,6.104223560931915
261.4807560304763,74.85047166844971,7.622601554978914,6.104194905860677
261.0475424649944,75.61286601624955,7.618744169101872,6.102404114732346
261.8104433490191,75.3956004419185,7.615318001193673,6.101970806211222
261.70358174880187,75.28746838000016,7.611619037870578,6.100812766290209
261.59678977041244,75.07088487978326,7.607856950794486,6.099287679014092
261.4899277298522,74.74538231150689,7.604318078676249,6.098503955850468
261.49169466878965,75.50594940333991,7.6007842008013045,6.097737706309079
261.60195657676934,75.28903378026074,7.597388630976659,6.097312460197979
261.7120678453778,74.96340414873418,7.594234872068683,6.097365388324189
262.2563346862158,74.6381381595933,7.590805468434044,6.096834799781156
261.7157319702701,75.39801422436345,7.587215196522143,6.095796655565452
262.47651332983446,75.07286613101827,7.583859029298002,6.0954328914396
262.36976012144913,74.85619006157958,7.58053665771117,6.095127453602136
262.26310465877157,75.61530661659829,7.57707518364981,6.0943011394802795
262.15639420392023,75.39871062711842,7.573790738486695,6.094082408708485
263.02467493385774,75.18226652229222,7.570436992753469,6.093668689825434
263.02638787357967,74.96599248476547,7.56701111330959,6.093032130667477
263.02809519394026,74.74977330534715,7.563596472588458,6.092412658789638
263.2462212350103,75.50759705465272,7.560276320001988,6.092026913616478
262.4904929809458,75.29148903657284,7.556874807318341,6.091426372401207
263.0329565254413,75.07518640334237,7.553676952560855,6.091339945168721
263.68337393664996,74.96690895662178,7.550611791758748,6.0915998950073735
263.57685512903913,74.75073077104989,7.547397663911781,6.091452780013741
263.470393335067,75.61576796381691,7.544121658558849,6.090975140856463
263.3638962055632,75.39963626991907,7.540974825830163,6.0909563451794675
263.3654818134208,75.29164641063166,7.537803610114988,6.090843990860676
263.367065268429,75.18367404290203,7.534636700098698,6.090747578044059
263.4766840662094,74.96785901571812,7.531389652754129,6.090396535979327
263.58603419538935,74.85957157101245,7.528623946804198,6.091036872980719
263.8033945328148,75.61511920925699,7.525707622954159,6.0912568249952175
264.34459889885426,75.50722622041259,7.52260193106067,6.091182194646928
264.1303391357898,75.3993851561548,7.5194988526683435,6.091053020901933
264.779151542205,75.29143441442379,7.516440912677072,6.091193358890787
264.67294728181787,75.18385796912412,7.513133353328518,6.090630169367228
265.2135774803169,75.50724892873609,7.510151336884913,6.090815278475946
264.783755577139,74.86001940243811,7.507345094582867,6.09159925808514
264.5698201863005,75.29146756433305,7.504052213681341,6.091030259452418
265.3256423974414,75.61462086214861,7.50105867030115,6.0912883262077
265.2194718037756,74.96826004326748,7.497920463847502,6.091133601258781
265.11332147451526,75.29146676580604,7.494792860746524,6.091004941046745
265.11481573162973,75.72211229628046,7.491804346517611,6.091224746206041
265.2240203643402,75.07611906656648,7.488730084512926,6.091201185136242
265.3332219726991,75.39912515813596,7.48561386102166,6.091049981676967
265.55008601072024,75.72227741002713,7.482358286315982,6.090454229899412
265.87437740378505,75.18434154404076,7.479303808840751,6.090445447448014
265.3381438159338,75.50722789982918,7.476127814355293,6.090058637983997
265.87726945878035,74.86181061891662,7.473242131566131,6.090454476324358
265.55622549311585,75.18432886262138,7.470225495605017,6.0905225562049505
266.3102127568262,75.50683388866028,7.467175501966231,6.090480161462264
266.2042472517243,74.96945039986801,7.464165248672811,6.090540821560245
266.20583414449936,75.39944482918554,7.460991463122693,6.090134364845093
266.2076202714924,75.93733420726667,7.457419209136722,6.088554566667671
266.20922048224304,75.4007133629197,7.454218787635362,6.088002792325919
266.2108273340159,75.8304577223391,7.451005084089619,6.087314478234731
266.319609548794,75.1864305052659,7.4480797330105775,6.087534441518468
266.5357459321823,75.50847632404256,7.445001600605708,6.08723475552263
266.8591125553334,75.07971925650705,7.441902520790903,6.086570001943692
266.5390399468394,75.61646558992776,7.438590171490721,6.08550661224925
267.18385133886824,75.08105284025021,7.4354705248558774,6.084246163751991
