263.3,119.69999999999999,27.4,60.0
226.2861533745511,114.75968492985757,26.802165214093122,60.700015913973225
223.8752805571791,115.11693075108474,26.17141133610582,61.34864914970173
224.0287480856116,114.77359088962774,25.86447627924088,62.03532887261572
224.11004944645293,114.50406457995115,25.70187355755823,62.57438149196888
224.2040996005874,114.38759458514966,25.513773249289294,62.80732148157189
224.2903383958233,114.28356786887599,25.341295658817472,63.01537491411921
224.3333280826332,114.21335935977041,25.255316285197686,63.15579193233039
224.36884335957595,114.18648484387563,25.184285731312166,63.209540964119924
224.39620779701596,114.16128729420612,25.129556856432128,63.25993606345895
224.40582271608295,114.16083800876477,25.110327018298182,63.26083463434165
224.41517854422435,114.09948107175468,25.0916153620154,63.38354850836183
224.41868482537973,114.07269535005506,25.084602799704605,63.43711995176106
224.42925958125113,114.04100598177331,25.063453287961778,63.500498688324555
224.4527739880262,113.9403352508478,25.0164244744117,63.70184015017561
224.44152479847452,113.94022444982797,25.03892285351505,63.70206175221526
224.43569724916088,113.9166494987355,25.05057795214229,63.74921165440021
224.42779019880285,113.92350367581047,25.066392052858372,63.73550330025026
224.410287799215,113.88376405231728,25.101396852034068,63.814982547236625
224.42699763974323,113.90959152554566,25.067977170977592,63.76332760077985
224.3963481278094,113.99496071825736,25.129276194845243,63.592589215356476
224.37999080019716,113.97873247634652,25.161990850069735,63.62504569917813
224.37153002223477,113.95520451895811,25.178912405994552,63.67210161395496
224.32529433889977,113.87254733330502,25.271383772664556,63.83741598526116
224.22343819801517,113.85710484340223,25.47509605443374,63.86830096506674
224.22478963452474,113.89822922287627,25.472393181414603,63.78605220611867
224.3173510907657,113.90984617993983,25.287270268932648,63.76281829199152
224.33401555492298,113.9422289013581,25.25394134061809,63.698052849154976
224.3512415240453,113.96743800087431,25.219489402373508,63.647634650122576
224.33376460866208,114.0049318381762,25.254443233139895,63.572646975518786
224.405611582653,113.76353488038862,25.11074928515808,64.05544089109394
224.4330975760861,113.65755452669595,25.055777298291833,64.2674015984793
224.95902324903207,102.71225459982645,25.38781965923973,62.63180843594154
187.63037028576863,110.32586849816353,26.275585210346502,65.16391443334996
183.9708507016724,108.34932794629815,26.500393744105295,66.27930328330726
183.62373316426581,108.87754173584422,27.194628818918453,68.10106477274255
183.29662607198406,109.328488956389,27.848843003481917,68.67720649022064
183.02302740598017,107.5898198335064,28.396040335489737,69.15824227622147
182.78861272624985,108.07245978721986,28.86486969495035,69.70791377132764
182.24627614047142,106.31702293351154,28.418202272558773,71.68744688479579
182.18421470276613,110.88127681150786,28.54232514796936,70.31956510338814
188.03112506006866,101.33438535817855,30.658745104981733,67.93075140975296
202.67409760353337,101.29083807249631,30.58049954486372,66.480598637601
210.80534396148812,102.03379701877023,29.463969644044848,64.99468074505319
218.53890507164263,108.41386620688696,28.72791568739292,64.01939697974544
227.0699778533726,112.39699038342305,27.569675269479944,64.72800597878981
232.95844780752537,109.9868323391986,27.277720952188737,65.24145247060831
233.76318239188717,110.25028534458801,27.106159240808573,64.71454645982949
233.80310407618828,112.12816823595708,27.026315872206315,63.81310963616504
233.86620922383855,112.37763227736005,26.90010557690577,63.31418155335909
233.86903704042206,112.64463561835983,26.894449943738763,62.78017487135955
233.92665608923826,112.7148274432159,26.779211846106378,62.639791221647414
234.76155064118078,112.94947864674381,26.500492520016543,62.17048881459159
234.71672335276855,112.85942240749233,26.59014709684099,62.35060129309455
234.89860876896574,113.08053221217598,26.226376264446635,61.908381683727235
234.98779917684018,113.19582803076523,26.047995448697765,61.67779004654874
235.07085931856645,112.10822945952657,25.881875165245194,61.12497202065623
235.05634706773986,112.88991454107261,25.910899666898366,60.91458416047389
234.99218911432973,112.83917495233828,26.039215573718664,61.01606333794258
234.93872243588208,113.34187174974609,26.146148930613933,61.364864901484594
234.93609743385315,113.39287916117871,26.15139893467183,61.26285007861934
234.95410143167624,113.28522819896244,26.115390939025627,61.47815200305189
234.98896960953866,113.34420495413974,26.04565458330078,61.36019849269729
235.00437746229147,113.25667262101,26.01483887779518,61.53526315895678
235.02253607091666,113.3270306941416,25.97852166054481,61.39454701269359
234.98759115137022,113.24725333494844,26.048411499637673,61.554101731079896
234.98837864837031,113.2970059942825,26.046836505637458,61.45459641241177
234.96501885339794,113.22494327567483,26.093556095582237,61.5987218496271
234.96851397098604,113.2722849240095,26.086565860406047,61.50403855295778
234.95419951178786,113.38492165125606,26.115194778802376,61.27876509846463
234.94483038052087,113.26787002766275,26.133933041336377,61.512868345651285
234.93888081408068,113.41233452796754,26.145832174216785,61.22393934504167
234.92270243555387,113.31523970755849,26.178188931270384,61.41812898585979
234.91721785333212,113.38589731836328,26.18915809571387,61.27681376425021
234.9071043555422,113.28448164242752,26.209385091293697,61.479645116121745
234.92599822134224,113.31266468378391,26.171597359693635,61.423279033408974
234.94611550834597,113.35326323221888,26.131362785686164,61.34208193653902
234.93879706429354,113.22145176512925,26.145999673791042,61.6057048707183
234.94668151606942,113.24874531087194,26.130230770239287,61.551117779232904
234.9571948781093,113.29278314451342,26.10920404615949,61.46304211194994
234.95971290414835,113.3355155023041,26.1041679940814,61.377577396368565
234.93240700716726,113.30304459084257,26.158779788043585,61.44251921929161
234.95610585291973,113.34731518316906,26.111382096538673,61.353978034638644
234.9230948365692,113.31348762178268,26.17740412923974,61.42163315741141
234.92496920304143,113.43159358509145,26.173655396295267,61.18542123079388
234.90850555182652,113.33046625201442,26.206582698725075,61.387675896947954
234.92778969729116,113.30782789015245,26.16801440779578,61.43295262067187
234.938339657425,113.40544121194807,26.14691448752812,61.23772597708064
234.9370571639093,113.27947630597033,26.149479474559556,61.4896557890361
234.93393430543333,113.39089494457886,26.155725191511465,61.26681851181907
234.92721821008033,113.27148925198954,26.169157382217453,61.5056298969977
234.93990913673548,113.29286806442876,26.143775528907156,61.46287227211925
234.94468610363856,113.43068770142827,26.134221595101003,61.18723299812023
234.93315578654867,113.3831633309467,26.157282229280764,61.28228173908338
234.92787334515708,113.30806482960291,26.167847112063953,61.43247874177095
234.9300242382508,113.41163670616059,26.163545325876495,61.22533498865558
234.948379064949,113.33381834255715,26.126835672480134,61.380971715862486
234.9608401704701,113.33152493265582,26.101913461437917,61.38555853566512
234.9387313755677,113.23972888842593,26.14613105124272,61.56915062412492
234.94526269202214,113.27965485635308,26.133068418333806,61.48929868827063
234.946469188141,113.36103073203046,26.130655426096087,61.32654693691585
234.91431963044928,113.33576395517409,26.194954541479532,61.377080490628614
234.9413958429,113.34193640956434,26.14080211657815,61.36473558184811
234.96526152292537,113.35386483477643,26.093070756527368,61.34087873142392
234.96367573553448,113.32900455007012,26.096242331309178,61.39059930083654
234.94170035791439,113.22506820810177,26.14019308654933,61.59847198477323
234.93969944486503,113.28373808272576,26.144194912648068,61.48113223552525
234.96429676465942,113.37283720283732,26.095000273059288,61.30293399530214
234.94427469954903,113.34160523340296,26.13504440328006,61.365397934170865
234.98292588669557,113.41161752681822,26.05774202898695,61.22537334734035
234.97392717575798,113.40062169326009,26.075739450862166,61.24736501445659
234.9423827390782,113.40197531296599,26.138828324221727,61.244657775044786
234.90127128266326,113.36187447592184,26.22105123705158,61.324859449133086
234.9336666959514,113.46155693683144,26.15626041047536,61.1254945273139
234.94108736964583,113.46772535154606,26.141419063086463,61.11315769788465
235.6000478417565,113.46580717672757,26.18092970665252,61.11699404752163
236.98217139190973,113.53745052194684,26.133063827231535,60.9737073570831
237.616119416381,114.15857288954928,26.220414585729213,61.08670942931842
238.30167269788856,114.12032861901355,26.20775878380292,61.16319797038989
233.3825083218756,113.69373757903524,26.53068950211869,60.65703747410216
212.31336603384437,114.41740508208527,26.58079401833105,60.567385695739205
222.56471338132528,114.2556817450697,26.43700995154371,60.890832369770365
227.40333391696385,115.09740133904805,26.275838115043566,60.566831643924615
227.8557885370378,111.28738282264797,26.722769681284873,60.07582383838928
245.9247381238266,105.88806134920404,27.10459058739154,60.053808983889205
261.02033589279006,96.15189879964072,26.811634973949477,60.4999814037982
259.71379896218895,91.35493937315094,26.703978869014588,60.571345375297966
269.93459588652405,102.02407348598237,26.65491928950983,59.62561141880063
277.3923301967584,121.04672183558475,26.53212610912672,60.579186334366725
276.77603385234636,131.73908016494806,26.408148599855576,60.899592845162914
271.3263229021972,128.32170351954238,26.435139116336426,60.939076521088396
253.60597335143962,118.02181113364554,26.51296948217259,61.13720625306724
257.6718107986737,107.62354623749681,26.567624117406304,61.467912221109884
256.8979563089388,102.71973485169575,26.745141388448523,61.68419303371812
245.656368618508,104.17388976394233,27.204223784913896,61.5288948322745
234.5126671534304,106.07160551255487,27.373582933302274,61.88059654413071
228.41756711285933,86.69937861349072,27.04905846994174,63.08087670875102
233.9267689346901,65.76678847527032,27.249145087764536,62.876718504625686
224.7928647731104,60.68776209042967,27.279440590251866,61.81168646158568
256.6623803395796,70.93614190674032,27.381449688864038,62.1326573392526
283.79347743484306,81.4758469040882,27.499018035846895,61.96854062821447
315.70411628948307,82.17910250662555,27.803283274364098,61.956062965483156
326.07745038524894,85.32607851894403,28.045120598133156,62.65827944594652
301.16187058091623,84.16980313575206,28.393386758402166,62.14323630099351
283.43799824209384,89.15710812355988,28.531214857194698,63.46779963061054
250.3873094317091,108.62707501617344,28.65706322866498,64.68688364930475
222.13013805327012,114.57974427433689,28.452508196494612,64.41619083329545
181.60779297298598,98.97461828377203,28.479438914556102,63.798037319154616
158.96954736192248,93.00456091661255,29.172571053594808,64.23276906428954
161.76760779188152,91.96165128462769,29.403614933457757,64.861797143314
180.88806596946412,95.45899711585884,29.385116300864286,65.21757042750012
192.59884628989892,89.6549208197006,29.563260693851973,66.50085206750403
216.41924134516492,81.70176963532971,29.8242239503197,67.43785650905838
255.9723330241116,66.80135000489943,29.511909969097943,68.44862811305815
303.1051655812028,60.821561466954506,29.765503139394397,68.21217186191848
312.7973302796788,68.2159644526381,30.21335529679063,68.67889016312684
280.5131046893766,104.32853437910347,31.62862413157903,67.3085402591605
242.51346051336898,131.67735272422715,31.91323747257919,66.6928142910668
229.43924139739283,133.53282773108577,31.86244060657169,67.60525870640132
217.0778996449946,131.34834311650584,31.726454580240137,67.31322739847462
186.18135069964578,98.31158980628513,31.64017280891043,68.41338537378734
193.36699176748886,91.35607775133712,31.323602556999234,69.83133225366119
213.6237719767031,87.07525905873695,31.808080051315308,70.50873157871834
219.31457061455205,85.07303179035374,31.593833319885057,71.32251453140827
235.1443272563318,86.52968247403788,32.0036368875836,71.61614484916579
241.40353242735736,93.05745069457687,32.40537171031399,73.09577171846703
228.72626143259012,103.60927213362275,33.10301720810524,73.36143913321936
197.00038606370168,103.81021338191738,33.473894989577225,72.9595566366301
171.15917476915075,97.88476825345265,33.6754659143566,73.18573845322868
127.91510423023698,91.05174719058479,33.45131180422955,73.51142747312522
