88.5,74.5,42.4,67.6
87.72697000880198,73.75975260814948,42.94605998239604,68.08049478370104
87.51997407642884,73.555209904457,43.360051847142344,68.48958019108598
87.38483005693094,73.31750911009524,43.63033988613813,68.96498177980949
87.24075778219043,73.2747527688794,43.91848443561915,69.0504944622412
87.12373994377721,73.55115586963572,44.15252011244559,68.49768826072854
87.21743244663834,73.46207606443048,43.965135106723324,68.67584787113903
87.17750656539066,73.32266123257709,44.04498686921869,68.95467753484581
88.70785120923728,73.33838594162114,44.550303056246904,68.92322811675771
96.58436135700964,72.72689838061706,44.91653490392203,68.35517522285254
104.72084108641198,67.99511657927725,44.74079836293835,68.87583720452051
117.84551323017537,64.33478033996946,45.394135706500236,69.02246124817913
129.99347509949664,57.84818315521649,46.39196459274301,69.3487793052424
143.47663637757984,57.1463230493971,46.85098946770715,68.92414302147247
150.9662910028228,51.82243234762061,46.50831526344348,70.42402752113652
166.05457190960024,49.04508941395322,45.877495036012725,72.2854956902058
174.0296760734393,44.35521068219458,44.840565896586206,72.34445366106581
181.47710047905133,40.83232925479922,44.726096411372254,72.00002685285148
188.76233629160603,33.954323067723884,44.87902482366843,71.03263918959657
195.85826522637208,24.918484049575838,43.48612815876974,72.64850996279252
195.88630028245754,11.795378598349359,43.430058046598845,71.45722510367004
202.09569382119733,-1.3049141177128831,43.68351665421095,70.50299835345521
202.0149732471816,-6.345231577494864,45.64521270742682,67.98184893672861
199.3346380449073,-7.320112766346288,47.41563835843063,64.54624418411427
162.0396939537495,36.493915731978575,45.802702581587354,65.52612202369579
161.46347867366188,34.83757911027317,45.194734750999764,65.31799848558094
162.58891084524703,35.68103412829894,44.69098078690493,65.3781988286048
163.69702355215082,36.51846976217901,44.214385678880994,65.44295786662835
159.45483050610414,35.79490193498092,44.03548090883042,65.15743534859574
199.44057459508338,-3.8006056799409116,45.15462509324316,63.25781821606821
201.47783193811614,-0.46935590002112093,44.510164821101185,63.45542748407564
202.02098249181782,5.406796810382978,43.42386371369782,63.65452287332327
202.35124033931555,10.475630525619522,42.76334801870233,61.978271184994895
202.3715990097431,18.056072769679336,42.72263067784725,60.0635620181911
201.1990763144724,27.827698165032643,43.44176974880256,60.03118706251814
200.32537976116433,34.99127300729743,43.55183385834565,62.0773273487185
200.23825013875188,40.16663111828902,43.72609310317057,63.41942456469775
200.30166391320188,38.87230218796122,43.59926555427059,64.3143362502609
200.01302410045437,37.76490126187788,44.17654517976557,64.82389912312883
198.92735907376962,34.92163047214698,44.625255337499205,65.342581015683
200.84725101021738,33.83832419602906,45.99944837291746,65.77120126514757
201.1238168673729,32.773742953233224,47.21372223592338,66.13295817342222
205.66853565606064,28.42449120170008,48.88282095070219,65.86601476635998
212.54374115300556,23.6995625455031,49.66528592959307,64.4162150991684
221.09358511961057,25.406587349120283,48.8304244285543,62.80936842884194
228.50445600165588,27.206509820572677,48.15868477618578,60.97827374990243
234.8771738386847,23.03936812497336,47.51973922407162,58.93556560800669
241.03303194095514,25.672336288483102,47.020388636921,57.04459088595584
247.169319291725,27.18833745827026,46.29811041419342,55.66263090049755
251.852366214121,27.392446694430966,45.01624611924887,55.25441242817614
257.21345880132435,26.603631633788257,43.83199224515914,55.24238733274206
263.9108774218339,26.597289466044245,42.99827352480657,55.25507166823009
272.04504606017093,26.49761631439884,42.296799603332374,55.4544179715209
278.46179414653375,26.204806988446833,41.84923816455449,56.04003662342491
283.50498648861833,25.019420875632058,41.062092663600254,56.86093565185199
284.4750249725064,24.732586781692078,40.67146154701483,57.43460383973195
289.9738194134882,24.45672661719042,40.536007540044636,57.986324168735266
295.55405669384857,25.245131537441736,40.28081459332639,57.96741170166156
301.52557900946556,25.406242534513247,40.76467881127141,57.64518970751854
307.1228546852885,25.43698818876753,42.02208624255102,57.583698399009975
313.90031339227716,27.738088873065028,41.07827888494101,57.710663301552735
320.55106868394574,27.522005593385593,40.278360715917756,58.142829860911604
326.1910566010214,27.10398409617973,39.89034468749056,58.97887285532333
326.2762359399776,22.542419489324907,39.71998600957815,60.29081304547759
331.89124116228356,21.111588421064084,39.54499496668569,61.57318669603933
337.2851543716225,16.92200009843065,39.927437423946536,61.97359985849272
342.49863895473015,16.986493094937845,40.75812809294779,61.84461386547833
342.22330437131217,10.596621726664097,41.30879725978379,61.66249722279311
336.459296390961,10.52500102449347,41.4499680644507,61.80573862713436
331.6252788642973,16.6836729868767,41.33064036698582,62.53821170342431
335.1710884080436,24.977275818233625,40.800372698860066,62.35438458912784
336.2078250205268,30.94437288455382,40.35556082840975,65.07814264713126
337.6451595064576,39.14059806619391,40.805485339615885,66.97095644072415
340.68038909488706,46.01514663853504,41.528603279024736,66.8090135285774
340.19853762952846,54.02003339314141,42.492306209742026,66.17298479369903
338.4794092323511,60.45393725251921,42.50086909564645,65.30910575451932
336.74898952664256,66.47401211060627,42.55785268327297,65.18245142161194
330.1103373919287,67.45779754555983,42.22741396022379,64.91584842576442
323.39870692247837,70.9071975058258,42.11959264892977,64.78258963032982
317.6887077748813,71.59186432197038,41.7266833498451,65.10081422579479
312.03667146395026,71.04518643919963,41.23040702966611,66.1941699913363
307.117888060851,69.92127262029686,40.90461867795032,66.74810510282275
300.98103354225935,69.91776236465111,41.301274052379355,66.75512561411428
293.3593386782324,68.08528645083078,41.21280907270625,67.01299861781563
286.74033950297644,68.11990937753862,40.80341085278218,66.94375276439993
274.08278135704023,66.91101478549804,40.64927554436349,67.66359184179501
261.5921194898671,66.1337616794099,40.03832504837478,69.21809805397129
248.83052899160967,65.43316381815461,39.77573226643703,70.61929377648187
239.2608288757462,65.48729238366468,39.82461151693532,70.51103664546173
229.760850621523,60.27236490955831,39.74261565946191,72.26727688189273
219.84874816278145,60.30069008637764,40.21224832918913,72.21062652825407
212.4541466719591,61.37407813383207,40.86763520119828,71.83057744704965
206.11408383522934,61.60886762828748,41.14178316746362,71.36099845813884
199.98080238936103,65.0182165558633,41.01870912496238,71.6220931368374
193.5115103213658,66.12979328686299,41.55504344340105,71.170689648774
187.9324952437218,67.25757578137012,42.068172454185884,70.68927485051027
182.6713574238729,67.06516641408896,41.93643167364482,71.07409358507259
175.745403932874,64.85902246596605,41.55474546866198,71.92798318457326
169.31646349491692,65.08060847237962,41.914262722939775,71.48481117174613
161.70036363232916,66.5527467093751,42.86665003064716,70.32551124993867
146.6497739366978,65.01696506026211,44.427696602922445,69.82955794579121
132.45687513781803,64.37807242014715,45.77360839213987,69.30468417211833
118.83313611239473,62.44951084891832,45.76107883021878,69.52713963287363
107.26073505068328,62.4639791888843,45.23945628733695,69.49820295294167
99.1070604871912,62.60470600164291,45.24507450146137,69.21674932742445
91.71005265011081,56.29584982253403,45.581986126762345,69.18449564288984
85.95668950877985,45.56660379611924,44.4026065919399,72.51997938502748
86.12968855594639,38.45532761575305,44.05660849760682,73.84307864636568
83.52032164199412,32.11528468848317,43.704980532931074,73.52565365155144
77.68296449276673,25.287098111787984,44.3034092800303,72.4136460698011
76.51046440591492,18.293740752799145,44.80890977809112,71.68436338263615
71.82263804389963,12.0895743111383,44.99922372288512,71.23322197502665
65.34774092722249,8.697660826686871,45.11468575079656,70.68314482653359
65.44553399487391,3.318464157361255,44.919099615493714,70.47882911961308
65.67725081019735,2.4323980564602437,44.45566598484684,70.4302221512283
66.6317693255914,-0.5875486120256497,44.358824596631024,69.22133291791091
67.40082202832279,-1.6426310631650551,44.61303260350982,67.7468709955066
68.85683490628543,-1.634500558872407,45.24956055103517,65.95633313519599
68.49034836614818,-5.112392139584561,45.98253363130965,64.12342447013357
66.12355528097373,-2.888010336661573,45.49018869590522,63.158614934789824
60.39805776776506,-1.893652115949454,44.90767565200464,62.888971074839574
53.36602001213597,2.8358540997843775,43.624068212133054,63.66174727745843
43.67581491048823,14.685073725151916,42.65568872031182,63.703562671026205
34.037921847797406,21.050607606827597,41.769140818424745,64.41405092585399
33.28480054909579,43.33787996772624,41.599287365768845,63.4180035055941
31.553499613964107,38.972622679470085,41.74554954151708,62.199498998561
29.87236240013944,47.10865777965795,41.82353105204327,60.706746925239386
28.918215628744694,43.295041873101574,42.11106323116555,58.60941055634886
28.91282416463548,40.22388337453599,42.12184615938398,56.78396746145494
28.254976005100012,35.161134625850096,41.87176049436066,55.9489910701669
29.347515090503293,27.55639967411619,41.23552921288706,57.21883896963809
36.014166967430235,21.34455405065155,40.3645508804027,58.73799547286904
41.73272013183875,13.149462317872171,39.89286721733493,59.463289415928884
48.15874347457273,6.307264437591769,39.597901431394966,60.590604276961685
54.26946665603611,-0.014060246045968228,40.03069958970714,60.57900912299825
60.20831633715192,-4.669703545406044,40.863906026976636,58.76825314715494
67.01794082582722,-5.853983714081107,41.42205603783198,56.411013821769735
74.55774290429635,-4.767196108240224,41.82757690240487,54.23743861008797
81.15182354430266,-3.9747780211060615,42.33564827116976,52.652602435819645
88.28740348420973,-3.525041821302068,41.61538417658066,51.75313003621166
95.94942177474053,-2.395834984895398,41.091168611935274,50.974698465039936
103.54574187554879,-2.9143353115550035,40.4923433896746,50.552317620423565
113.69356463379142,-1.8943747083054276,40.399705508360285,49.955468387865196
122.36898273655062,-0.8465382825924408,40.23676353650908,49.29212005591148
132.23369105736342,-3.191476090039661,40.37885082638213,48.30442311894917
140.72815154742554,-6.036522845429165,40.26643913530962,46.962637759289954
150.96844856546772,-4.6570212030865505,40.54091791155256,45.58730599542655
157.02300245632938,-3.4397280339644283,40.731419298997025,44.51934289820094
166.36056941775382,-2.8572806063144114,40.99749041005914,43.354448042900906
177.19094497893576,-2.439847732105992,40.75874537390429,42.51958229448407
187.95321386270135,-0.06706903021414234,40.384428004870244,43.06157999032465
199.65751589361608,3.3827293053044087,39.491567481827985,45.43317183525876
211.0205621995224,6.53612198098374,38.32202854757945,48.5573787178344
216.1936943159895,12.650014890429617,37.613141780584414,51.47404320256119
217.75460124876363,16.76033420460231,37.31123496051081,53.12307923337741
219.87968829058948,20.2478818334817,37.35150070284255,53.29871701892429
219.67168742895137,21.965454002124524,37.76750242611878,52.73056033132879
220.1706359364188,26.774858484066428,38.20133348596481,51.70211981613042
223.30880423611382,29.772313870860355,39.040817058043196,49.976701145423625
222.93321591532853,31.15354045055137,39.791993699613805,48.62468736850262
221.2552465313814,33.21965458067114,40.34432534847799,47.29606622729314
220.54474200292384,37.010105514103486,40.3752067248424,46.66580276318208
220.1094166067627,40.2127584585929,39.8650552887418,47.164508016317605
219.3536724209008,38.36950125197726,39.99623112986443,46.7100848377455
219.37570157043166,29.49652901400787,39.95217283080272,46.57632577974181
222.99750815673843,29.301575261689287,39.57137999999878,46.96623328437897
226.59094402276426,27.360272571069512,39.24683246400337,48.103908987196014
232.19782990795932,25.220060288445897,39.11187745278769,49.614629362649644
237.28988386044648,22.907833720960966,38.76988142592725,51.42705053244413
242.51032388563908,16.568632940970623,38.32720415767803,54.107249310288836
243.96101059660708,9.84344157647482,38.34990198631167,55.86134703700166
245.96694833149968,3.0772658672877675,38.80544891677288,57.48057205471862
246.26856700952806,1.7638945232990473,39.723567346451986,58.585958956960205
246.07641245422042,1.0772691141303774,40.10787645706726,59.959209775297545
239.87252689475608,8.207701624068921,39.86959053501499,61.505916056646704
229.32323981694952,22.37042016223102,40.165655847416545,63.58414575117018
222.00446594775664,34.484056231901384,40.074069808361116,65.54200032728046
209.085717071788,46.56470354703855,40.94384540654031,66.34842785076421
202.18957334349506,53.70619580536883,41.205162292320146,67.28778522626048
196.3717336905958,61.81337915654212,40.87133577433224,68.17271255789457
194.37928209193018,67.62888359592293,41.42110647598474,68.56466741400855
188.13246288272254,67.741259097168,41.78525295214001,68.3399164115184
188.14799149106352,67.81745431088905,41.75419573545803,68.18752598407632
188.1275925671634,68.83319423617331,41.79499358325832,67.88880701489957
182.19290462300017,69.41287493493601,41.56167099239329,68.45840254297293
168.74938293912555,69.80138122898353,42.445138810861145,67.68138995487789
160.74067395100639,70.64509243168403,42.831177634839676,67.73078745528352
149.27270264012424,70.36725173205684,43.09411975619456,68.28646885453789
148.32985421782027,66.62862380925989,43.22292227557099,68.73614739920566
148.51182925999095,60.06206281443626,42.858972191229626,69.50832234081975
147.77069065850077,45.60607637457603,42.56991486147112,71.85027722945772
146.28242023780572,38.80892212603818,43.74483994528077,71.03165966588989
145.81665625643663,33.351084621944906,44.67636790801895,71.09182861800048
143.62308513291788,19.020472684159074,43.58581759691297,72.36458970285466
138.66378198865252,10.594141532642084,42.544846857117236,72.77788646339896
138.95725920208068,1.363568838866037,41.95789243026092,73.08812638086597
138.5516893689283,-4.669316975538688,42.76903209656569,70.67615851828455
132.67437409905222,-7.509412643535967,43.79941968960938,67.41948073202207
130.4035851652951,-6.19818509908815,44.82966353376268,64.79702564312643
129.43274013138284,-6.013995855279852,45.03825469395437,62.69554824787695
