246.5,122.5,16.6,16.2
244.39457493976062,122.29500262553016,16.686900979278565,16.130652939139697
246.16849247714805,122.5705249833933,16.78556159056302,16.10053617856473
244.57350756431111,122.57659189493944,16.84349201425454,16.08840235547246
244.55909278946234,122.56749729876633,16.87232156395207,16.106591547818677
243.21193103905009,122.56188922703751,16.94927974450246,16.117807691276322
242.62915014661,120.42827164596811,17.065108258364614,16.18610976934296
241.78016939175814,120.35065802783654,17.179714831800325,16.34133700560608
239.85222517488563,122.2056916135878,17.31109398256576,16.35577911708313
238.48892217320054,121.9458566505304,17.365822319287854,16.341073509868288
236.55598276242466,120.07603389941458,17.486680481175384,16.335698352435685
235.95785616528423,119.26037907562777,17.609292719320326,16.356546565805438
234.03188785951522,119.23879766406185,17.687641132281314,16.399709388937286
232.62431512565013,119.74205390053399,17.79774610500902,16.47521311399401
230.90311067718164,117.77952423677957,17.976456072923,16.592623690976023
230.5514483588929,117.45543813637954,18.131138785576333,16.69215396785198
228.2479403238416,117.62488274394467,18.316799956955126,16.905934115062205
227.88307324939396,116.69172282459238,18.487518244557364,17.09520636988754
225.84240376571955,116.60171735847227,18.615716910938634,17.275217302127746
225.48495867576014,115.9603995675842,18.760971618562436,17.4185819393138
223.3929920379468,115.04014396948925,18.925382206962475,17.536440555263706
222.74694687363942,115.00048230784527,19.06008810655231,17.615763878551654
220.64696993653655,113.19166505381439,19.185468231482133,17.740906601519765
220.91393149922462,113.12852356154546,19.237604591448743,17.867189586057613
221.14319426866604,115.1279666135638,19.367982287456734,17.990626126256835
223.73038422368208,115.39418511364549,19.529990022963812,18.051121086708925
226.29490456960957,115.66752174520947,19.76899473916227,18.100897313364662
230.06367769586774,115.65740470105267,20.044497298240778,18.121131401678262
234.1990253768171,117.78736218354467,20.252936539580528,18.100783738313492
232.23454497680814,117.25967202530379,20.53034728586945,17.93898070355225
231.26706187238625,115.4872948843085,20.634348306197506,17.821804608511478
242.77995110547877,114.03131896438425,20.79053590577866,17.683497755496
248.94007206847692,118.51344052840322,20.67523825412117,17.872962833212203
244.3612619167829,116.9413047821921,20.660106623328016,17.959650347574055
235.72247154032735,116.67833090698568,20.782598035758596,17.8729163358269
235.4208751090723,116.01416048325733,20.77260051932823,17.974876425402723
226.7595418589281,115.163976501471,20.884130781087194,17.83119407770436
228.3209936701911,115.41333951998838,20.831713934486327,17.946565395854645
222.46782198006557,115.08243367760804,20.850251552172672,17.9932294089014
221.57279918047618,114.7499660385867,20.791722612003213,18.041973173827966
216.61514350372778,111.66800792919048,20.849972444215794,18.045225941817797
215.73265964042864,107.29508278292572,20.76385649282248,18.152685737053194
209.22480633166705,104.82801500630708,20.813752288379067,18.14746478668415
211.38412297993327,104.20565528435117,20.82192074915009,18.155955157080715
209.19884353326182,101.73514905613904,20.863825118017605,18.149933871247416
207.67040984334176,97.04519071502611,20.826011295333796,18.24580694590146
204.24349320526213,94.25048443622354,20.861012584343985,18.25617515038462
203.30918277566988,88.96173302374748,20.867809385288002,18.28334164530736
201.79842962889083,86.11384952919708,20.783552064565487,18.388734128702968
199.28572807605664,83.91654833775071,20.836671138808992,18.432587984098937
195.2351107523442,78.58479033268394,20.8379522608668,18.50385707644482
195.26479730496385,78.21860048581041,20.77857915562754,18.61199476008683
194.37210920551078,75.98161400459924,20.688793874061886,18.710590934741717
194.08259394958827,75.32401791687468,20.642591928144363,18.775318194665743
193.46480834712017,73.1185525069723,20.62706761284843,18.80741469365782
189.7009010097524,69.04838551328561,20.645047123453782,18.812093919890227
181.55495368745324,63.11161255320975,20.656340514671985,18.788277385648747
177.76303096946626,60.32077737482369,20.728525661267675,18.736202525387178
172.71081565447284,57.54335453102443,20.812680040004583,18.654642821657617
168.67397954857535,55.30319077344575,20.74478474940127,18.751049373985133
162.7424559937404,52.77641777295497,20.69937441377894,18.790508029580515
157.73051330715631,49.971114606025964,20.696335057051897,18.76096920287243
152.4054245922491,44.63470702609121,20.701784721344612,18.789056597220185
149.9305988506111,41.79840165513815,20.637857875179176,18.82139171850471
146.7660037374429,38.98696043453258,20.70491380246883,18.808353290573795
145.56917520232227,31.750226670430756,20.59034516983527,18.85952302724723
144.31550063505938,25.466851908079114,20.593376250255243,18.904682281421643
140.2178739652932,18.220588891676627,20.639556282392405,18.979617078065854
133.51485577690497,10.741360752757208,20.84122210918594,18.847364155924243
131.02026745259565,3.448181897135944,20.791825960743846,18.947825075617114
130.39505601842956,1.2587841752257471,20.78092737868693,18.911995443075767
142.9819777585686,-0.2885393767050406,20.80365223732932,18.857071504572286
135.22204714071947,3.3988438901563764,20.588804777897,19.034965144512157
142.8808199648031,8.645390053599076,20.364123301476425,19.232651605947325
137.22909608273156,0.20765715799593387,20.354630727310628,19.138706889690287
132.72816417287345,0.014251125226103056,20.580668032301986,18.89867420417817
115.10257357487193,0.6071875524999353,20.744727752506986,18.96591283090901
108.02454103219486,-1.2016230525529323,21.03613527675217,18.802263797075938
106.76573010980395,0.6495978059568674,21.02515428988508,18.892726327529672
103.55404397082043,0.051205140283757444,21.114180929056793,18.822642531116827
95.56037837916854,-0.4897418255130326,21.25898873044411,18.63713459215709
92.42866982176754,2.892220040021259,21.19265466264327,18.835937161951634
84.70328949716536,0.46008478536621134,21.399972040504597,18.619059914147382
65.93650147665053,0.16681756909321344,21.475318501892964,18.570709099580814
55.454479870057284,10.05070711042805,21.475131169199663,18.496601135767904
43.43340433017284,10.312087353933077,21.422306006390738,18.607918970930953
40.47925708618583,1.129860992020408,21.615115503384573,18.555808946042355
44.994909588935805,1.7684765859679707,21.504872667798054,18.553015210992005
48.731581587412265,0.5862245936494048,21.656983954115535,18.37570076787234
40.672804080164866,0.3462831041891814,21.900688424596932,18.22062972503225
37.78329855121753,12.519563792091231,21.95365733305944,18.050690757941798
29.763386135512796,-0.7251227863580088,22.136342579184188,17.900069411561965
23.39814561789491,3.721155325390539,22.173570272688462,17.892790527276908
5.695909857081654,7.106394397205445,22.01130897967928,18.10863490080768
0.9774167006937002,4.194538225968763,21.906453136287013,18.207241949580137
-3.049710682236528,17.139530496283754,21.691422414118065,18.397311640427507
-2.631047336895321,6.227359455127775,21.489936096180273,18.603081049422354
1.1696103109170775,-0.08271944663247055,21.520994247423292,18.502616441496485
1.7817342196449815,0.5666418832733324,21.566527899962754,18.47367525168015
19.345275989635038,16.052261852265765,21.37170954629557,18.623907934228612
29.472005341961726,26.34366900568768,21.42296405059561,18.345806836338195
36.157531708004726,5.512947917009461,21.299235171506858,18.372802618560467
47.251395511623684,-1.0589873265555436,21.138157062628927,18.300683406674477
50.40529995007336,-0.6868987434598282,21.08688794653257,18.182160216563346
43.9474578298552,0.5680618950784151,20.920879502153912,18.163989927070666
45.90599605148246,2.0771065278611243,20.72412681588545,18.24617045899363
43.82024993175895,0.8483674289494267,20.567467711911082,18.230419317719083
40.79556154239819,1.4814591081385604,20.460811586987624,18.19544254006981
31.99734360326037,2.6586178147282364,20.269497950035852,18.29460781864596
23.81376212935182,4.443156498073268,20.113479395166188,18.397348563664067
26.299057724392625,2.009954145647667,20.032265206759742,18.3743762668401
16.968052943881418,19.302480427120486,19.79891121955035,18.532411518385217
21.929509638747092,5.546352994228291,19.610242543196463,18.66710312779548
23.950917454043136,14.760917070488375,19.82041554102297,18.465069097069254
24.6323633995813,16.202671203333594,19.672825006483546,18.6198142227211
38.499015518227196,-1.0195573316425186,19.89838546248437,18.41959112924552
46.79481181256439,-0.3936914866873913,19.72680781193801,18.384156842159566
40.11728142946413,1.7453357757364216,19.774471804168936,18.34027401812045
24.365882243994186,14.210999518744378,19.82097902880577,18.21102224361272
27.365737355339377,29.961588592590424,19.857143601267182,18.09639303071
39.74796076920454,20.959735145701565,19.78763209237732,18.030635057043487
30.83299425555149,8.898011032913105,19.612515012891976,18.14734980689847
12.581223637318887,10.94984074078075,19.55938735002604,18.238717969774953
-0.5477123528026784,3.0918801893936863,19.420885019295742,18.356781525155693
0.12822518513982573,2.7103550853481746,19.268259416954102,18.520206996475032
-0.9721556563034461,4.733369988371109,19.06971793414231,18.672957730401247
0.5893609056214295,2.0159149316755425,18.94228322360666,18.715790699827004
0.6196680065308833,0.21064512939811486,18.88166902178775,18.73963711501879
0.6669435306409834,1.952242802811135,18.78711797356755,18.839642721680537
0.9827906381267049,-0.13949094170468612,18.752711407231786,18.84209667026243
