289.3,102.7,25.0,23.8
288.8032136445958,102.27599913120737,24.993572710808422,23.648001737585282
288.4218490793751,99.62845774034804,24.984237416987575,23.538633549467626
288.41965026822174,99.70458590837234,24.98863503929414,23.386377213419028
288.04717250178294,102.86554859896482,24.965788510962266,23.20686832191034
285.0147228665926,105.99529256505714,24.914143119572422,23.063925051496376
285.0398162144208,104.93507387028338,24.863956423915948,22.89996667308217
283.95441202271513,105.00694180908496,24.760622178771982,22.756230795478977
283.5831892366648,105.09312906774812,24.74894961405262,22.583856278152666
283.60769196666365,106.3086898912738,24.6999441540549,22.406239461064445
282.9018449022165,104.51161774622868,24.616545962765276,22.262652950694786
281.8206280477488,104.57421498091868,24.547188806648467,22.137458481314788
280.3678696831822,103.88977561325589,24.48938601482009,22.024677456159555
280.3588734616512,102.10791415705003,24.507378457882048,21.897850950731204
279.60162492975246,100.33700545035856,24.54917409082283,21.757914786972282
279.2276539690352,100.7910557483777,24.56236519818833,21.584565005003004
276.6345717349371,100.8454091992566,24.62339743238737,21.475858103245233
276.59060497488935,99.80467768872087,24.71133095248283,21.363239617639437
276.5746461822276,100.24131600072215,24.743248537806426,21.22087617174345
275.826536452488,100.3240161203679,24.78125218264225,21.055475932451927
275.4847982588732,99.67136943188743,24.737707286052547,20.9067267417741
275.54596878452014,97.93158156021795,24.615366234758667,20.76664114924546
275.29643631378144,97.98843147035102,24.394674178814306,20.652941328979313
275.0107069757056,100.5141840498134,24.251653500010264,20.602791654744106
272.62649491444984,100.57364180033821,24.039995824346693,20.483876153694457
272.70139585927666,100.60727227559632,23.890193934693052,20.416615203178246
272.459611290087,100.31349696162772,23.670968102054125,20.301370860097236
272.23618452813463,100.36249606754848,23.42030846434838,20.20337264825574
271.99989814808595,100.05373846310654,23.20086165287826,20.128868285572146
271.0890394229132,100.12121955013869,22.960405054441928,19.993906111507833
270.5068411389737,100.18819722715563,22.76188721286874,19.85995075747396
270.61814338704806,98.21194904783313,22.539282716719974,19.75528451839431
270.71386762344997,98.29680665548867,22.347834243916196,19.585569303083258
270.1376796479402,98.36919637093324,22.169618051791335,19.4407898721941
268.5873812471903,98.40794040810275,21.96934137791839,19.363301797855094
268.6875336437887,98.453258710307,21.769036584721583,19.27266519344659
268.7524133515372,98.51893941225207,21.63927716922451,19.141303789556446
268.83244540427853,97.26447045503879,21.479213063741906,19.062030890346744
268.92457490622763,97.32055902849382,21.29495405984373,18.949853743436687
269.0000358944759,96.08918990486558,21.144032083347117,18.85827281530013
269.07525574352235,95.51367732941833,20.99359238525421,18.739813763851217
269.12537567442536,95.57141607005643,20.89335252344829,18.624336282575037
269.1875052836101,95.63250229206614,20.769093305078737,18.502163838555614
268.94314438313165,93.49269173180352,20.634678154730224,18.419826299942248
269.01483231789024,93.54242130062529,20.491302285213052,18.320367162298705
269.08390688283333,93.60001214785106,20.35315315532683,18.205185467847166
267.93678407401694,96.09364939962296,20.200030954823134,18.112646600576344
268.00880422485,96.15778798585471,20.055990653156968,17.984369428112853
268.05688883346437,98.63232420426566,19.95982143592828,17.86436031801446
267.8211558035988,98.10208167376561,19.831092588916697,17.72445556552931
267.5843328024312,98.15376522237231,19.70881204402164,17.621088468315886
265.57589202087956,99.67959126901137,19.579262024586402,17.53117321970811
265.6292831167571,101.46992599423902,19.472479832831418,17.48372889340373
263.9290373237342,103.26152210700951,19.354365014730767,17.419143072009206
263.9705801257249,103.58020433074351,19.271279410749397,17.365322952026077
264.01325862399455,103.62729912073216,19.185922414210083,17.27113337204878
263.4904371478302,103.67102797088724,19.074518472923334,17.183675671738623
262.68504867610415,104.28406974127576,18.9591837776034,17.108333223476393
262.7310288342243,104.32434006508494,18.867223461363107,17.027792575858033
260.79785808514436,107.2207582465996,18.74626738455621,16.931095605638358
259.7139100440286,108.09961236074807,18.64951289773055,16.871875304134313
259.46703534003353,108.15502581258563,18.579568985767118,16.76104840045918
259.23690253047204,108.1897214027256,18.4790198596,16.69165722017925
259.0047683386587,107.94674514712243,18.385165776006158,16.619487264165098
257.3987734373647,108.27347059026937,18.264212837270634,16.521526834758475
257.4476276439399,108.0277075536618,18.16650442412026,16.461034050394495
257.4861605418077,106.69082734584552,18.089438628384613,16.387224319422128
256.1720718140786,107.27872267723401,17.982021387128853,16.305671535330735
256.2113127327962,107.3082016782045,17.903539549693605,16.246713533389755
255.98278700235795,107.35478806395237,17.81864635492535,16.153540761894032
254.15446648718859,109.0121563894988,17.701477982264684,16.073497884800613
254.17224629927034,107.18457537206551,17.665918358101205,15.976721278055027
253.94076781797588,106.96907465477717,17.59499718779079,15.87384457973247
253.9692418652994,107.01857339747133,17.538049093143734,15.77484709434415
253.20331824729845,106.52184947371947,17.4840148572739,15.71104062726672
252.97814389180732,106.83830504738941,17.407609697128983,15.604883351054028
252.75113327900493,106.89581037979283,17.337782369362476,15.489872686247153
252.5277207279358,107.20025061437082,17.26370393868933,15.401895749902588
251.53320325580614,108.01278293305003,17.17943099766604,15.331812026506118
251.32286023274685,108.30519431267174,17.08423815419873,15.262868156848597
250.8439937544421,109.37028183907462,17.015414798151212,15.185805729356929
250.87849921598428,109.4153849328663,16.946403875066846,15.095599541773563
250.41547126863182,109.70121013593727,16.85560687049513,15.032375585269932
249.46553123691845,111.49580727434002,16.731540069656763,14.985088320928401
250.00921412379185,113.0300057657595,16.650739137443274,14.936385862689272
250.05320862904273,112.81613200097007,16.562750126941513,14.862900610274227
250.1101799539936,112.8569621959151,16.44880747703979,14.781240220384184
250.40242432604245,114.63827995499285,16.359891083309968,14.687611154804092
248.97310848372408,116.3915413784927,16.26248712248907,14.629796560838326
249.0212457148768,116.43947764450112,16.166212660183575,14.533924028821474
248.56298540599425,116.72456454675935,16.10840339888582,14.450915163836498
248.6123694687697,116.7646858551988,16.009635273334876,14.3706725469576
248.17009040714925,115.0992204502509,15.930023832741181,14.327009883432371
248.21746832858258,116.8055175220444,15.835267989874502,14.27535897441003
248.02502095374905,116.84208651488957,15.742344016247817,14.202220988719677
247.8312904834605,117.82068646513684,15.654619177804385,14.145764204307476
247.8588187233208,118.09861204385001,15.599562698083721,14.06281558529592
247.89949746090028,118.36613148584858,15.518205222924788,13.998482255590984
249.11223437264826,120.2729887434874,15.434709060130965,13.931931997436754
248.9063664851394,120.30831338966179,15.380428516212609,13.861282705087973
248.70052127197093,120.34633676481137,15.328089708294176,13.785235954788806
248.9451478708393,120.61163125994253,15.300822199291094,13.716632653260145
248.7446509624197,122.48974741006715,15.241361412228459,13.64403718422548
248.53450855763475,121.14516986964426,15.203291479844419,13.583063813347765
246.96175818314276,122.54504741166406,15.15135370575569,13.52397032051333
246.76016292576003,122.57140779814516,15.099532073981901,13.47124954755115
245.89255217752944,122.59623767713376,15.021346457490258,13.421589789573954
245.92623243163808,122.17815829038597,14.953985949272983,13.355092825950624
245.95271488031,122.20193861378424,14.901021051929172,13.307532179154107
245.76887658186686,122.450998143351,14.821090454648527,13.257020314187463
245.80298199356994,124.24121873649388,14.75287963124236,13.240916684607875
245.84026215079297,124.25792282699854,14.678319316796317,13.207508503598543
245.6498395440486,124.28438163187923,14.616655983881804,13.154590893837177
246.12098732590704,125.6344480686544,14.555742151510014,13.098603214322104
246.14595691779746,125.66647868920464,14.505802967729156,13.034541973221623
246.1760987304718,125.91618770999507,14.445519342380484,12.972146281957261
246.8572843362735,127.46484398282448,14.38836955062982,12.920350382621463
247.09819763057322,127.4859786474313,14.339887872405868,12.878081053407811
247.3410408322639,127.50746272937887,14.286106588746085,12.835112889512645
247.37127370781897,126.88818519945697,14.225640837635922,12.782554832465769
247.40320147628955,126.90980908013978,14.161785300694754,12.739307071100145
246.7856953409545,126.07742884018097,14.11615323027388,12.696541762896453
246.80296964506726,125.46227999865677,14.081604622048383,12.6504044416998
246.8124458399898,125.48929784807821,14.06265223220325,12.596368742856919
246.83389869044586,125.5180020779114,14.019746531291164,12.538960283190544
247.47816893958895,125.76054479707352,13.995502232538502,12.475306911377457
247.71269858085986,127.04884385455688,13.946470463305884,12.41887387626609
248.14983769807907,128.53707854963602,13.908894247686394,12.370861551974048
248.3848221554349,127.10187796884028,13.85591476682162,12.322336676637187
248.6074193960385,127.13020173945446,13.826098776841405,12.265689135408822
247.60079229939478,126.9427470201056,13.769357121073844,12.226599404295545
248.45677532935846,125.52009324736451,13.707316602681296,12.184537252091797
247.24484186495823,125.54635042719597,13.666186971999874,12.132022892428864
247.26130379235894,124.34284308905619,13.63326311719845,12.082979671644546
247.2881396781663,124.15726983849045,13.579591345583745,12.04608868217733
247.30914805460966,122.76110974368211,13.537574592697034,11.992186500810424
247.33338426285837,122.9901922674403,13.489102176199594,11.939098556220353
247.35582472475733,122.39180492173442,13.444221252401706,11.925483934781969
247.3830291126984,122.40582721657466,13.38981247651952,11.897439345101468
247.4088412869352,121.4215986249984,13.338188128045964,11.859705545405541
247.4341941018197,121.44362114159263,13.287482498276939,11.815660512217077
247.45491554234863,121.45227467618466,13.2460396172191,11.798353443033012
247.47751800582984,121.46022187887206,13.200834690256643,11.782459037658217
247.7002587354014,121.66033127255342,13.151781141500667,11.77866816068265
247.51891275789828,121.66513133620013,13.118874471664535,11.769068033389228
247.14424768555807,121.88215138949714,13.07834741559093,11.729956527172211
247.16583392020618,121.90462232071243,13.035174946294699,11.68501466474163
246.9875592304898,121.72812502870363,12.99945968363368,11.645744606665462
246.80783888886992,121.3616451197388,12.967827243262917,11.596558177374016
246.43471412149816,120.01919454103175,12.934504935436147,11.552957885792207
