162.7,94.1,24.4,23.2
159.90731332764045,91.41480850322645,24.45210893343765,23.03711858226569
158.00344254422896,91.47365865158557,24.491038473469473,22.919418285547472
157.62920599489792,88.89263477505939,24.487018982985802,22.814017914579125
157.62286291870922,88.1670816148654,24.49970513536319,22.763640558211083
156.5081968667644,86.34921698786975,24.47863358652231,22.64869705765158
153.8984515389164,84.5129846799057,24.46239575454096,22.58135561095303
153.53875280925396,83.80979150151565,24.435166860751522,22.494489261504462
151.3278570132817,81.27343585245353,24.38812629289283,22.353563039858262
151.0000495503241,80.93470142269388,24.301935873694134,22.28922655426367
148.80548983296902,78.4154515064816,24.254541140892798,22.151793191258186
148.8503175224751,77.71828536494334,24.164885761880615,22.07318789441159
148.1544808465173,75.93030676986467,24.088960917713766,21.980149594362743
146.71481533275352,75.59185304514389,24.043838951516566,21.925943795373108
145.28241950804207,73.07960290443565,23.990492685182026,21.84370272421402
145.314290712116,73.11268178378002,23.926750277034156,21.777544965525273
143.88917870038063,72.7560141563511,23.875721066202296,21.765566911807458
144.2854277718568,72.80576792975961,23.80754289983414,21.66605936499046
144.34231538286102,73.21792081585717,23.69376767782569,21.563405298977177
144.3938813646658,75.08123846809724,23.590635714216145,21.42785605747528
144.78893932105717,75.15554455529445,23.514941107189966,21.279243883080866
144.4778321889198,75.20024577514819,23.426309718380118,21.18984144337339
144.52087923318777,75.23583445859731,23.340215629844188,21.118664076475152
144.22803080760525,75.29115847423206,23.22038834311813,21.008016045205625
144.26019351892302,75.32662527988859,23.156062920482583,20.93708243389259
144.31899125576206,75.71251860538501,23.03846744680454,20.865012954758942
144.38680194013696,76.79117635543165,22.902846078054697,20.797840602206186
144.4024035680397,76.82883490609936,22.871642822249278,20.72252350087076
144.44611934197928,77.1913043683546,22.784211274370065,20.689392124370425
144.4879092220778,78.25709908402517,22.700631514173036,20.627513226451583
144.53501148742163,78.63996599989105,22.606426983485402,20.54937730858247
143.20602007221208,78.6685174142581,22.52495217789962,20.492274479848376
143.24320135445265,79.06785427418218,22.450589613418465,20.376269294603453
143.29613498038327,79.43450259224208,22.344722361557224,20.322610657407548
142.98860521900605,79.48976150348635,22.28266714421271,20.21209283491902
141.34790415891885,79.54965212409137,22.19224208925384,20.09231159370899
141.3906905642644,79.27364765514304,22.106669278562773,19.973298550561605
141.4086418692558,78.63592353667208,22.070766668579953,19.913213148358057
140.76808753675226,77.3402235741727,22.019399747639312,19.839661901461376
138.80908396605773,77.38221926392998,21.95190867091474,19.755670521946787
139.16638656077532,77.41014050132463,21.899144362103698,19.699828047157496
139.18799385449418,77.44286552819784,21.85592977466598,19.634377993411086
139.54800996563094,78.12895678552796,21.794283014180465,19.578966402326767
140.24208442724816,80.46157393328517,21.719189939659167,19.50942757730839
140.57694369299148,80.47704461901094,21.70370379501748,19.47848620585684
140.89412297793393,80.52554041629634,21.722837108427367,19.38149461128607
141.2310015955143,82.83869208463202,21.70131018407683,19.3208034502858
142.22071213083746,83.20560650953932,21.67463666386625,19.237890450616437
143.54951543661076,85.54245793343291,21.61368049871477,19.10832588402075
144.8644489187546,87.82362293054045,21.568296285101404,19.06884070348566
147.45518665174535,90.75870170986099,21.545014898600847,19.001651484260687
148.74634199244957,94.00507515685916,21.536011370397627,18.942172473277267
150.37065871356552,96.62281814392406,21.498511186034555,18.844499711737537
150.71374061530656,98.90461052763999,21.45241191450535,18.76136666797636
153.59542321224947,103.72743715979055,21.43106815381957,18.68574912567523
155.8174914996266,108.21233260998396,21.44206753922276,18.62623014560333
155.8162170853986,110.78650384519638,21.444616367678798,18.563153466504367
157.07945691930775,113.36252539369477,21.456850927226206,18.488538824239026
157.73064027604514,115.94084618494352,21.421809907068518,18.401200015009913
159.95971721430232,118.52192377223179,21.3855804755771,18.292672777602448
159.9755169256125,120.43172214073296,21.353981052956723,18.249369351464146
159.6713653027352,120.15084381701705,21.334095560224554,18.182937260409204
157.80823544820694,118.00217759954396,21.29953672114535,18.09264805586365
157.83548037312084,116.16424307503843,21.24504687131753,18.01970442077534
157.53077815949175,116.19145866555941,21.231679630939748,17.96527323973336
155.35604158909393,114.98089639126052,21.22938405187018,17.899672805551003
154.1260805898683,113.14521462473752,21.20697932507,17.84754625071985
153.521407607385,112.85980208146036,21.177550164582364,17.798983774547064
153.22641238412473,110.73275510617559,21.149398684987247,17.7260842423071
151.08832416458958,110.77798192651171,21.10992778944779,17.63563060163485
151.08576106645089,110.82352259171216,21.11505398572518,17.544549271233976
151.10241335645293,110.86034614914237,21.081749405721126,17.47090215637353
153.2602049920385,114.55963403437389,21.045438275618498,17.408221484885168
153.581080779301,117.35018541226148,21.013428475163852,17.314794695743405
153.6166848324283,119.50105792627497,20.942220368909243,17.267127519101265
