323.5,146.3,22.0,7.6
320.9783530236659,145.99668419514757,21.939429298951822,7.66261657122895
320.7669459776619,146.19632660633906,21.905984880701453,7.719590259104312
320.31293867630455,145.93795742126778,21.90036377461965,7.779510774848642
318.75741413589793,146.14975772501128,21.806597312043312,7.8137409592744245
321.53215074634824,146.12998248639005,21.742351586121714,7.8532914365168685
321.1004758858137,145.87574403256164,21.691910422760944,7.904872901958817
319.96059243420757,146.07409495902093,21.686149399052752,7.9652766344243515
319.7491284863432,144.45033561608062,21.650957054212665,8.005953636323111
317.9423123371804,144.6660501516356,21.597788254085653,8.032874702519761
317.7291470580253,145.3540349213155,21.566049131775987,8.03111420501956
316.7527787812071,145.14575785404708,21.68847101269666,7.990089671377438
319.25921802645405,145.36664210516284,21.720241686556335,8.006925638632678
318.81476981244566,145.58503814708936,21.690399227602168,8.029502998265128
318.5924053820472,145.56545984829964,21.6757802642863,8.068659595844588
318.5949234567495,145.551906172507,21.67074411488183,8.095766947429874
317.93873095217975,145.53174900173002,21.602333183548183,8.136081288983778
316.14401002599806,145.5099194143349,21.51173021724493,8.179740463774063
316.1854903704521,145.48304589018255,21.42876952833681,8.233487512078716
315.7667411276801,145.45838631547775,21.347762391039495,8.282806661488323
316.03696710138223,145.43574811247086,21.266278730124835,8.328083067502108
316.31480033332826,146.33591611859958,21.169214383677094,8.362155525021889
316.35871655708746,146.30970379182082,21.081381936158635,8.414580178579376
316.17999821567065,146.29217897222784,20.98134557267769,8.44962981776537
316.0059434335004,146.2747825450721,20.872806838855517,8.484422672076851
316.70289671658946,145.13503338553144,20.845981123676566,8.485452906159487
317.59374613599823,145.3409449440057,20.88556946048601,8.52895158311764
317.6010172057993,145.54978227411678,20.871027320883876,8.56795391022399
317.3393693052685,145.7547747765177,20.937159602327803,8.615132425039695
317.28749482406414,145.72926511018687,21.04090856473659,8.666151757701329
316.793269507212,145.69547909960585,21.106571629823826,8.733723778863386
316.56822637190675,145.67234861985315,21.093099547991596,8.779984738368775
315.6503647065435,145.65153574966925,21.072068125071638,8.821610478736575
315.2175439471464,145.86953518356793,21.0084589387569,8.850236963493657
314.55268049470817,146.32580652991848,20.945560188561092,8.866111374174055
314.8248853105149,146.2981298585674,20.86472460383598,8.92146471687623
314.608622896638,146.2860230868762,20.833869400946554,8.945678260258576
313.945037326458,146.271617585035,20.77095976016393,8.974489263941043
313.2831663668282,146.25738971604173,20.70584112417134,9.002945001927573
311.6780775308164,145.1039562464578,20.678467503146074,8.997275303203377
310.28991626485964,145.0871067274075,20.68275084439022,9.030974341304008
308.4669842525765,145.07356447835315,20.627276696913686,9.058058839412684
307.5800642285323,145.06532112302625,20.55177118178603,9.074545550066484
307.59470435893587,145.30202388299608,20.52249092097894,9.062663932339996
307.60213227939386,145.77391726815725,20.50763508006302,9.040646991519397
306.88048925379246,146.95082819270547,20.570088898355596,8.988212197273196
306.8519290776064,146.9664453061334,20.627209250727688,8.95697797041732
306.1510625390141,146.98057617042866,20.64731694679648,8.928716241826793
305.68643530624934,146.98053374641785,20.655904161040514,8.928801089848447
304.10508604359416,146.97093786346147,20.595378464520305,8.947992855761163
304.58216203611954,146.95909012550473,20.56106047862508,8.971688331674677
303.1736096100506,147.1955203626351,20.61914966277792,8.9586638020781
303.1194710534172,146.05429742857217,20.727426776044684,8.938840022388272
301.94378099820653,145.6036762251444,20.770387160489868,8.91671453885333
301.4726066201356,146.31228229994153,20.78889984849445,8.885256491465054
299.83562125132244,146.33285980147647,20.83146990820206,8.844101488395168
300.27164902340854,146.3446524223839,20.882448864890378,8.82051624658032
297.24837956738395,146.35886566006107,20.925058141295086,8.792089771225966
296.54677731305964,146.35848636049215,20.942396849076864,8.792848370363824
296.08891002664575,146.5812131146631,20.933688186014027,8.80961647996727
296.0865525538481,146.81258938067845,20.9384031316093,8.80925767420982
295.8147807288877,147.5182984022359,21.019490696394833,8.785207886500565
296.23053639669115,147.53078253789292,21.11439771318613,8.76023961518656
296.1690226651305,147.53787052063618,21.237425176307443,8.746063649700048
295.87141371349117,147.5310245533602,21.366958380187505,8.759755584251995
295.8527981998824,147.751938143466,21.404189407405063,8.785743949017986
294.9383980125897,146.5792160766632,21.357699242783216,8.787074908614626
295.435033954185,146.56149298639588,21.300766556140857,8.822521089149223
294.24073165415876,146.80453237093403,21.34949972279603,8.804416606752406
294.6977059956406,146.8251341168659,21.3722718182875,8.763213114888622
293.7668702678876,146.84594764270926,21.362124176128024,8.721586063201919
293.3330577040679,146.85312004505013,21.295625658791785,8.707241258520163
291.9660975423968,146.84623108494947,21.23452285400982,8.721019178721493
291.99291542109904,147.2999521790029,21.18088709660541,8.743965752829917
291.0867988402436,147.28426501369717,21.13382485230785,8.775340083441375
291.9841140557363,147.2842423965832,21.19799086849351,8.775385317669317
291.971173993249,147.2875822539849,21.223870993468203,8.768705602865909
291.057984377449,147.2895994937693,21.18668131726573,8.76467112329715
290.79646024236627,147.3020117230368,21.244451157697128,8.739846664762116
291.0078471910181,147.31073804408163,21.287353049573426,8.72239402267248
289.34917247842515,147.30553906284905,21.342786136209657,8.732791985137604
289.32598301638217,148.01946901982876,21.389165060295536,8.705875176958546
288.8340012651205,148.01643115425537,21.43878080832385,8.711950908105361
288.28687693635675,146.13565219868875,21.597020300772268,8.729472158922261
286.0802293481156,146.1427766517461,21.774732810234635,8.715223252807554
285.9703875943395,146.15821385993019,21.994416317786794,8.684348836439376
283.72691895835914,146.1653976466805,22.201094056783308,8.669981262938737
281.9348053455025,146.17170899320556,22.437042563864292,8.657358569888645
280.39403398246554,146.16386549640532,22.629465364911937,8.673045563489104
285.6836173473765,146.65217250338233,22.711329210650952,8.665616147313376
284.67792044767106,147.86781164041972,22.78014613821123,8.662558963051929
283.1920292312201,147.14693339944557,22.832413692446018,8.64455800566667
283.20481400138397,147.12567395355217,22.806844152118295,8.687076897453494
281.99498371233454,147.11583445335253,22.789425674680317,8.706755897852783
280.99916243298213,147.1009856600779,22.8309916396792,8.73645348440202
281.5098046225611,147.3265788768516,22.787023255892045,8.773925048540006
282.0041832315026,147.55152628869195,22.775660973364662,8.812727692537177
281.5514794613906,148.01424824569287,22.702602621246374,8.86574967087776
282.08284387834584,147.97535831839576,22.618132070879497,8.94352952547193
281.38994840535173,147.94498585035805,22.536013372620282,9.004274461547345
