344.7,161.5,19.2,8.8
342.46664160659094,160.9989842325318,19.171807873806436,8.802031534936404
338.9531096181417,161.23241324305266,19.215100870703395,8.771659200144791
336.54296400224086,161.4633665325248,19.23295169172894,8.74633811308928
333.9286106980921,161.69540372575563,19.22485061361402,8.718664367161999
331.97973885002267,161.49981566848624,19.20045340488967,8.67404704782705
328.71440143284826,161.5099179041801,19.21140896760874,8.65384257643936
326.7412632707087,161.73256553556686,19.24762078522695,8.642998925516993
324.35318111808897,161.7309020349083,19.241088357866165,8.646325926834125
321.3031009144666,161.73620913592094,19.254696922157844,8.635711724808845
318.8751472506342,161.748484909525,19.328184136831375,8.61116017760076
316.9348064662994,161.5527670166497,19.29019751079227,8.567188386161476
313.8993993856686,161.55878420846335,19.2839879714562,8.555154002534193
311.73105556618606,161.56877750519328,19.28298405291128,8.535167409074337
309.9683827071469,161.57787479798023,19.341125553763728,8.516972823500438
306.71357042916264,161.59002853894526,19.34181545338255,8.492665341570397
305.23275554975146,161.59328287584574,19.268888083420382,8.486156667769418
302.24839889133693,161.5795864344878,19.185038706022876,8.513549550485312
300.3499462023388,161.56914407549615,19.097687884805712,8.534434268468589
297.8072139049888,161.55836343151097,19.015057929446396,8.555995556438962
296.1340533868159,161.55936450664348,18.922617513675767,8.553993406173964
293.1734533886996,161.7718230412945,18.84544831730051,8.557531279201042
291.71367521251943,161.76283045246387,18.77330288249411,8.575516456862342
288.7644074575536,161.74796253487702,18.69880740735308,8.605252292036049
286.88926708154395,161.73669107782408,18.614404443893314,8.627795206141917
284.59413706839007,161.73360845894328,18.527094784317885,8.633960443903506
283.1453871644457,161.73117225660306,18.456178227578267,8.63883284858393
280.85694256765544,161.72556045693415,18.37893470693134,8.650056447921784
278.99777541708676,161.71419293262912,18.29778780695829,8.672791496531856
276.9325113434465,161.91874657657235,18.21461484543519,8.685054319525712
274.45062207170855,162.11920309893404,18.134058945114162,8.704502478452067
271.97271367893524,163.58008037763688,18.05568448870421,8.719359478854395
270.7600605679882,162.95055813571184,17.969261516899454,8.72253936585507
268.7139122684943,162.9526993685457,17.887522836828598,8.71825690018741
266.87518169354314,163.17260594464807,17.819871412696173,8.694567367319822
265.259133004928,162.97825867723233,17.73427233762086,8.668549845613121
264.256114480641,163.79950233901548,17.675333860327388,8.678042942740802
262.4396911458386,163.7940649732451,17.597557039289654,8.688917674281557
259.5926915877254,163.59151315420087,17.532886598102273,8.682687772554802
257.9787863273599,163.79103487582586,17.478535519355887,8.693914529239505
257.79777254111775,162.75518020637296,17.43089974884316,8.71730715315973
256.17671671425137,162.74244111887583,17.398073930589128,8.742785328153962
254.76370393093165,162.73358701814556,17.358820145437722,8.760493529614509
251.51892291601933,162.7301501326189,17.30352805086491,8.767367300667823
249.3040347478435,162.92503085231135,17.241397364334848,8.78596104518121
249.53415261721048,162.91661954579797,17.188920680998702,8.802783658207975
247.70952383382118,162.91159409630066,17.17270844842443,8.812834557202613
244.86407108897725,162.9187599665458,17.162690425645724,8.79850281671238
243.4567594280346,163.13380835139836,17.129631330042262,8.775217820934202
241.04966026601406,163.76051178865515,17.07281154349461,8.739565474067792
240.4739448940777,163.777725271106,17.010867910123164,8.705138509166089
238.89609868911418,163.9995441065154,16.943012432664695,8.664444324270464
237.93288174803885,164.01775577781038,16.863283687633942,8.6280209816805
236.5736568293064,164.0275743815706,16.785793901534866,8.608383774160059
235.41774067796678,164.03142274820507,16.710035026533156,8.600687040891103
234.26273900292355,164.236524024822,16.63997975029303,8.587160925378383
234.68475375167392,164.23886118810242,16.586758581953745,8.582486598817551
234.30734911031917,164.23384232604153,16.55249863326856,8.592524322939289
233.34148120015385,164.42512383458384,16.51323021155917,8.60416215426266
232.16571130297706,164.61537390608243,16.501848091225852,8.617482330379982
231.37860219941962,164.8070065613644,16.500537608896945,8.628099192177014
229.99772373009847,164.208856808333,16.50396897419232,8.642259166805404
228.43132679335716,164.2026497771634,16.48202318622582,8.65467322914457
227.2699836965116,164.2073784795744,16.43931924500878,8.645215824322573
225.3266791472062,164.20807469291782,16.391583099194186,8.643823397635769
224.3720168676429,164.20168475634998,16.337397311736407,8.656603270771452
223.226961394693,164.19888705087106,16.274796754991897,8.662198681729258
222.0828114496827,164.19438947855394,16.215383069887626,8.671193826363497
220.94176960027443,164.18971850692796,16.154117549498174,8.680535769615483
219.80246939961233,164.18952465133972,16.093865125474323,8.680923480791916
220.0255228198255,164.1858711430046,16.03667796260934,8.688230497462186
218.88974012130296,163.4060137674031,15.979073200484324,8.695165142551772
217.94922340687057,163.5926719818421,15.922819885421164,8.709306062459355
217.97137060094943,163.57833579090902,15.878525497263484,8.737978444325528
217.2196585980429,163.76136237253263,15.835162808022462,8.758621954841782
217.0521524533435,163.943449794517,15.783769852141882,8.780852356152451
216.494776833134,163.93025536883138,15.740458760576935,8.807241207523683
216.51772352804664,163.91540842856332,15.69456537075167,8.836935088059814
215.5767048099604,163.89918699032125,15.648344981449457,8.869377964543972
215.40701440535682,163.88248871193252,15.602208797414928,8.902774521321403
214.65756295230278,163.86397448131856,15.559515426642804,8.939802982549311
214.67978501392614,163.84568589778792,15.515071303396079,8.976380149610632
214.70409414467207,163.83129594117088,15.466453041904225,9.005160062844698
214.34272328898956,163.81863860615167,15.418961217594122,9.030474732883135
213.21259608554436,163.61234637969352,15.370193413741806,9.058222150675643
213.04306071954298,163.40469174504676,15.3246852886251,9.088952562849748
212.68357847390922,162.81603423155656,15.274810831651642,9.113009167468563
212.8975727811898,163.19109092619084,15.230902510355628,9.131056364730403
211.76550689717504,162.79394399152986,15.192666974400302,9.157894466057412
212.74847778284237,163.54858036959817,15.144772033870595,9.183059174564812
212.7685009514847,163.34988132188187,15.10472569658595,9.197140595524264
212.59860631482158,163.1507493808895,15.061561534982431,9.212451042579314
212.61345243399882,162.76446900770472,15.031869296627963,9.219884304478969
212.6303038261243,163.14196312521113,14.998166512376988,9.229381991772762
212.4576786942949,162.75138151951325,14.961520180640479,9.246752012377943
212.46929863684474,162.94089799391242,14.938280295540832,9.24935789742732
212.48103305364043,161.98130390259286,14.914811461949444,9.261881182025586
212.6876243703981,162.16400309043163,14.882820062389776,9.277674040303712
212.89015277291762,162.34739880673072,14.85873938341275,9.291858733767548
213.4777334433575,162.34491879066593,14.826136396665934,9.296818765897124
