254.70000000000002,102.5,7.2,13.2
254.0306777621105,101.68803512548605,7.218279350587258,13.183199498644317
254.02017120435926,102.01601539355141,7.239292466089723,13.168097889731518
254.00886976732062,101.22181989028572,7.261895340167042,13.153659664982
254.3172577010522,102.03144033042737,7.286597752954792,13.138114485325874
255.10889664740404,102.20003976487246,7.307978217648612,13.121847287915188
255.09708036907102,102.36880912564165,7.33161077431462,13.105364645919861
255.24724502133105,102.69887116668939,7.3524970589157475,13.087671742066734
255.8792414424521,103.9922989767533,7.373742723234061,13.07129313505971
255.70347302009893,103.35304450293357,7.403850434337446,13.064085548287661
256.8164193665739,103.6775937668204,7.43081671334047,13.058661012500579
255.83795042677045,104.16661202586432,7.4544502621846,13.047276659794099
255.66566833436065,104.17360370454604,7.476563008049064,13.033293302430684
256.1465645624981,104.01693870940075,7.482631619937233,13.024002936666898
256.1481598830073,103.53629342823882,7.4794409789188805,13.017538119126293
256.1479069672488,104.02801695648344,7.479946810435824,13.001392903913887
256.30448398685013,103.55218315230988,7.4889939150758265,12.986457080732949
257.26672962799853,103.70817567531847,7.497296139847526,12.996604285893838
257.26037883088486,103.86896879541776,7.5099977340748945,12.997443842657338
257.25527488508084,104.03593753841157,7.5202056256829035,12.986161556236791
257.2607926786095,104.03984562695071,7.509170038625561,12.97834537915852
257.26281800330787,104.04680547554774,7.505119389228836,12.964425681964446
257.2666694411323,104.0514396094598,7.497416513580029,12.955157414140336
257.42833411587964,104.21881297595712,7.495894919219687,12.942218436280035
258.55059518073205,104.39084083825243,7.502489978316383,12.91975088151818
259.02688421024675,104.56275440448074,7.514005223823216,12.897288183906989
259.0225923027073,104.89555916512357,7.52258903890213,12.87412775773559
259.9831074299901,105.87098956919371,7.527703140090405,12.849411305349197
260.13894885295167,105.88265002395235,7.536761287829332,12.826090395831912
261.25636859182515,106.05397548225469,7.545743039837966,12.803985369192343
261.5710917384434,107.02376298840711,7.557031843145595,12.786615646519822
262.6871938137003,107.03507130263631,7.5669228493195755,12.763999018061444
263.48221101217916,106.88599107752017,7.577530761192115,12.742031006527665
264.4354648589482,106.25651220154984,7.590899263667514,12.721071294459271
264.7457907825771,106.10571293045115,7.610031700943983,12.702777694389528
265.2158109652717,107.394001566245,7.629819247414929,12.685741521095597
266.3258907294372,107.08215640627539,7.649819719148767,12.669386126730567
266.7964282736652,107.41053941399045,7.6690945500847425,12.652853390895002
266.94846001940533,107.09805105806262,7.685226237851492,12.63743974425666
268.0594133715076,107.586842395765,7.704978573029571,12.620568085730236
268.69007907166207,107.43552184099657,7.724919368399539,12.6028911463474
268.5189029290949,107.28402600553216,7.746881758260424,12.585492922002786
270.916117946849,107.29257763024731,7.75994962126278,12.56838967257247
271.0679432330016,107.30186486997302,7.776762557129639,12.549815193121049
272.17954751213955,107.30932895927177,7.7968310594228845,12.534887014523553
273.13058859780466,107.31730624245817,7.818243868854477,12.518932448150743
274.07852611906276,106.52300133901494,7.846591748877652,12.504023152920988
274.7084673160565,106.53127883940849,7.870539998293619,12.4874681521339
275.0181221434815,106.53828962907326,7.893454445668568,12.473446572804328
276.4543643578622,106.38308754492421,7.912552082340878,12.462563844943135
277.24706275766414,106.06654063906811,7.9343778677666075,12.452768622643513
277.07541048362623,106.55074299289616,7.956018107065103,12.449356841319211
277.0662429045461,105.43355309434031,7.97435326522545,12.42989646412333
277.0573666479454,104.96035161882736,7.992105778426824,12.410324125131002
277.0485795847079,104.96707412381431,8.009679904901773,12.396879115157118
277.0397591665407,104.00390149659674,8.027320741236199,12.390703507989171
276.8721934667109,103.84113106762352,8.040162241476116,12.393954466515908
276.2170120364894,102.71776907382204,8.060305771548505,12.382794625970506
276.21128499322333,101.7551219072354,8.071759858080625,12.371742963633924
275.87912573430253,101.59965149643502,8.090579584666308,12.35993438960673
274.4183326347263,100.31685122481232,8.106187272546011,12.342442922831824
274.56948827651263,100.32364709974135,8.126759456143343,12.328851172973765
273.2667200224909,100.16796321814786,8.148115708637853,12.317196404217153
273.0955474874267,99.20603243838825,8.16725693361939,12.301834892854702
272.4400540861047,99.05281265451725,8.185077231332462,12.284982834363973
271.1398536172883,98.41656559953256,8.19880258124782,12.264139150474662
271.29317450165496,97.13358355218551,8.215408773232797,12.244119559422403
271.12639950667875,97.14296048467705,8.225736818186036,12.225365694439336
269.83019781895644,96.01694869245355,8.233260577955962,12.215619615170965
268.69579313969047,94.73119599875338,8.24045579640504,12.202423128190802
267.8824836802635,93.6066713775215,8.252036864350602,12.190419379382949
267.5540868395148,92.8022391559995,8.262793122419533,12.18419026385587
266.4269367991266,91.66540285931987,8.255367198409012,12.196136852428138
265.46135919261036,90.68988879727824,8.247555256176474,12.208197821246356
264.4977663849341,90.03627770607368,8.235457521426525,12.222564436920502
263.5316937259054,89.0670778461155,8.22822341870196,12.221584736054941
263.04907473530363,88.57588776735088,8.22417905610582,12.234682549784518
263.2121794779166,87.44845567004279,8.221194920053541,12.226969300185576
263.3756294984403,86.47731478979227,8.217353246563816,12.230900855341112
263.2173064650767,86.31022575114704,8.210945493840297,12.242025113181043
261.9290144145593,86.14311303051753,8.202605470659199,12.253135038913097
260.9674207260612,85.16914822726976,8.186925141816644,12.262196939569954
260.81134343997047,84.99907849878913,8.176059962185146,12.27931664471813
259.5268150373476,84.51107365800655,8.160336241240666,12.286033628961965
258.24343752320925,83.38102925523323,8.143602044395706,12.285569362527179
258.25246117210685,83.37594909393658,8.125554746600487,12.295729685120492
256.9684186793927,82.40505155121389,8.113635985196561,12.302521960441648
255.84130592932897,82.24346183549044,8.111036068401818,12.303297760899683
255.03878300534964,82.723805350676,8.10422290068769,12.30972613993216
254.88068455178112,81.42636230828406,8.098064838358649,12.32577246898754
254.5614196255793,80.29089935157343,8.091605166505216,12.339235047509016
253.4365460330241,80.9260310220535,8.083220311632727,12.359332872253425
253.60107577929128,79.63256894076724,8.07691472072729,12.36422582179373
252.31540687638235,78.50082743092558,8.066475374476159,12.368653833416642
252.3230074519869,77.84705329175691,8.051274223267066,12.385746398176376
252.16312207872585,76.72432088348481,8.048427651117677,12.372889984019922
251.03862184989995,76.72700717774333,8.04080316454547,12.367517395502889
249.59642015434952,76.40546490873183,8.025715676605307,12.366270627072343
248.3163653604723,75.75629173646134,8.01067835759078,12.377043518228849
248.32229765151578,75.43497059935234,7.998813775503818,12.376078509644163
247.1982754140832,73.83610660486353,7.995730784951748,12.35791011945441
245.91669661907014,73.20488497408451,7.988783726590225,12.335301056818583
244.47938243413424,72.88749990866762,7.976172412024969,12.328462368888589
243.20124194021525,70.81008767640509,7.968541008727615,12.316929197818766
240.7984690167492,69.37839872346369,7.971291140383304,12.298629674535709
239.2024257263545,68.26022738011397,7.963819363638893,12.295281510961436
238.41050817387804,68.26389204395414,7.94875623469937,12.287952183281098
236.82046059432716,67.46800757153206,7.9346947704381305,12.282642816443758
234.43499379117947,66.66703638174663,7.919142965575209,12.289090058961838
234.2838697886555,66.34062929652151,7.90245593973004,12.304034167625806
233.01318674615666,66.02459249659184,7.892780171559144,12.29834730419302
231.74283395559513,66.03094553381678,7.8844336740409915,12.28564122974313
230.47137377653917,65.08695211052645,7.880961364115753,12.263833575295918
230.15879731846653,65.09117466074305,7.87029204021612,12.25538847486272
227.6236203775049,64.13812441352547,7.858981768739709,12.255864911773001
226.83177746486234,63.19115081129522,7.855563042306515,12.245286654171583
225.40493106985468,61.92890541235983,7.854423869888188,12.232149040990222
223.03116141736436,60.82387347892184,7.84717517118457,12.223311839480198
223.03276870667,60.98941818031285,7.84396059257328,12.208952810233633
221.76768958643032,60.2051096270089,7.8424443916557545,12.195273390968465
220.35277583215054,60.6762152129865,7.82622831381185,12.201743414481102
219.09415836377977,60.67380917416272,7.81504702530071,12.20655549212866
217.8364556426036,60.672364060891944,7.802959936635439,12.20944571867021
217.68626929877738,60.35164644435114,7.7875558569950005,12.219327417166065
216.4299875919426,59.56353412512905,7.774786223706137,12.217218901261226
215.1736418889298,59.726092929012665,7.764119894637051,12.20752101038082
213.7640240114893,60.195025203146685,7.747513028951843,12.214937335634858
213.6117174830764,58.78094131692868,7.737200320254245,12.208773218360374
212.2033574020397,59.4088280497737,7.721990106028727,12.211635475469873
210.4820093755945,58.61816921384723,7.705783137923286,12.220724501415608
209.54522182306172,58.462547987498546,7.6935008718742335,12.217657392260536
208.2964922946454,58.46249449106846,7.678510898358592,12.217764385120697
206.8920323990096,58.14503451985493,7.663187101197255,12.22507464122932
205.64496129329257,57.82708414436017,7.648077676924491,12.233662483292155
204.24088721196048,58.291647541313274,7.634448444436833,12.245128154436559
202.83814301976133,57.18924471417065,7.61867596945909,12.255619806984882
202.0624705987323,56.40555731214675,7.603195740977324,12.25616954049281
200.81798113919248,56.55839278025721,7.587281385926537,12.263610263538181
199.5693787563223,56.56567817885903,7.580848964867273,12.24903946633453
197.5453858430241,56.875862545615405,7.564690527774248,12.253923696466323
196.3023340483491,55.782446398203014,7.551380162009465,12.253768780565718
194.74940599507477,56.24844636352666,7.535243869548349,12.25836656962137
193.66429966767157,55.7868659922529,7.521488894371299,12.245541185033112
192.4259203542481,56.252453243635124,7.505690930753484,12.249075403692968
190.56228425992722,55.17382189925165,7.496699601654486,12.226851040444489
189.32664268466075,55.3275043690897,7.481033006673991,12.230354818957569
187.62608537221638,54.86469606654412,7.464930199772003,12.224003033560347
186.39028100068944,54.4086146572416,7.454236171677091,12.205302312984596
184.38351515543272,54.10116456437885,7.440036921524767,12.200551584761513
183.4628646045358,53.019115779054125,7.424257283508568,12.198054958965875
183.00002013647145,52.25371345726718,7.422320658181754,12.182817000113921
180.8447002363242,52.408950303162754,7.407707954643663,12.181289915739406
179.45998456631068,52.26339387233005,7.399055343948502,12.163726782880122
178.2329606385499,51.6479637375997,7.386980684668697,12.161525794940143
176.85443926759362,51.184404783508356,7.371775474138942,12.164561052308722
175.32060333445915,51.188841879267926,7.361293789052525,12.155686860789594
174.3977209429325,50.73616375828086,7.362033113316651,12.138530373369132
173.0218658929948,50.58203215443236,7.348412574657834,12.139534621229009
171.18476338444546,49.666656589270126,7.338100799768649,12.128027355559508
170.27188171211967,49.97245977310243,7.323692581629173,12.12981150882525
168.89984542553722,50.43156475744287,7.30946640564322,12.131034456527978
166.45588958157325,50.27958842835953,7.29730447519554,12.128732513546181
166.1554869251126,49.67367874947707,7.286082586297942,12.116497467673335
164.01613557024515,48.61254471265147,7.285834140998768,12.099289963807504
162.49481641121955,48.459404561367435,7.27470509786336,12.100193530256915
161.27641207471046,47.85475027381556,7.269902648083521,12.088696543961643
160.0603488557878,47.2503045061697,7.262451348038519,12.077799210308184
158.84282146956699,47.25769619465108,7.260249474160117,12.063015833345414
158.23280651583343,47.26424849410282,7.262688586696443,12.049911234441938
155.9535659537941,46.964694296635415,7.2575354918821,12.040535066857693
154.74083159826316,46.35788455410719,7.250892203646805,12.038098552265556
154.74679672037186,46.658821404084236,7.238961959429383,12.04395416724686
153.53822795142017,45.741431341230104,7.226098871439976,12.056233823535539
152.02523625095006,44.980519291913886,7.214922076023826,12.059477823989761
149.75499378434841,45.58246484409047,7.201784052549528,12.06988617475061
149.6095129038702,44.817932436976825,7.189237979521315,12.081411819054567
148.40162643435102,45.418169037656035,7.177270858616219,12.09480864766788
147.04235855988847,44.80534153457663,7.1646218893132865,12.106603779058686
145.37984135089854,43.28433987210543,7.151962793238498,12.114340273042302
144.1727901280836,44.49114051993215,7.139447180904977,12.127357035352276
142.6627024470778,42.21362009897377,7.126529408569549,12.13275817574849
142.36413871699423,42.367369127287915,7.117316313393725,12.128430396791682
141.00720018837518,43.27332975943844,7.104656768689613,12.134200200452106
138.59087872083327,42.36189121777757,7.092191273786747,12.140161622528824
137.53487750565552,42.36167163314267,7.085320763574375,12.140600791798615
136.32844408329322,42.50863228110282,7.077502805009262,12.14926509628952
134.96989952736936,41.15029728190108,7.071353460982843,12.142696638818878
133.0050591752671,41.76270126834744,7.07010908898189,12.127404073989378
131.7999706573136,41.161593152616156,7.063256818423046,12.121105652219015
130.59709449195992,40.70764244263752,7.0536689321743715,12.123254490817787
129.39395697696835,40.86059643891648,7.0456543089587305,12.11913270490972
129.09402982133574,40.566909404417736,7.042332989520521,12.10333114320375
127.285555855276,39.82197799181495,7.043745504918289,12.086720878108617
126.08160828005403,40.2798341354633,7.0430805197973765,12.074218641648747
123.82274525299616,39.383903775288545,7.047734434651609,12.060850506293653
122.917148138006,39.54071937046551,7.054424999061986,12.047969926868033
122.91730410261482,40.298316881129466,7.054113069844336,12.036133405677303
121.56327352125783,39.254425343203025,7.057772576442198,12.020492971217646
119.90863194790387,38.662568661329686,7.063567783318701,12.002937993207432
118.7068380359778,38.669389968051384,7.065933869854689,11.989295379764041
117.51026267481018,37.92310591566059,7.059176333238436,11.981920822700937
116.30946580110927,37.6320721881211,7.062666394399972,11.96446235621986
116.01110400414561,36.89173922525484,7.06026863307157,11.947324893813063
114.66350627874674,36.002879253125585,7.062097482986473,11.929467104149682
113.31757849566891,35.862887941874575,7.062716133576705,11.910423402699992
112.12347209384603,35.27445088748456,7.060918764420811,11.892292425079198
110.92778778648936,34.08827453379353,7.064697170105957,11.87705492343302
109.88140605097284,33.79828438989344,7.069469414802274,11.86046628942271
110.4762089599172,34.55159703629679,7.07233044111611,11.84442455186922
113.74743262750651,34.70717408997645,7.084224761544167,11.831195065219308
117.32697957138663,36.944216944311684,7.0754063293810825,11.826031516297055
121.7939508418603,38.43484461831279,7.0724889259469945,11.82178454746592
123.73142565072423,39.76765801862226,7.066177220569215,11.834445532320126
125.96207775508681,44.384887708754974,7.06992763067412,11.827765697636856
127.0086698077842,47.65630004762275,7.060180032040424,11.83288432686465
128.05563893830086,52.85637899674731,7.049056528397213,11.846800215566022
127.61531903555971,55.97657643093836,7.037002295307452,11.855263617188541
125.98465861324279,56.26957340940459,7.025969858027772,11.86424298424035
125.09790367772445,57.607945363188264,7.014877725497116,11.864402082023979
123.91324602832194,58.20386576413053,7.006214383971509,11.861550600304763
124.06717387320467,63.84113462047409,6.995415848737759,11.875184759822858
125.10269931507419,67.7103121549109,7.003909000473957,11.86085039414308
124.95187068235823,69.20100633005488,7.008558842909945,11.849536273814216
123.90945509440778,69.95097363369455,7.014971545107021,11.83418629060903
122.57000736190652,70.99744304347303,7.022704371588047,11.818818412124342
121.23033445283711,71.15304329890829,7.031778343757025,11.804314773028247
120.78111277029008,70.12221847661867,7.0403210176564315,11.78952947148658
118.55517308530425,70.86772914203246,7.043846947323946,11.781292620760386
116.78052662965561,71.45675598932364,7.035221578823303,11.789211686110662
115.44625293984829,69.68136183061598,7.03557972652046,11.782414360969334
114.85844706077584,70.71009967162874,7.025713269437837,11.799525555591996
112.48964126826529,69.22525974085346,7.019987078728126,11.804619307310785
111.45109481656569,68.4881635803035,7.022016249534511,11.796623247987261
110.12214014361886,68.92898805450237,7.012755612128038,11.80403096068958
107.90460913475141,68.78207830920933,7.003229279358437,11.801544561242034
106.72619732787231,68.48438722861499,6.99120016032571,11.804713539232935
105.2519949373585,67.8879839779237,6.98010990708659,11.813722026908824
103.92553842843316,67.29297088098542,6.969960054883217,11.820164722983582
101.71234236466194,66.99431048047963,6.959056616573885,11.825846115214938
100.23853074383148,67.4324419665219,6.949487576840382,11.836740827548724
99.20360093535893,65.95319005461478,6.94931052442311,11.838049409416758
97.87613792014072,66.83517231673439,6.942611518563468,11.84850157604161
96.25329530717146,66.24378569452458,6.934732263400602,11.848160463697083
95.07520255915793,65.35392803545322,6.925803928319237,11.854040408508434
93.8978916281013,64.91228698174501,6.915824659650791,11.850597091881722
91.98022367352787,65.21424117258776,6.911565390475134,11.837395660707385
90.65817992130647,64.03240502932853,6.899904305044115,11.840402534004651
88.29876642988123,63.150910952063484,6.8998607864736305,11.833814250501892
88.00285504601679,61.97938565793868,6.902023522060675,11.818224710184326
86.23398665466287,62.72368875666374,6.90415909864034,11.802785681954262
85.05614973943078,61.84798446903602,6.904324130174385,11.787562658012085
83.87812148344624,61.12063882695695,6.906673557479483,11.771187014255254
82.70707865421731,60.684741629059545,6.896694539136036,11.760957156249564
81.53709115293643,58.781395929047434,6.887190883662323,11.749745736966126
80.22157409712888,58.63888716234568,6.87803027958663,11.741408301959549
78.46808196604306,58.20225262932737,6.868126549585965,11.735455369953101
77.29863574927894,58.0608041129495,6.864490351404121,11.725536323745084
75.97926921613147,57.77335283231855,6.869773541503467,11.715227801407968
74.81175542575703,57.196669742455384,6.864472101711725,11.698429470863992
73.64788448750716,57.19983728475657,6.854620798719598,11.692094386261623
72.33615204846562,56.33255718481762,6.850657890729747,11.675036062090903
69.85635433650378,55.90345435418409,6.852826391624943,11.65840167811763
68.68746987155906,54.598780389061574,6.85938701304611,11.645140261335833
67.22745602243178,55.188073447995244,6.866274622467812,11.63181017900163
65.04041821108684,54.1760325901288,6.871878580045558,11.617271784348866
64.31016627446083,53.746870422965294,6.876838217438114,11.602269577160191
61.98151392346126,53.60873623232725,6.878650670756953,11.587569692893746
62.12933303265437,54.92179371696447,6.873791084178803,11.578462409891989
62.568088397098045,58.556222784636745,6.867958528639188,11.573589052445106
63.590109131843015,62.47557136542925,6.856626795746149,11.575343732019563
64.89726045695456,65.38534475393287,6.854310196958926,11.560210402647535
65.91196249428789,67.71350822622315,6.854586387774612,11.543152636312369
64.90303754881326,70.74985857777,6.844513948809627,11.554218922961372
64.0329894702901,67.86057897023522,6.846423092044019,11.538821425324487
63.023671185312125,68.15634448657826,6.838563879297627,11.526289187696246
62.44937330325568,68.4492601135893,6.830448548346249,11.518813481206289
61.43987551985374,68.3122315034584,6.826950717597131,11.50394307324622
60.290764901861316,68.02673500558292,6.816011019396327,11.497645835450752
58.997275253270054,67.02291833736302,6.807708856862542,11.486726925444536
60.150912001312165,67.89281156360467,6.804912492191577,11.475298321521189
58.8563287887905,68.18582725087643,6.803512749729996,11.46494831753433
58.42269389811339,68.19282838599143,6.807797570459654,11.450946047304306
56.26398208827295,68.34361625974175,6.812353789272111,11.436894793194902
54.24954738397626,68.06302301868202,6.81774700106163,11.423298961485239
53.815579433936925,67.78242028360695,6.8238464385631605,11.409946789917274
53.38220150304491,68.79408263228635,6.829056068364143,11.39689663385229
52.3761955531548,69.08851662538477,6.831545162544127,11.382178020684085
54.3880013991277,71.38915466476949,6.824477346025231,11.371237799545382
54.39092879844528,73.68685391211994,6.8186225473900794,11.361626800926466
53.96632842981556,74.68526939076163,6.808719282400442,11.369371848890918
53.68430871314853,75.40309510715052,6.800126555812353,11.365300815918525
50.68239568474041,74.40538840508067,6.7956634407673935,11.357951162771144
49.68487790733375,73.5526861092446,6.789238880877325,11.347818513268914
48.547507227385,74.40937542035277,6.778687071413802,11.348409768073353
48.26698186353797,72.12904125154901,6.7687553123056095,11.341218211263026
47.1283346395125,72.13496562089924,6.76433334169146,11.329369472562561
46.84554892723389,72.4222426857527,6.759981562539985,11.324738546564335
46.41628837317156,71.28915505654284,6.76404819926478,11.312368547917705
47.409997487984946,72.29179469674688,6.769541266840438,11.300000564712052
47.12219955165306,73.00925951408495,6.775918571806242,11.288117349280832
46.97671400766206,73.44228139719995,6.782350470413148,11.27569115117611
45.97832337905413,74.15978215021416,6.7878990951606335,11.262998668339401
45.69273355055728,75.87314467788737,6.790348025024752,11.248657975770518
44.9814090686382,77.15836346821807,6.792039437396119,11.235943987749351
43.98952028588605,78.44150128486505,6.7876125746429326,11.225931190786408
42.8580707025315,78.16088433829134,6.780082349813875,11.219557736049293
42.720620440518445,78.44683445125266,6.771402698090198,11.214817861626234
42.441852410865465,77.45729388566843,6.76221533383478,11.210367010329831
46.40546974005481,81.70435752907912,6.7628716175117995,11.210408589996744
47.1169188613861,83.5432012458399,6.75572699093656,11.213680558302258
47.544087697158275,85.52718564085312,6.7506251840207305,11.208812469875614
47.542196358358225,85.95533651673033,6.754407861620828,11.201267472591297
47.39866712446595,87.37459870168185,6.758596537367151,11.191441023070565
46.12268596426174,87.38033156032832,6.765419541540423,11.179975305777626
46.12040356901538,88.09335550584957,6.769984332033141,11.167611120097582
47.25050428857588,89.37059323807954,6.770809806406163,11.156790933318426
48.51980421325988,91.49409193157267,6.774527678814129,11.146989749292107
49.79157809966827,94.18294758570893,6.772539040337148,11.134792169070282
48.66770759528643,94.60531533736865,6.7628528894561715,11.136591850617602
47.68510921235122,94.74838631564793,6.7537608910456095,11.13249114609918
46.56150628511823,95.31128992525983,6.746362993961833,11.133985802650274
47.411189543014444,95.73202678633852,6.737331382460523,11.137679532638455
47.412628998294835,95.87395671353902,6.7344524718997425,11.13544448422351
47.55641598902755,97.9895050964763,6.728420881138149,11.127483578906482
47.55963873315496,98.27068516052877,6.721975392883326,11.127764384776022
49.66739451935678,102.21156620084895,6.724693934348559,11.120031850024242
49.245533397898896,103.48007888062004,6.72498031456889,11.113314078568367
50.22697750061348,104.18849010095963,6.7294365840887185,11.10173769142421
50.08761785091097,105.59846319631683,6.727205050664739,11.091299828999704
51.070728597205914,105.88385923853556,6.726276464560726,11.082020003558213
51.352390984347046,107.15253942460733,6.724153522861834,11.070067878039866
51.21571622364089,107.71276777604913,6.717117763344389,11.071152298875322
50.23837758070592,106.87032351226665,6.70981898695523,11.074347058789652
50.80129351370177,107.98876915405738,6.704813282004325,11.079108097289769
50.80292524381567,108.96945145025056,6.7015498217765215,11.079095796597063
52.20527611241005,110.09149168817656,6.698224533596796,11.076116479952303
54.30828389371815,111.77149386764479,6.692756098673867,11.076549823170463
56.41048304840303,112.33159802069065,6.687611068960425,11.076142391653782
57.66901510457984,113.87545601213843,6.689258224298058,11.066851291491991
57.52770299497846,113.60016791468591,6.6921372721094725,11.057937143614339
57.66604841905782,112.90699875758634,6.695106499480407,11.045975080165231
57.52569009817107,114.03069522769941,6.696292458952922,11.03482759834697
58.78157253041889,115.01465371406434,6.698976942068528,11.022593451536977
57.80276848657134,114.88089819695861,6.701870827136485,11.010859599658836
57.93980500789602,115.02618501675285,6.706915330352142,10.999403505935398
58.07817427397073,115.03242438894202,6.709207585589664,10.986924761557043
59.05303262157753,115.03721932456415,6.711664723740904,10.97733489031279
60.0274735346485,116.15727027435705,6.714238508750229,10.967467974899854
61.14125569755444,117.41520952609501,6.716070613880281,10.959660456233598
61.97494141503184,118.66914901196888,6.720227968725239,10.959074669185506
61.2762761256317,118.53216017479468,6.724310002213188,10.95440263447143
61.13648443330657,118.24773964233613,6.7252448623908005,10.965946650443225
60.995872296418185,119.22130021927339,6.727631103636894,10.97069172428336
60.29673227262764,118.6661595208021,6.731162052796864,10.965173842489023
60.572939647455485,117.8335140254268,6.736600461335459,10.956905358656778
60.710238301733995,118.25343913355107,6.740897368430888,10.953737789365567
59.7336011970678,118.25819595673238,6.741736715482657,10.944224143002955
59.59292857992522,118.26373985418087,6.744291662673345,10.93313634810596
59.7334887929965,118.40625600128747,6.7418378574447235,10.926770674806699
59.453907274390666,118.55065667629519,6.743942317638212,10.916498613300373
59.45186224233017,118.55502923718278,6.7480323817592005,10.907753491525192
59.44940209912279,118.83845068638904,6.752952668173962,10.897606098155995
62.7882962462522,123.01745082245631,6.753839834633601,10.887950151919537
62.787906635884234,123.8562203750285,6.754619055369529,10.87929737967875
62.09515181782256,123.85604592501944,6.749975844432913,10.879646279696857
62.648845452129095,124.4141247931012,6.754417944475509,10.875317912189022
61.53455706756894,124.41793615562959,6.759256873395684,10.867695187132233
62.366097995134105,125.25611148249281,6.763780088779819,10.85894960392025
62.225400626728835,126.09416136217155,6.76729598195006,10.850122906404636
62.08670141950089,127.20586074941141,6.76688915865124,10.849166033962545
62.22572167641642,127.20994144529011,6.766632591980576,10.841004642205137
62.225642411896395,126.7947513201866,6.766791121020636,10.838415011019675
62.22530013539489,126.93610803535111,6.7674756740236495,10.833321859446121
63.061200626057264,128.0447351409819,6.761005188440052,10.836508309172746
64.03518561650134,129.01867930049065,6.755491969805279,10.831076752408661
63.89731557184044,128.87899493348718,6.75391320651047,10.833126633799015
64.86606546148434,129.99114915973078,6.757674940430429,10.827402767834913
64.5897577490467,130.13210545833897,6.755689646148242,10.822790530197281
64.0387063181175,129.3007671129337,6.749003214120473,10.82228328017855
65.01112414811097,130.68725902611328,6.743704756943989,10.820066886405744
63.491128322705826,131.37876224363578,6.737204123324501,10.821829671556149
62.245991771696595,130.6871988386925,6.735641994458865,10.820603575395957
61.27965630497941,130.68936206968172,6.7305329174041075,10.816277113417533
61.280176583733564,130.41514288375586,6.729492359895796,10.8113670628873
61.28354703135559,130.82742349611019,6.72275146465175,10.816553808662972
60.3181377474207,131.5166406062451,6.7177418087339715,10.820854033955685
60.59676415435504,130.54692087597823,6.713542987851486,10.824604519037804
62.532373360936234,130.96141991854074,6.7134997257149935,10.82514396627542
64.47024382146951,130.95886551442302,6.709037458776412,10.830252774510907
65.57828132461835,129.85192097146518,6.705133680980473,10.831970631924847
65.44316112365959,129.71012443449774,6.698892815660727,10.839082438622455
65.30825446307134,128.6001720765734,6.692223325733403,10.84712466564035
65.31033754556175,127.76841126532571,6.688057160752591,10.851699863835178
64.62096792432352,127.62777733042098,6.684349121919502,10.856478277382697
64.76043631949749,126.52383898591219,6.681910966866232,10.852365884042921
64.76333931198027,126.10789470941253,6.676104981900653,10.855067976875485
64.76622518484635,125.8320365866827,6.670333236168529,10.854108422520776
64.49312687821669,126.10746041565179,6.664078298141115,10.855712315869303
65.32351456874609,125.28147838548102,6.6601671123885,10.850812180904585
67.39676985095821,125.695654781899,6.653717996517621,10.850471677779328
67.3997390775174,125.42485146704539,6.647779543399262,10.840298720893314
68.91957072806028,125.7016803979129,6.640114509706004,10.837913271411493
69.05788972091374,125.84505998273028,6.638947062818091,10.826624640595705
69.88232053665216,126.26385835646553,6.6417711266134685,10.814870740761306
69.60629070321149,125.9948285541119,6.643526962763104,10.802626514736847
69.60645857499573,126.68853839508597,6.643191219194633,10.790193777862513
68.91992233463908,126.69521293294018,6.642240681255346,10.776844702154076
68.78263311832441,126.56440633603566,6.642231508173456,10.763870290251923
67.95884691916804,125.88442643800974,6.643450986933529,10.75186932000987
67.95737384947037,126.02637434187243,6.646397126328851,10.74220562624534
67.95659364633752,126.58056796669437,6.647957532594557,10.730364131855957
68.09262010309958,125.90144547963041,6.649889130989384,10.7186865463891
68.22917679866669,126.45525093340477,6.650617040290323,10.706440840580944
67.54635574654183,125.91428469502016,6.647913349252398,10.6936966811201
68.63906136799785,126.19308123492087,6.6499540790912,10.68296659450635
69.731019265227,126.1987728597177,6.652472932347035,10.671583344912673
73.00751116789456,128.25302750112797,6.655698095354024,10.660704667305932
73.00563691333382,128.25829159720402,6.659446604475508,10.650176475153858
74.37025531687546,128.53696294764723,6.659915244019207,10.638774863592783
73.68550383125587,128.2690553726884,6.665385226587592,10.62897681804215
73.68313284012984,127.31934441877071,6.670127208839647,10.619140148582138
73.5446779229524,126.64271058757268,6.674354104376515,10.608993116888035
73.40682984194902,126.51163772043233,6.677449026255482,10.598537611040975
72.45438102408737,126.10542227479162,6.67487637125779,10.593481234870556
72.17970998104076,126.24575369044142,6.6794662705765155,10.585194496958234
72.17633984810365,125.70519691665426,6.686206536450714,10.576994031040636
72.03799161267709,126.52645251963004,6.690584569752273,10.568393450398542
72.9901549263354,126.53100395299137,6.692095205589777,10.559290583675889
72.85447797557848,126.2645138579865,6.6912985524416175,10.547969664361595
71.90377233512214,126.27024714670128,6.688945980069949,10.536503086932042
72.99083133866604,126.14008826514242,6.688856332849626,10.525067305066315
73.26115863970841,126.41692457562496,6.691360546050457,10.514553499386803
72.98740424538146,126.01467131036915,6.695943603445432,10.504671433010067
74.07180678496808,126.83433431040552,6.698265274760078,10.493690495803207
74.07500518155346,126.97367033164986,6.691868481589299,10.486282562904805
73.94176935605377,126.57080843174049,6.687295608643417,10.478872790887678
73.94182392563118,125.49289614598119,6.687186469488583,10.467852390999967
73.94208511032681,124.41549108903585,6.686664100097325,10.45716376352188
73.26982258558171,123.46744575564702,6.678603635757382,10.459634710937337
73.13847605191762,122.65393381116264,6.6708779780831735,10.464146249891824
72.19599040586544,122.24540236134249,6.66335189457664,10.470138845698898
72.19923312036303,121.16238624084068,6.6568664655814676,10.473607126267522
72.47040154185885,120.89269257831138,6.6550568293768615,10.472467244539084
72.6082015989312,120.75642944733985,6.649672622715653,10.474777598998617
72.4733857822461,121.56853618961605,6.649144191702812,10.471524500744545
71.66252208820265,122.11306009185901,6.6502592447329505,10.462884919629797
71.66093390150057,121.30719292045731,6.653435618137097,10.454676722885312
71.79296622841238,121.44654218747154,6.65929097529719,10.445898199840558
71.5214336688354,122.53083294184576,6.662583936763623,10.4364053218423
72.46548293326269,122.94051603755452,6.663072594965436,10.426433639163232
72.33258155418532,122.67467106345319,6.659219564102115,10.418812009329757
71.79638751089537,123.0841764917332,6.65370443354894,10.40822856561956
70.58838080227763,122.14073567652503,6.646709935481186,10.410548484133415
70.59147331205534,122.00674527400128,6.640524915925766,10.409388903954275
69.6529710069014,121.19941635878182,6.634398417917882,10.409934355836803
69.65329380334079,120.66562892313571,6.633752825039108,10.401814042415207
68.57901710014164,120.80324733243116,6.631983822259735,10.395367524971505
67.50619243155631,119.46242233554217,6.628327877163277,10.390385915915603
67.37243502732694,119.86292843760936,6.6273163182353825,10.39495281394114
66.30065930357947,119.32732528436492,6.622241373684557,10.391845924407114
65.36359921485642,119.19524569083941,6.617240130992017,10.387559194295434
65.23224055632367,118.65816621567478,6.611660489811788,10.388530311641796
65.10124341984296,119.59849327147302,6.605437121014797,10.385399692354216
64.83639451579462,119.46256122679193,6.599003842645054,10.389198238483166
63.76633657604743,119.32817412401911,6.595003694154928,10.389957940530726
63.23144600977817,119.19471356357155,6.5929505476277335,10.388920491659444
63.234440976703404,118.65837060819678,6.586960613777262,10.389973149206222
63.23723185947716,118.79204669787362,6.581378848229746,10.390444227982284
63.372723568798136,118.92671160031045,6.578131720177938,10.388850713698726
64.31028378417044,117.85430956650617,6.576613859664705,10.392394701042852
64.17535262859218,117.18759953249632,6.57879076720075,10.387387750960128
63.77415761655148,116.65083650666722,6.578241167053682,10.390327636980336
63.50820590292947,116.78258238366817,6.574781309036507,10.394517525609052
