163.9,32.7,12.4,11.8
163.58466155398463,32.21497639428365,12.414799020913827,11.770047211432694
163.96270961740922,32.03630508679869,12.426457016262997,11.74351276530348
163.9581294709571,31.666296454111222,12.435617309167252,11.716256442780058
163.9554511027662,30.340223676317912,12.440974045548991,11.684984342490381
163.95367553179022,30.542898513890187,12.444525187500984,11.662564246095272
163.95162496800305,30.745033400631307,12.448626315075352,11.640921252977417
164.14179534757366,30.37743207031003,12.45063052227312,11.611433980941982
164.33507910631482,30.58047115925695,12.445967434260744,11.587260232518085
164.14914540305028,30.59239542759507,12.436390928562302,11.563411695841845
164.53619984996982,30.607637691770975,12.42410449019749,11.532927167490026
164.72150898223038,30.60981724026292,12.433715778227455,11.528568070506138
166.04700419529405,31.756675751062605,12.444901613815038,11.516716416090995
165.85213111223467,31.76301104233805,12.454350899297522,11.504045833540102
165.47025008209368,31.7641070326911,12.457628262226551,11.501853852834
165.65892061371213,31.767330280532782,12.460545930493325,11.495407357150638
165.8483168790233,31.76598618331785,12.46195463709687,11.498095551580503
166.04234032266885,33.290261162674426,12.454174235497748,11.49167747840355
167.3734680702568,35.005226273145084,12.452207616571915,11.482118669783738
168.7029611959315,39.19341736162948,12.45222092103951,11.462592239668274
169.6545102598358,43.57238261669269,12.446843480587036,11.43417689138036
169.66474024584468,46.42742171442409,12.426383508569296,11.409156055864656
169.86278135767625,47.0089199564037,12.408582227083453,11.381002398437357
169.67945450662089,48.336056037465006,12.397686378386316,11.369577091969761
169.87474614241847,47.9747863103549,12.384298160345125,11.33772643908204
169.69655534796402,48.55405580094393,12.36420613797046,11.308608291754645
170.46061116010245,48.755745926761186,12.338857294073485,11.280918735215085
170.47178752739347,50.075623808420865,12.31650455949142,11.265100001377041
170.48433934506144,50.27519248859739,12.291400924155456,11.24020584541229
170.49651398101838,50.66471006367832,12.267051652241616,11.208069456535354
170.50809221398245,50.671803987933416,12.243895186313484,11.193881608025164
170.14526425003413,50.6791963193441,12.225631590650218,11.179096945203794
170.15667309855235,50.688748021674655,12.202813893613774,11.159993540542683
170.3535952786926,50.87604218033922,12.179740194095737,11.156175883976031
171.47207990547776,52.35503888559935,12.164853017628841,11.160958576260242
171.29453254485293,53.83569874525131,12.149757823170676,11.161158182618887
172.22932103588724,55.32304637071756,12.129960654030747,11.146110632372352
172.23832987904294,55.5134122367791,12.111942967719372,11.13478240078843
172.25128418774565,56.81004211752611,12.086034350313925,11.12409327799249
172.26430152315152,57.18485721531404,12.059999679502205,11.111183215828941
172.28102300678617,57.193246217947014,12.026556712232916,11.094405210563
172.4789200274997,57.75539032747516,11.99771178612877,11.07096433747546
172.8596757542343,59.047905494085995,11.968439960480426,11.048772701626943
172.689920544405,58.870930314521,11.94264655125138,11.037419231869237
172.7022853234298,60.33248824072807,11.917916993201729,11.032033639661362
173.80498272335882,61.61249740150268,11.897968742573283,11.021702958880008
174.72659087510183,62.89351916675121,11.873561435823605,11.00599202381385
174.73640861218718,64.35178576831042,11.853925961652894,10.994467953786607
174.5654413458772,65.62946245001083,11.833227869824276,10.977542961526327
174.39536626901474,65.45041502010902,11.81134217856123,10.973601976342032
174.2234181021822,66.0009506313196,11.79361010640156,10.957415971395225
174.05408062598454,66.00158855916725,11.771194936576208,10.956140115699919
174.42558684349825,65.99868957674073,11.749616477129816,10.961938080552951
174.25629637136473,66.55028578810851,11.727727199692623,10.94015632293016
174.26753586582444,66.921729247058,11.705248210773156,10.916823202624647
174.28074175204725,68.36295307227395,11.678836438327544,10.90677116972263
174.47193320708925,69.80643804527217,11.654926274486025,10.88758319366574
175.37911862837421,69.99629072229177,11.629501116788598,10.865666976601025
175.5656849549781,70.71936528092779,11.613406461951424,10.84766985281118
176.64105680532478,70.90024739253097,11.601641731270538,10.842402124606902
176.64538827476994,71.62358743440711,11.592978792380217,10.820629820829028
176.65087438484298,71.6332444446204,11.582006572234125,10.801315800402435
176.65978527273262,71.63910637910261,11.564184796454866,10.789591931438038
176.66666761975333,72.89067662802978,11.550420102413472,10.76999391440399
176.67455155997436,74.13995796836845,11.53465222197136,10.75126040824709
177.39070014621043,74.14780985544299,11.51720763397459,10.735556634098007
177.39720430301975,74.6867775137896,11.504199320355958,10.717182639905023
177.40185839453596,75.92984507869896,11.494891137323531,10.699864410910259
177.40413667458856,76.81948762092301,11.490334577218333,10.681900726974895
177.5916964496082,77.0018456934374,11.467119870289817,10.669089425056901
177.77395044160625,78.2403073227536,11.453946232916769,10.651506592786012
176.9016536900268,78.24910133602543,11.44431265494957,10.633918566242333
177.08362640241904,78.43266492555263,11.430779325092006,10.617203482114913
177.2573216083086,79.66495279416257,11.433320306978498,10.602147500553821
177.60886058168236,80.02527474218145,11.429702623427142,10.580963867712288
177.78421027378084,81.25696562883637,11.428336986678556,10.562918326541302
178.1356075992839,81.09378233680387,11.42358837198626,10.540261892449383
178.1255976646342,81.27201072675476,11.443608241285695,10.532390234545264
178.1238364544066,82.67280936754297,11.447130661740895,10.520981372648404
178.3011041933036,84.07194209460586,11.441241081089675,10.511883095664626
178.30390784332644,84.0775540407802,11.435633781043949,10.500659203315937
178.1319592545633,84.25645852969642,11.431391730725895,10.490989453327838
178.48339288079023,84.26175223260198,11.424359348951942,10.48040204751672
177.96332380554938,84.27006542006166,11.4215862660485,10.463775672597375
178.1398224615346,84.10278163931602,11.415915662695596,10.451016525471106
178.14231979696945,84.1106737035453,11.41092099182591,10.435232397012564
178.31281618805406,84.28773536147933,11.416629283380752,10.427810154868611
177.96943930026322,84.64207282251716,11.41003995270204,10.412478339053367
178.14723092117836,85.862953530729,11.400778645079516,10.394970462083942
178.15135697967202,85.69848429401371,11.392526528092228,10.378013525826796
178.6778810469182,87.60807295122486,11.37595906699286,10.359265347178681
178.68584638204092,88.99610947735492,11.360028396747404,10.34265156382904
179.03692123186207,90.21066543426672,11.346709763212132,10.324448381379943
179.3893455166693,91.25185433088126,11.329689436985566,10.305555318314546
179.22358726727316,92.12090643338836,11.317862406193393,10.284168761222482
180.089736065034,92.12422730772607,11.299636670971596,10.277527012547027
180.09587519312637,92.29858653418901,11.28735841478688,10.271230229443459
179.93140706510724,92.47368946374303,11.274166838287027,10.26315220287352
179.76408425392333,92.64696856597315,11.267021414360078,10.25838504470802
179.59917426620396,92.64996126916627,11.255239059441347,10.252399638321789
179.43650139952527,92.65683059328057,11.239263525399505,10.238660990093162
179.43697482527543,92.15232285335868,11.238316673899215,10.225126874322095
179.26746854626518,92.33053870334817,11.236711606220863,10.20931280004195
179.0965137768673,92.5077750687571,11.238282747951416,10.195178466289263
178.42026500922358,91.32286763118918,11.230236488488265,10.184041700611644
178.4205708154461,92.51690325923505,11.229624876043253,10.174785758765303
178.25019570540152,91.3310436808977,11.230702678248447,10.16879799025223
178.07755198883612,92.69565533400265,11.236397022950415,10.156319391472865
177.90785574613713,92.53180027952301,11.236307700477715,10.144547692561481
177.57087105036544,92.53718387241186,11.231694794928835,10.133780506783786
177.73937515093664,92.88273986554691,11.233732287971844,10.120759908884484
177.73865241672675,93.06192020177166,11.235177756391627,10.101267482392759
177.73620356524316,93.24033694196861,11.240075459358831,10.08301136699525
177.73378955596715,93.41855695805073,11.244903477910855,10.064931714565262
177.73297539197506,93.4267881467357,11.246531805895005,10.048469337195312
177.7330203637668,93.43128115282305,11.24644186231154,10.039483325020624
177.22813687242157,93.26965930403435,11.242930538466075,10.02496758708604
176.21952039098372,93.10693628069359,11.235339247117308,10.012942924730156
176.39162680145284,92.94422756061272,11.22828463067827,10.001202160392632
176.56261025833416,92.7815504319751,11.22317638524273,9.989697749340781
176.73280490727308,92.79145743157525,11.21938048810872,9.969883750140495
176.9035184770402,93.63846634518204,11.2141681421506,9.956939890807417
176.73706966332043,93.47690610383155,11.211141099888307,9.944135703806575
176.7386022546769,93.8211127978084,11.208075917175416,9.927064268065386
176.74015837443628,93.32781104903033,11.204963677656638,9.907624105296355
176.57342417699155,93.33864600308499,11.203446240927109,9.885954197187026
176.41065615182822,93.34799379276402,11.194369589103228,9.867258617828984
175.41023380085355,93.35727331198785,11.190198650767952,9.848699579381293
175.41436012275994,93.19767904233684,11.181946006955165,9.834083403667005
175.08587376947526,93.03973552696316,11.172038869466673,9.816530512385441
175.0846035527892,93.04645717670287,11.174579302838815,9.803087212906004
175.08474694507524,93.38769740848551,11.174292518266725,9.786256059108862
175.08673202215712,93.56006274891948,11.170322364102939,9.774073903698042
175.08669710525504,95.0644979025789,11.170392197907109,9.755812262728048
175.42376646883153,97.5631361972571,11.160245681510576,9.738477254044678
174.42670608527723,97.57172543387698,11.165020181958171,9.721298780804915
174.4310262727295,97.91198225639036,11.156379807053652,9.70349476142601
174.43179630019372,98.5845016755096,11.154839752125216,9.682185124649795
174.4374177148163,98.59346266681823,11.143596922880079,9.664263142032556
174.44279032687132,98.76760752258106,11.132851698770029,9.64607227430415
174.28403034227367,99.60301056648464,11.12073451933102,9.623451929668576
174.7875703638136,99.77528009381135,11.100901748088763,9.607995298961049
174.63344069517362,100.11314910041357,11.08063797116335,9.589303514167305
174.64131468968225,101.26964715920471,11.064889982146118,9.571640856735243
174.65048239619517,101.27513097515173,11.046554569120266,9.560673224841228
174.6591135235365,101.43990759985697,11.02929231443763,9.558030136763737
174.66825302192026,101.93620624340177,11.011013317670077,9.545227103298616
174.67743479839584,103.07835127920828,10.992649764718925,9.543678373898054
174.68888160657798,103.41048717556271,10.969756148354648,9.530995148394108
174.85537769669864,103.73851110195432,10.961995967990022,9.525411295364362
175.6789091356515,103.74257121365606,10.940036313984667,9.517291071960877
175.5287668276375,104.71747237248847,10.915774283382508,9.514768634077035
175.37853477786734,105.85446831329908,10.892111295694367,9.509666363055102
174.7419716758087,105.69444461921097,10.870536898387547,9.506038600875325
175.40133119475684,106.50366374876255,10.844936227700805,9.503998300784026
174.44454352192176,106.50645387698827,10.821431394052677,9.498418044332553
174.2945882366823,106.50658661944348,10.798952620798646,9.498152559422163
174.14559173088324,106.50872568438103,10.774911909409061,9.493874429547047
173.3496497917549,106.67527787706688,10.758851386796094,9.48235892434928
173.51940441757736,106.999224394024,10.740494179497155,9.476769979127042
173.52953928110003,107.00690971475514,10.720224452451845,9.46139933766478
173.5375359912594,107.01589619165816,10.704231032133057,9.44342638385873
173.5478034621482,107.02180866578733,10.683696090355427,9.431601435600383
173.55718139375006,107.02980845144003,10.66494022715176,9.41560186429497
173.56699764529708,107.19254553802348,10.64530772405773,9.408734700304747
173.57764472350277,107.35501233550639,10.624013567646335,9.401990349352948
173.74611954950285,107.5159903440905,10.604811357336514,9.39778177387508
173.75612198273745,107.5155560349085,10.584806490867326,9.398650392239057
173.92401103838034,107.66860499211096,10.566108563423587,9.409632661676198
173.93285016267612,108.62137456373642,10.54843031483202,9.405880233509992
174.10025984013657,108.94481541620713,10.530238215605165,9.39225303995658
174.42546901759698,110.05221354305212,10.512065805580919,9.390317593404601
175.06225792993243,110.05933517116112,10.501716994370085,9.376074337186598
175.07079608153936,110.3843595353345,10.484640691156251,9.356857339741547
174.92293213115397,110.23602998866099,10.465529549712214,9.338677390873709
174.93286854911335,111.18180572892585,10.445656713793445,9.332608235003892
174.78342773289478,111.65804821360301,10.430700205945376,9.321637686505287
175.2611028306547,111.50371628247461,10.415631877928694,9.316874259594371
174.79898842375965,111.5037240975778,10.400516862309775,9.316858629387967
174.96082066973005,111.66543511668215,10.389729969352468,9.306314190162801
174.49865175281337,112.29398048913978,10.376451069706146,9.29937908988706
175.43629416533147,113.54910959581632,10.374481894717912,9.286875076597902
175.43978994014464,112.93498926368164,10.367490345091586,9.267167034232264
175.1311665190599,113.25478775510891,10.36161634982259,9.250690888816248
174.36312824266176,114.34716835244888,10.34167710464621,9.244351811298017
174.68154381196194,114.50884420615823,10.326423661573772,9.231788951643258
175.62217829336794,113.73577467954038,10.307240956299147,9.226189456931117
175.63349263613793,113.89991635699256,10.284612270759165,9.207863222413652
175.48815160360635,114.05675098655463,10.265986649643478,9.203501649468361
174.72592482284097,114.5285674236792,10.245711652536926,9.186705910401638
174.8890276668955,115.15379552481029,10.227863740632573,9.169680812958408
175.05241847914493,114.54547615647506,10.208886290353309,9.15510285275047
175.21618547027873,114.70597228993736,10.188624565140316,9.141382842880471
175.38030151227474,115.01705564605295,10.1671265036903,9.132684175733385
175.54371289883431,114.25795202282143,10.146560933324622,9.119605408429265
175.09594854810058,114.26176816231323,10.124916111564845,9.111973129445655
175.10611729649878,114.26815258467047,10.104578614768455,9.099204284731186
174.9640515336337,114.12456878335813,10.083971794171234,9.081633541028491
174.97439076604866,113.67282162387527,10.063293329341347,9.072729665398304
174.9847572515348,113.67688564083329,10.042560358369057,9.064601631482262
