138.5,75.30000000000001,23.4,69.2
132.24934482178784,74.5682621250261,23.501235668742144,68.23846641398754
127.28470832178878,74.3905520277349,23.53929364476736,67.1808558908595
122.68547499517328,74.0563120509415,24.346800475661098,66.45084254072341
123.61963125941612,80.13972429771584,23.881164627109488,65.50543148664738
125.29479000159142,81.90126639488399,23.291952597732358,64.74345274728455
125.42423048014676,81.50751159203654,23.033071640621678,64.17213666687807
125.4664626508971,75.81606565037131,22.948607299121004,63.4422610866941
125.67695639504777,72.89212233058971,22.52761981081966,62.621205051190564
127.83040694164819,73.53006750257796,22.16352575167736,61.34531470721409
130.01537970397405,74.66664311333776,21.66123851059596,60.36138291355128
133.8318445765887,78.21802318514727,21.623513118334824,59.587959730739016
135.85875405136673,77.4189156263257,21.331738023150656,58.678145612134216
140.9893747581669,82.09911847099728,20.955025396457483,57.96670261133479
142.37481782773816,80.63690369279766,20.621012661006823,57.23582206219625
146.61553293857756,83.97172377626954,20.552202804708696,56.57519644195298
150.83803461525687,89.09522988876736,20.444280033570994,55.856276310924066
151.0155577412458,94.11372532712879,20.089233781593098,55.24859318073661
151.13841616397218,97.40777644735692,19.843516936140364,54.477634983768596
151.29335160943876,101.73055389872016,19.53364604520722,53.866844774246324
151.4657468090296,112.26619585667464,19.188855646025516,53.19612356970799
151.639436412915,116.99654042331561,18.84147643825475,52.674663298945035
154.46770631254202,121.77309862586392,18.70267662970155,51.94993087896982
153.97156791951207,117.20406593089912,18.604394093607546,51.27296236951403
153.52792125859042,113.20354531675036,18.412691626532506,50.642037286465325
154.23399465695937,113.43599115936657,18.06694066149817,50.177145601232915
154.3672687105764,113.66078511403,17.800392554264064,49.72755769190605
155.0510309035067,112.88276890222062,17.47491201187308,49.199502428585674
155.1481905224894,113.63479902018861,17.280592773907717,48.72393180453001
155.21317179742869,111.2995489344048,17.150630224029115,48.30400974600522
154.80694520197753,108.49632981895134,16.953427045070246,47.85250975774514
155.90499459039978,111.68644576172485,16.75641960020105,47.469551868124036
156.4967676714908,111.36042831911547,16.56330004068126,47.13116015068055
156.59421633188504,108.04824124974118,16.368402719892796,46.88139137356227
159.57234073048485,109.7013723152223,16.261301345544148,46.49970295402558
159.63638313181514,108.45027304384897,16.133216542883613,46.09970303311691
162.57526595823825,109.63411036606715,16.01121158214242,45.650615286048875
162.64026637746028,113.19091732007712,15.881210743698382,45.19113903245089
165.49921779552085,116.28070473966488,15.812864071926999,44.661120357625116
166.05140400751907,116.07961759317656,15.641194657828635,44.13059164070368
166.58790969802988,116.72630124138767,15.49010192083145,43.75914298830592
166.6362631391694,116.92211718231985,15.393395038552475,43.36751110644157
166.65181248352906,117.59367677856595,15.362296349833104,42.93078283072882
168.06366139511593,121.04394696758095,15.237168849053065,42.32690653828417
168.09955467149604,120.31500919385286,15.165382296292854,42.0077259412746
168.62970444341104,118.68832496929014,14.987695768915671,41.7306423245887
169.63436026959707,119.32185992620458,14.729137755687292,41.338949230331636
171.03025815610596,119.91110285823441,14.53237590708331,41.02547467440989
171.0866396806935,122.62337057185243,14.419612857908179,40.74233676494299
171.14040112620665,122.75281718757385,14.312089966881883,40.48344353350015
170.7611846090362,119.98365168084821,14.225461191258553,40.106341877201515
169.95134796852386,121.85789171639627,14.169049686353993,39.7100313779638
168.7625019276575,122.08178150596808,14.05285180087011,39.26225179882015
168.77154402825067,122.23437116400606,14.034767599683727,38.95707248274418
168.4040138425303,122.40354692124568,13.951844732757927,38.61872096826497
166.85665634413974,124.95162224022987,13.80020553641474,38.392101619983094
165.318031067565,127.11093152820793,13.655234579820755,38.10125993120639
163.3717292838955,124.87657738418478,13.554257303833628,37.777671207261356
163.00033690214678,124.6681904397839,13.504836008946693,37.40223903767877
160.7159497175201,125.19791330649461,13.35829077830839,37.128679904239306
159.56825662848587,124.93282605349137,13.315871102086536,36.87958579214906
158.8348089750534,125.4651588804901,13.23296604789487,36.589820318679884
157.37180779606007,125.9776033256555,13.082139817066174,36.33413857555288
157.00404350323868,131.81844669440932,13.054898960753164,36.093993467381566
154.39167374240193,132.33579809378168,12.967993306201272,35.81809712238335
154.4060675480325,132.46230437415932,12.93920569494013,35.56508456162806
152.23386087273929,130.00444433381435,12.78924107903543,35.23736368141163
149.7149315425799,126.81597188001808,12.635889301450252,34.93989516884193
149.3760495624063,126.92995604591101,12.579138290183307,34.71192683705607
148.31606815338637,127.0627353384418,12.50853045007396,34.446368251994485
148.34619682420063,126.4334500333858,12.448273108445475,34.254798199965684
147.28963141561886,124.03348995497426,12.397782145059232,34.00626753550605
146.93336435998108,124.14021067325555,12.39361724355221,33.79282609894345
144.82920507661277,124.27975387931693,12.320699492388242,33.5137396868207
144.84883521201243,122.25178440576751,12.281439221588906,33.32059114732099
143.1398728497021,120.98872122179787,12.175982078708046,33.02801202125903
142.4832575703518,118.6626946041049,12.092148502495496,32.79034078444908
141.12815879363092,118.78207791627221,12.028049547135021,32.55157416011447
140.10135693164858,118.8894361616436,12.014777450980668,32.33685766937168
139.78779118802365,116.90193446402762,11.956296041436882,32.19818368384169
138.4725108995719,117.01898333134285,11.856670586698149,31.964085949211245
138.52025742979447,117.09962294061766,11.761177526253,31.802806730661622
138.91341774598433,117.20304345024194,11.648145667909636,31.59596571141306
139.29300257441568,117.3065281223543,11.557222499220128,31.388996367188362
139.6696729069549,116.76755403775749,11.467485454521691,31.13973729562197
143.98681447587103,118.54171581641869,11.392025107728852,30.883268657930124
145.64794775559253,118.65051440876587,11.33622534984005,30.66567147323577
148.2676932743935,118.73629392340217,11.289810558323811,30.494112443963168
150.88864955805613,119.79816408863849,11.214390657014292,30.307806863246416
153.8091116077896,122.17181145361425,11.149207672432764,30.052755222650138
154.81277875072539,121.9639167411375,11.052507741491635,29.831666529293514
154.85561542069664,120.17177047593961,10.966834401549141,29.624400178274367
154.59665693340267,119.95277599492574,10.85737661047477,29.435014374639795
157.13232172855646,119.7322694642765,10.767245356795852,29.25337764385972
157.17590057691487,119.82864425664533,10.680087660079039,29.06062805912205
159.67878984406542,119.90723087856512,10.586457062834057,28.90345481528248
160.64328709454853,120.00107884723178,10.487600299850687,28.715758877949145
160.98549704322232,120.07654717573558,10.408717451890652,28.564822220941558
163.41978996782234,122.57224968322795,10.355509388084183,28.38879499135035
163.4615927515095,120.83442678013171,10.271903820709834,28.273970076353137
165.8641393187418,123.0055639990986,10.228671170629985,28.098323562255988
165.89720577222312,121.5770507162047,10.162538263667331,27.99580438517665
166.2233508048988,119.87950629757164,10.099473566159986,27.855541015378297
166.55997861109645,119.958440791412,10.01227014485898,27.697672027697568
166.8911054336926,120.03799792669105,9.932201868857177,27.538557757139483
167.20905140240222,119.25682907917854,9.874740223966416,27.3656045745791
167.22760934485885,119.33094666724077,9.837624339053173,27.217369398454636
168.67637901796377,119.1404810562194,9.800440528364419,27.026229513393123
170.6857420855846,120.92335511319965,9.762154471970689,26.872287181302276
171.2768350270254,120.99979669843384,9.71139746735194,26.719404010833898
171.0026369201947,119.37697631795389,9.697210729996629,26.58954706569356
172.95563516610304,119.98470627955305,9.714358500608766,26.494985503189117
172.3599921342018,120.04358000568405,9.786855368543147,26.377238050927122
172.33796559836486,120.11324918692829,9.830908440217062,26.237899688438656
172.33382830821142,119.90655595744303,9.83918302052394,26.093494476836792
170.3987415261402,118.03743522157404,9.8183961915583,25.940775555466708
170.4059106890441,118.11352685660707,9.804057865750499,25.788592285400664
168.77333749628139,116.2566627083528,9.764398457231422,25.646713822190545
168.778455523892,116.32194927489824,9.754162402010202,25.516140689099664
167.43415712929675,116.40723717475765,9.71299814812184,25.34556488938084
167.17590026076286,116.75291173162675,9.68677502487607,25.196952635956258
165.3218656865439,116.82432453099757,9.614077798419096,25.054127037214606
163.75747934757712,114.99580088902167,9.522490166353348,24.954087292833893
163.5172369414651,114.53123293660317,9.469352502898598,24.815978246313136
161.6892775894561,114.34376256675296,9.410642367509134,24.660257723241084
161.4515417458263,113.3488102293738,9.358769862190654,24.540785627686777
160.4198457062408,114.71241318715634,9.323458575731593,24.436958919159174
159.13627865812305,115.82907609359803,9.277925292004177,24.293767010246146
159.15990599754792,117.69970750354331,9.2306706131544,24.189956575956984
158.15307476723441,116.21058762911805,9.17522078652494,24.064527893922826
158.18047934075526,117.03165369295573,9.120411639483294,23.965772069703576
157.9466173889161,117.08474073189167,9.076098146775001,23.85959799183169
158.74559250819152,117.39094690517594,9.007242784532826,23.756883937366045
158.51569699939498,117.44731075703564,8.960068361391759,23.64415623364663
158.03251679326064,116.75403347978147,8.91746948890086,23.517271861015665
157.04759312454922,116.56940135090841,8.879830393279832,23.38466451050085
157.05943357956164,116.88106055861215,8.856149483254953,23.26061648201035
157.0605985591375,116.6879162847023,8.853819524103246,23.149859560973802
155.57595120347963,116.73548876357737,8.850721547702982,23.05471460322366
155.31564283660546,117.02929055273341,8.877374227962312,22.961075078400537
154.84076640874264,117.08498528006454,8.840951671789334,22.849685623738278
155.1159317221014,117.37839112049484,8.781436523301021,22.753689421106888
156.59602257032498,119.14433727185734,8.751353643732077,22.640245738073162
158.79465365214006,119.92779940251796,8.72955133415534,22.53180809476971
160.7492169244114,121.16157230920078,8.693996857900272,22.485244824083786
160.7782784552107,121.42448806906572,8.63587379630168,22.442293255802035
161.9983039839056,121.46019023780306,8.601864301751476,22.370888918327363
161.03846234841228,120.76829871424225,8.60331031041588,22.315994018707364
159.36986244266507,120.34105207352772,8.588982382863044,22.212907946122858
158.67415149346334,121.34663000659191,8.549294616039488,22.109898300297115
158.68302814040138,121.39460903835034,8.531541322163427,22.013940236780257
158.70425135037266,120.73669586925044,8.48909490222088,21.910420923719123
158.49302027163256,121.25615429951847,8.440708615674996,21.813200951235093
158.50585127333105,123.18885531569421,8.415046612278028,21.696325892256876
156.8880155251774,124.87529196136768,8.385861058350859,21.58830965114442
156.9047584669861,125.16302805197894,8.352375174733462,21.4771527528737
156.6952693496532,125.91157295454016,8.309254117934232,21.36636082214635
155.57087713024254,126.44031644958346,8.259464127672118,21.22830360369313
155.56663970824553,126.95934526863417,8.267938971666108,21.103875502121706
157.37832084552406,129.0668790865194,8.285873876740741,20.985267193436858
155.7805410744641,129.11630586876151,8.305090622929889,20.886413628952653
155.99843569648053,129.8206194067633,8.321974521152724,20.835805979716067
169.33201554684484,126.03205428433053,8.337048038225777,20.72483512792686
169.08747210663745,127.4319339385172,8.375235945761506,20.630469656827696
170.87043996571174,128.82296335095708,8.410992371976386,20.549679940220553
168.60440400686596,130.64739047258823,8.446299962025822,20.4982371590719
164.53249239171146,128.66775184113635,8.498055629599152,20.411480640607795
162.94392877785944,129.39131909199767,8.53063881102804,20.312007873003104
163.85839489943783,121.4943045716884,8.495115424422094,20.413709418802085
165.88555658118733,121.46459860497045,8.483596920514586,20.473121352238003
167.46657801998273,127.02778624804482,8.470576448149561,20.59325465618142
169.27368142615782,130.37712880251254,8.467386449601563,20.665226073125048
171.54974832223874,129.42516814844618,8.438930426085959,20.75967627379929
174.0425910821909,130.9809626410303,8.438803486645778,20.820715476199155
174.7403985537793,133.65513897266396,8.405543270985726,20.921781722998745
176.7953912452386,132.0198036483123,8.39047914551399,21.007513615910053
178.84102390651995,139.06252817750516,8.402914830742299,21.057034695471163
178.61253726276834,140.6000225340497,8.40297839463811,21.18041404763396
181.82260781786368,142.1430717692447,8.404682300383424,21.305238085211936
183.89601122336654,143.6894022051961,8.402794006054009,21.436402726279674
168.4347079458334,153.11473107245303,8.343497117346036,21.54482023347841
170.7813590060232,153.99327092148394,8.279400944230602,21.63942291432219
174.5173229460359,155.10757589346449,8.217630468406556,21.72648715917412
176.63325108284383,156.68539644487637,8.155285687848687,21.813799439839855
177.12937135349875,156.41005322723493,8.089872729876298,21.901072083453972
186.89280473313923,157.5199652557546,8.029567722021254,21.998695853965312
192.48890868435225,154.9227859525339,7.96867699138292,22.09120075667076
199.0173279290976,155.0981440047196,7.904758139753653,22.204517496508693
206.01542029826754,155.05158456924576,7.843665884053833,22.297636367456327
209.7633588602869,153.38663214625737,7.783476645173786,22.374427763676227
215.370112857845,151.94344936989648,7.723644756519977,22.472374289782387
222.6082081446043,150.27519678478043,7.664042972750623,22.553520701038835
224.72957816981432,149.76091799055985,7.607435135404074,22.651826686574807
228.25091227488338,148.32625806718363,7.547262141781354,22.72814844672103
232.9328739081359,146.67148235789307,7.493129330884577,22.77927320583925
238.54361323630175,146.15750830469364,7.437088687972834,22.876768144453113
243.92755594379167,144.72088666735124,7.377825495506746,22.956457795873437
250.94066782938967,145.36572318482095,7.320817577226112,23.06370634622554
260.05964237677176,143.92851601128248,7.261672424155656,23.14138162534957
269.8794773482726,143.17128829447796,7.199878075779703,23.25741737362823
275.0332227191434,140.80774825004414,7.158779122269095,23.317955740572735
275.7611384335704,141.223602957822,7.103217041191827,23.41975922353485
276.71281130447363,141.6623574680727,7.068584238178354,23.47660667242999
277.66885133149117,140.9280710516208,7.0258858580181505,23.543143249927677
277.9148373576644,141.1405114883245,7.001413383419853,23.58576195426842
279.33401379225285,141.58321453873242,6.968968738496495,23.63565859487043
279.3465638853499,141.0846280344669,6.943868552302436,23.6973164485336
