142.7,100.7,17.2,48.6
142.2452554455125,100.28260450292525,17.109489108974948,48.43479099414949
141.80981018463726,101.35558101467616,16.969588354466982,48.31042052316465
140.40263716313484,102.39369178077438,16.764606482238868,48.247084267790164
140.29665725908305,102.35956908000135,16.976566290342458,48.31532966933622
136.75936823203602,102.33445144583231,17.004657932498002,48.36556493767431
136.17356723088557,102.32040170048245,17.168381593065437,48.393664428374024
132.6216014615382,102.80218946783054,17.193399570503885,48.44136225957158
132.6063506380413,103.23524835066927,17.22390121749765,48.5876623548491
130.01907204665278,103.23526123334912,17.323035992271073,48.5876365894894
128.42213958549908,103.26601155725797,17.466222225526305,48.52613594167171
125.24777077447476,103.28949538851924,17.703268064166934,48.479168279149164
125.10687019512187,103.27864991021268,17.985069222872696,48.50085923576228
123.56929203371632,103.25105546461978,17.97717849170796,48.55604812694807
122.53322231038244,103.11296502224988,17.992643484261325,48.83222901168787
122.41394436445329,102.5649769822485,18.231199376119637,48.8955942390686
122.329902140283,101.46000181769381,18.399283824460216,49.02983342973921
122.2346138658279,101.41518733137201,18.589860373370406,49.11946240238282
122.22444548283109,100.86325898790591,18.610197139364036,49.1757275904467
121.7500729613101,98.7250882886566,18.510168016324112,49.25697232461779
120.65615560991823,98.190431224507,18.601723597560035,49.278146892143056
120.538289701643,98.13612863125694,18.837455414110508,49.386752078643184
117.17875595327992,97.54530011635165,19.220881506544913,49.51246887440512
116.99357612673545,96.4248170553945,19.591241159633856,49.62406606808355
114.86588742941174,93.52554968654263,19.55472094526184,50.05772879451301
114.88200868005269,91.33052125274259,19.522478443979935,50.13334039625785
112.22840509816942,90.77744163837782,19.434049232117687,50.160372349861596
111.16244560008877,90.15451704887666,19.410118302320747,50.32829656588484
109.58043356734476,89.59703472429803,19.3343583158381,50.36333319771854
106.9480800025417,89.06207026508447,19.203724542921428,50.35419393564109
104.26034156705977,88.51793544681746,19.196323253489485,50.36588794009596
103.60730954040407,88.38824372321733,19.425776051016545,50.62527138729621
102.37972428497653,88.29894551036104,19.711915909652326,50.8038678130088
102.30135730374595,88.25912100491266,19.86864987211351,50.883516823905566
102.30488752916102,88.14669706380981,19.861589421283362,51.108364706111246
106.25788384235736,88.06022672390834,19.651280629131392,51.28130538591417
110.1897759917628,87.44936467187942,19.474164562232165,51.40493402827036
114.06707279222553,86.84009702121014,19.396363244425903,51.526784717734756
116.86247312030108,85.76779314343744,19.290765705972014,51.477311226201266
118.64084899609122,84.1060584800998,19.017250020425493,51.517544486842816
120.14447375332588,82.97852169678802,19.28010106471715,51.5925510142924
121.60244041519321,82.80346230651881,19.651826400356036,51.94266979483082
123.67744064238194,82.25059050706484,19.932567625570794,51.940727973840694
124.01107779799482,82.19483325727191,20.37802552594295,52.05224247342655
125.02596626523926,82.04094690887186,20.59301517580078,52.36001517022666
125.01390419420295,81.92328841924586,20.617139317873395,52.595332149478665
125.64557331209257,84.13678189091215,20.48837203856387,52.70662903202478
125.62710567908645,85.74866657745591,20.52530730457611,52.88445650014885
122.9061658663326,86.3016761529801,20.281633057783765,52.91554812356047
122.33381369619038,86.2847032398541,20.29317352845599,52.94949394981248
122.18978191500902,86.36042897626677,20.581237090818693,52.79804247698712
120.34085843224335,86.9166858533606,20.868487444099973,52.82239426021617
119.14721570766484,88.07303402646244,20.970991066293927,52.79447974097552
118.02204361692378,89.14312775880872,20.933677769783166,52.94194975427583
115.81223969685895,89.58417141102265,20.772087377414305,53.20516200797259
115.20238187656548,89.49927899443699,20.845591903058345,53.37494684114391
114.67393419990736,89.46215713570331,20.75248837956859,53.44919055861129
114.16919578346722,90.49437644600816,20.61256741263979,53.683547537619866
113.15641901461335,91.58334873506561,20.33757939877819,53.80614451107427
110.3628580659446,91.54299120124483,20.189323098262037,53.88685957871584
110.15810148976671,91.05920079634258,20.59883625061781,53.70888095679936
114.62629289163317,91.54540151776118,20.865572997663506,53.88686945780948
118.6869038357074,91.9403317943863,20.84884323143791,54.25479349340537
123.91965685560581,91.82697394915829,20.84868696772366,54.4815091838614
131.5269361568747,92.17889712447447,20.793420236400536,54.94376220793784
135.01728358390636,92.06466717112143,20.843500276546298,55.172222114643915
137.3265926494924,92.04447464532315,20.928921726875096,55.212607166240474
141.4505804182675,92.57546302618658,20.927927902881216,55.32877064930736
143.9288398702213,92.55691850000423,20.690626340873216,55.36585970167208
145.81117844395862,93.13263421656619,20.454080397073326,55.39047200310637
145.71700585088408,93.11667005986507,20.64242558322239,55.422400316508586
145.47949425814164,93.69707915608379,21.117448768707284,55.43757001092078
145.3863409539769,95.3120766820825,21.30375537703674,55.76199816372286
145.3571196073189,95.79626037801012,21.36219807035275,55.98650584571131
145.28128234859508,96.34285429212011,21.5138725878004,56.090501909882484
143.49774185685257,96.79273111180666,21.476660274031836,56.39217936959393
143.34089366857742,96.7763012231748,21.79035665058209,56.42503914685765
143.363703379791,96.67293234835756,21.744737228154953,56.63177689649212
146.59085297580194,96.61537345822792,21.357662642149144,56.74689467675139
147.93907401924426,96.61361098751888,21.077446525821202,56.75041961816947
151.69036624664574,95.91562192558943,20.79337567553518,56.943312141275555
151.57606399368052,95.30040637070294,21.0219801814656,56.97302810777164
151.00962683231634,95.28538426751302,20.94955664021006,57.00307231415145
151.00934334044967,95.74041656628424,20.950123623943412,57.29742464651748
150.99263117747574,95.70311790173193,20.983547949891246,57.372021975622104
150.39129760882238,95.63237267660733,20.975848848721057,57.513512425871276
149.14889021138677,95.58235237806112,21.036122741848008,57.61355302296371
147.30446149841106,95.52884351521158,21.080545293441684,57.720570748662794
147.2168937576288,96.07221555534292,21.255680775006162,57.850992042371544
146.6941049632704,96.07823367516929,21.079025664415557,57.83895580271881
143.12019114567462,94.84770247743714,20.91376532255301,57.86232220583174
146.78961491589135,94.20108117516298,20.871988588938958,57.93938634257678
141.38202640997483,94.1511187533667,20.738392967091965,58.039311186169364
132.92125365940717,94.5723648507352,20.642409170852353,58.41235679838772
139.75413801930014,93.30659136829696,20.387477665523804,58.505569724271936
136.266080394163,93.25498040275635,20.068486760494906,58.60879165535317
131.41238989004432,92.47956589760614,20.083908716398355,58.94812578411186
132.0910692460131,92.54173490827768,19.943210791810603,58.82378776276879
132.21759669060168,93.18032479707105,19.69015590263343,58.758897562093566
129.94124997486605,93.89198749989576,19.416022742333222,58.54227880438699
129.9474521337083,93.98356663663765,19.40361842464869,58.35912053090321
130.47109557941127,93.4207301285625,19.552021033608753,58.28910404668754
135.03580256190543,93.28614111503202,20.00191475096084,58.5582820737485
135.66186390760902,93.7400793357979,19.959339137803266,58.859952710466345
135.70172692602497,94.20558922995843,19.879613100971348,59.14203882111297
136.33913449797302,93.60627199611194,19.82049573873354,59.124975507147695
136.27961441351647,93.06241864558417,19.939535907646654,58.99831659036377
136.19153643977262,91.33957060230634,20.115691855134354,58.79981586989985
132.5618496566323,91.40801865677078,20.084407283295466,58.662919760970965
131.41864352559267,91.41187499698623,19.945687887044084,58.65520708054008
130.22530682114564,90.75782120420581,19.9125413068991,58.753404671581364
130.17163194356752,89.1501453154074,20.019891062055283,58.3366142293969
130.17850343571772,88.73475571847914,20.006148077754897,57.96070695376909
130.13758226983654,87.49002509240654,20.087990409517275,58.04812231298838
130.56562330788654,86.82405411151237,20.43568892998054,58.17628367821346
131.01704991399447,85.87142646203253,20.74482320063872,57.657564011425066
130.76191359082097,84.76762556296435,21.255095846985764,57.44487399822127
130.6944401097823,82.19152187758232,21.39004280906304,57.73167639338398
128.2367808087997,80.0679800018088,21.413572629530925,58.30991855880797
128.29823274862503,79.86617097566528,21.290668749880233,58.71353661109502
130.9724494852225,78.99621291902291,20.883555233496796,59.21812273517688
131.1090839223066,77.65022411161866,20.610286359328597,59.43972352970174
131.1016118733476,77.39066638673484,20.625230457246655,59.95883897946938
130.32748351634112,76.86919681375063,20.9323539132651,61.001778125437795
130.17852077842915,77.19891946414543,21.230279389089027,61.60410822975692
129.9255469193995,76.2697157105543,21.736227107148324,62.18660948952508
130.2223305352228,74.83292165693825,22.436216984423055,62.47308337891458
134.59548884167984,73.34361618503104,22.8631612504939,62.83076264301906
136.49703707460253,72.55313075920405,23.03027292834062,63.088330780108976
136.57469533404392,72.44450098526339,22.874956409457823,63.30559032799031
136.66164543266632,71.58929622685432,22.701056212213025,63.68552543818767
132.08960578012116,70.16730430476498,22.515614420055815,63.86393182600989
127.41821754367919,68.72437228237563,22.534553289515774,64.08584226981031
127.99156185050514,68.47771315180485,22.723386438597085,64.57916053095187
132.6708367227835,68.92302926697747,22.78741832527135,65.03461139078247
137.77848111837474,68.89999766651698,23.402672268519453,65.08067459170346
142.06641309287446,68.13011229786305,24.38677950879996,65.25473515911418
141.77320304366424,67.38082334629709,24.973199607220415,65.36720557465154
136.99874221629128,67.157962959479,24.73368215836691,65.81292634828772
136.12878363876717,67.6764170318556,25.073129434400983,66.17648808254862
135.21859889451528,69.6855607306444,25.48162154896295,66.39383280679644
134.48287670084878,69.71932708425602,25.5306564575993,66.32630009957319
132.81492154808106,70.28163024736642,26.02193473830984,66.62400978576485
131.123772381579,70.90851717585002,26.533246324800324,66.80572930205449
130.85512130206467,72.94989013382116,27.070548483828958,67.06498256178043
132.07886381348774,73.54560571064633,27.54456068131536,67.33430001829636
137.15142638109555,73.51821761516995,27.71156141634742,67.38907620924914
137.37195517515585,73.34959050559488,27.27050382822685,67.7263304283993
141.7281366182003,73.3014728550394,27.401850796539374,67.82256572951023
141.75480301119416,74.56679400644971,27.348518010551658,68.24733754866588
141.781426157013,75.24917265594964,27.295271718913973,68.3655056737135
142.0252948439599,76.04452878095177,26.807534345020166,68.2584798770472
139.9891602142652,76.17978793085422,26.459720001763728,67.9879615772423
139.71437112815812,77.62019792757759,27.009298173977914,68.03348223486205
139.908617552409,79.57790246770334,28.094529335103317,68.53924518349206
144.78838075106486,80.22843404594187,28.838814010548738,68.73872646598029
146.2001400683475,81.08112650252866,29.04879744957219,68.5500925896011
150.76052670656384,81.1761269944343,29.034486605259843,68.3600916057898
151.5633848922987,82.72990590559853,28.943486635734615,68.28196658735038
151.75505830215326,84.9562087811857,28.560139816025455,68.36522679774143
151.67143742072895,85.69214792308735,28.727381578874073,68.39968120061891
150.38364540078143,86.47599475555185,28.283326526109434,68.34180708201976
148.2953961912473,86.46355960948348,27.956685443293438,68.3666773741565
148.20230128498608,86.32287732842087,28.142875255815902,68.64804193628173
147.84035232382584,89.69269282857285,28.866773178136384,69.42337825195114
147.8191105441985,90.2000211861322,28.90925673739106,69.93595081183705
148.53297468068305,91.0236358160621,29.01698406318026,69.82417715073558
149.29523251907023,92.47969892581044,29.02822097608847,69.98355611060396
155.4552607988505,92.4778210424299,29.014367707949653,69.98731187736503
157.9971026692141,94.7684641019549,28.544931652962283,70.02027344405488
159.07736726077408,95.28948107005081,27.914566011554413,70.50840304957518
159.2223725610581,96.6887311726814,27.624555410986357,70.76179421068719
158.5490557686434,96.66655199265527,27.446785571146965,70.80615257073944
153.75311232098952,98.14739451725521,27.907618581075916,70.88815214999921
152.92274115303343,99.85631070061771,28.037026423914796,72.06432326249389
152.84589294794822,102.65592240333629,28.190722834085232,72.66803185719488
152.97291890898373,102.71270502409527,27.936670912014243,72.55446661567692
154.61370255513916,104.22813813254035,27.76716386025611,72.6356606393395
156.28108922005873,104.27244099300952,27.54068151472233,72.54705491840116
156.45391683786767,105.05519493762745,27.195026279104475,72.53031477294441
156.56777016937227,108.81651180843602,26.967319616095256,72.71902443156654
155.19042403763154,108.06746554546314,26.640271161162566,72.67624659830523
155.21792789084185,107.66515122566827,26.585263454741956,71.94656152891173
155.20957205910793,107.98641913790141,26.601975118209822,71.30402570444545
155.23104556345925,108.47753773543772,26.559028109507175,70.32178850937281
155.30829268019912,109.73659525856013,26.404533876027422,69.30245862091937
155.22137998667705,111.11194500340426,26.578359263071537,68.03298802564738
150.8511739567209,111.11797780768512,26.523002245832824,66.55496090422717
151.533140369995,111.80420032031347,26.602575458272497,65.18251587897049
151.8503123042588,112.34766057953959,25.968231589744903,64.09559536051825
152.1698782828465,113.18077523319262,25.329099632569516,63.827164378715985
149.7814106311529,109.99269061289763,24.57634359714098,63.291219445786325
149.4314719444792,107.14197571377261,23.91512965038762,62.187192643532455
149.5325894342785,106.33326662263049,23.71289467078902,61.1383031662609
148.82728543613288,106.8602364460636,23.809205425868676,60.084363519394685
148.8190169172906,110.4027359795765,23.825742463553247,59.503043915554535
147.5797627241405,107.47262493994234,23.71907584076201,60.192915976639924
142.92609805780478,105.1570559719162,23.921569142616164,59.621290466510885
139.69247052232924,101.72659778397346,23.908691468409806,58.7060475482075
139.23875709279457,102.20179847734522,23.533632730170304,59.038131758772806
133.16565482895854,115.73966345287106,22.873985951323508,62.69644494336646
132.7924694294308,114.89814437313058,22.29869744980028,65.7011424034261
130.92391337842386,113.577147926854,21.97242523076098,68.34313529597925
126.1068271883104,112.20483323736195,21.9018198310103,69.70136784925228
120.98957100700056,111.78920211244106,22.30443535610135,70.53263009909406
117.80480512389329,112.36733642646743,22.978251917609896,70.8002902722178
113.08449248308756,113.78927252951327,23.7774936639154,70.83687924456146
112.28960883648766,113.29554784875934,23.91177849673772,70.36884614569183
107.0252142517363,113.3220585882465,24.282037274019665,70.31582466671752
106.78217626346238,112.90335793936075,24.768113250567524,69.69598147249896
106.82620904959377,114.38288301156732,24.680047678304724,69.65132713530669
101.82540819491975,114.8211133395182,24.497022692216472,70.22981315018153
98.40713758971725,114.17951203958671,24.033860169047706,71.51301575004452
97.39724920871889,109.64949703640303,24.583721247191107,70.28363596943875
96.79114903530434,111.77313665773846,24.333619734577837,70.42326230509502
94.08909164529057,115.03774160800882,23.898789352451963,72.65247014778447
92.90301449982402,114.2108612084674,23.303341480890765,74.30623094686729
92.49486808713435,113.74823130936186,22.62312738727093,75.23149074507839
92.26902337871091,110.7440903535443,23.074816804117805,73.75430506940637
90.95070515998185,109.90734503591978,24.227090345257793,72.45906991201917
87.66240739339732,113.58496072294304,24.855413659549093,74.02624686628936
88.09879032494554,113.74897484244696,25.503797363598856,75.21936819442773
91.93601833187226,116.34813989751991,25.58043637319205,76.2219141030391
97.18508566523114,115.60833243275474,26.04460602377386,76.13548555866952
103.2298236127123,115.336760084717,26.54171833801412,76.678630254745
127.7535189710832,123.32427970874267,26.79214698065783,78.19636561808852
127.61413920835915,124.28559690428264,27.070906506105928,79.50711407848496
127.70413352083747,124.61840179030588,26.890917881149278,80.48217066219672
122.94357660498193,122.43228941169264,26.50374949795737,81.55163468112222
89.85247282228408,113.67481975669055,27.96141883751003,79.15133146009774
83.47966325473686,118.46024413048161,29.144133837207328,77.83969995208498
82.24357568459425,121.59596985073568,29.961896958359226,78.18589658811014
81.1439343464061,120.42544122102947,30.48696016887716,77.17851491580588
80.96338321380054,117.97601502236016,30.848062434088284,75.40108130504436
81.38475331755349,118.64113079283263,30.005322226582404,75.72056278188279
81.84169243193087,119.60202278600848,29.09144399782763,77.07725341166716
82.27155797870898,120.24429703540227,28.23171290427142,79.07754994152084
82.51275585742187,114.8087141835035,27.749317146845648,80.014445422078
81.2290422145441,120.21113958498324,26.995937602043874,80.83241852606902
80.90004154874894,117.01386968495271,27.653938933634187,78.93522787986164
80.62890377132214,122.19845238100973,28.196214488487797,80.06783469834443
80.44948549921813,123.80718783304619,28.555051032695825,81.85839957848445
80.33299449240172,123.03658428084292,28.78803304632863,83.399606682891
80.27358365739653,122.03509667260231,28.90685471633901,85.40258189937222
79.43363521337693,121.45293814662476,28.82757537551787,86.56689895132732
78.68243942699327,123.10490643022796,28.555510114120274,88.58633288661574
77.69888890914697,119.27998281155917,28.724180432571764,90.84088797223
75.85217630351721,112.8784424506233,28.749858063522602,92.64072595317569
69.74332878148475,99.7884511136948,27.946664181268783,96.49918475334341
64.45284044306763,89.35163964690778,27.125971182527636,98.37002489429186
63.982322694821654,88.93447853968941,26.15549714201258,101.11585664573565
58.88920756438645,81.43386359107389,26.68090425842643,104.52409876961886
59.436832654594184,83.22865902561982,27.576170366200394,102.92502418871643
67.11387719788314,82.79932474881434,28.10048501340726,99.81409180888119
74.4454573856055,82.99035212073149,29.040701855523203,97.48161491285182
69.38825870156394,83.41626876809255,29.481266693646283,94.69501511213771
68.84254202259636,84.31436928644342,30.57270005158146,92.89881407543594
68.64844814889595,85.45480469406407,30.960887798982263,90.61794326019466
70.83695857422312,85.04819672549888,30.327677143134146,87.68734900251883
70.42788850713369,85.53565036842267,29.327704107520127,84.89432854687838
64.52597138232868,85.88557390819868,28.81447587885159,84.19448146732637
62.55466864538678,83.79099364323353,29.27688155810582,84.9034422026271
60.789682464698835,82.29245410622389,29.289292652768307,86.14174064328968
64.63480252042467,80.16865763676894,28.706372121770517,86.83567379197262
63.69481043013515,79.5915087045019,28.81026986053806,87.98997165650671
59.734227973962874,75.88647383064915,29.55312698899465,88.22173362032423
58.565680867931206,79.85299841472866,30.078633554281033,89.34662268604998
65.85814871956116,81.03557044513833,30.193058180674363,88.81889866643729
81.02497991231502,80.28873252711294,29.17030454614975,90.31257450248808
99.78289776402117,78.87201931174799,28.345552302506146,89.47689258724111
112.67306046445009,78.7926377911767,27.867617505413868,91.44296924293836
113.0929529566823,78.70795625321871,28.854416211516515,91.61233231885436
112.39462719353705,81.76346216082757,30.251067737807006,91.04334137458261
105.86129077096788,82.41195840690688,30.262891974282713,89.746348882424
98.77150017164459,83.68028681182727,29.67004482918776,89.0562456155509
90.6988934241611,84.46936278334206,29.383669895190238,87.4780936725213
82.91125886072606,84.30400594015273,30.576683621173757,87.80880735889998
76.4371820609491,88.35444525694567,30.753894034115014,88.830031001466
75.83462327071692,86.97856243889062,30.116638246147623,89.7394232691444
74.2860165883442,87.157898450944,29.52631986654799,89.38075124503762
74.44147982079704,87.77630966316822,29.215393401642288,89.97167635217929
65.01944702558622,89.14534318005035,31.58499426540614,90.89460147989453
64.51920735194611,90.5576962202231,32.58547361268637,91.84454107856672
65.56509375066521,91.3233710908776,32.41299989504737,92.23249041705692
68.9560386254384,90.5440022240445,31.39633851023619,91.86948536247802
69.05586809924006,89.6327910554231,31.19667956263287,91.79400548522385
68.57033082646342,89.71905384856926,32.167754108186166,91.62147989893154
67.48649040889373,90.25945189313929,32.426980834931996,92.44913791818507
69.07016413025524,92.96643856817765,31.18475426661279,94.73564806572361
74.48915665045038,91.76093001916009,31.958048525261866,95.21145194725219
64.3616998869405,91.25700631007057,30.69383018117438,96.21929936543123
52.56043055894446,91.29310453084757,30.9271740093825,98.09453582619253
51.8846926309852,90.8023065555495,32.27864986530102,99.07613177678866
60.99148084641919,89.7417900496073,32.22438765965763,99.17946320809253
70.17616507786931,87.92954542452456,32.01866418975352,100.78576968125842
70.65031384751376,86.30928093447312,33.107781577303015,99.95146880768453
66.11426837848836,85.02241244067834,33.997645420728915,100.47964902161786
67.80730964595068,85.53774757280205,34.75059163589877,101.51849313241772
86.73793702355951,83.92359580713499,34.65834123431357,102.64851864410556
108.28018995958449,84.38799540744076,35.94350819484538,101.71971944349403
116.98489970962629,86.30215401601252,35.51813418026326,104.26041928341354
111.59390770771711,85.333556604153,35.54105208619444,106.19761410713258
122.71110325729114,87.49713524190538,37.287674893526045,106.23064117826047
120.92242240580424,87.49272539696476,38.65244645157365,106.23946086814172
122.08758279683651,87.35057297199235,38.559726768697914,104.28616461889774
128.62706126418877,89.65858740186549,38.72690274387343,104.08551339577812
125.66200172985971,89.28173523891685,40.241381537184935,104.8392177216754
126.48994095272352,89.97743333507053,40.83164286129319,105.69396129920389
134.5951118402599,90.5953298300319,40.50559559590322,106.72735323923584
139.71331328951322,89.62810221183042,39.38227010539671,106.38353912363874
139.89195510431927,91.24497419751222,39.02498647578462,107.65568110435595
138.08953648443023,95.72911469979445,40.364990922790696,110.01156406365145
137.34216745052814,97.72475744883998,41.859728990594874,110.66674362203875
137.19283431612254,98.010224992454,42.158395259406056,110.09580853481071
144.43626817013887,99.1445356991017,41.81317887307104,110.18412900846491
144.38670170473134,100.1860320774255,41.912311803886084,110.45311750951134
143.7510831292551,100.49448218847775,43.18354895483858,109.83621728740682
151.29743598066906,100.98596710848125,44.69248527158487,108.85324744739985
153.00243420830068,101.78267967000174,43.66694416607277,109.64427767410999
153.3662763371147,98.23946587335536,42.93925990844475,109.59799656663212
