218.5,138.5,9.8,9.6
217.97961080133948,137.694250901135,9.840778397321078,9.595594439876097
217.95757643663018,137.69339863112612,9.884847126739684,9.59729897989387
217.93778498212885,137.695494837324,9.924430035742294,9.593106567498145
218.07891217701828,136.77138435059254,9.951986345307263,9.582463344898171
217.59944515426886,136.77522099278923,9.98069085801863,9.574790060504789
217.58488628169695,136.00333905774608,10.009808603162472,9.566516137838901
217.41568558574528,135.69580042878465,10.037474711581236,9.560122828792611
216.77608687958462,134.45014282527325,10.072392665300384,9.562879118611033
217.2318726883954,133.35789071818957,10.095815426071733,9.565729783194795
216.75203375844,132.2698183303588,10.119253983019622,9.557316185276232
216.8999646008192,131.49440942305336,10.135707141129332,9.546559785546581
217.0491763319571,131.18446329607008,10.149685853267165,9.541647690685854
216.8882461338307,131.1858522996441,10.159002378790333,9.538869683537815
217.03886289729436,130.09449209860205,10.170415054467034,9.533066667393756
216.0971619726968,129.78834830554354,10.17741821146371,9.51988802277802
216.09101402961153,128.54537493441984,10.189714097634237,9.504774911698675
215.93129483430067,128.39335964718944,10.196568382536785,9.49622138044031
215.9283703225003,127.14477311152531,10.202417406137483,9.492954364822458
214.98620955724502,127.14699021330588,10.21117055928053,9.488520161261313
214.98388419853234,126.9931095093577,10.215821276705894,9.483620142079618
214.66710713971517,125.90123462144193,10.224063211706703,9.478777278694086
215.1299023320162,125.90161278754643,10.236597249765156,9.478020946485087
214.03187003700828,124.97028439476283,10.242409768303247,9.463318813642823
213.87915500939357,124.66005993714793,10.235090936798741,9.458269955404589
214.65771211869622,123.41268722135902,10.24074108993462,9.452592392196552
213.55966760269888,122.32516696986929,10.248975355822758,9.439778129069534
213.71109994553808,122.32980121827167,10.258585298194602,9.430509632264783
212.92571942677444,121.24122216932875,10.266961421302277,9.42032884996317
211.82898185081592,121.24745948478127,10.273319850873216,9.40785421905812
212.14002418299157,120.62847349303512,10.275925056686138,9.396446462221943
212.13936304354053,119.38847779482596,10.277247335588227,9.378815922216878
210.2699433019888,118.30704006877605,10.272801393953234,9.358108209885923
210.435849768178,118.47182150302072,10.25252658744432,9.340083467266114
210.2891300474897,117.85490397125106,10.235035623474587,9.330196909419849
210.14275171817093,117.69790683655225,10.217295204415537,9.33369410112092
209.06487718427246,116.29966962999542,10.201121261547295,9.337696071950797
208.45197837862557,115.51935408156415,10.186578980926118,9.347902303919641
200.08234734726878,120.47724659504952,10.184742784163769,9.35276809737912
199.77753407648663,120.31942639616778,10.17423020506079,9.358338934808968
199.00787794689157,119.23112973851089,10.163573724552046,9.364976014544366
198.70616027414144,118.14137551088803,10.14714362433994,9.37495540979683
198.71035022608692,116.89895582639444,10.138763720448978,9.381119148362012
198.40547629512568,115.03565240864185,10.128908594456156,9.390108056375475
198.4023342789063,114.257252200783,10.13519262689496,9.397955657684768
197.61902730243247,114.57280628652917,10.151730785065892,9.386877804103104
197.1457299367411,114.26945871742586,10.16803240367056,9.373377533791052
196.20314037356596,113.65158189279518,10.192386315525361,9.368581040055442
195.10845842054232,112.72797281995854,10.208646823973861,9.35313913064407
193.86074621879197,112.42394155996267,10.220463037510287,9.340299603144759
195.09945067013183,112.11827262736723,10.226498153626977,9.330776463636512
193.69944024358392,111.96836903955294,10.233167767026135,9.320211279298805
193.54170348024664,111.50677977271972,10.238333902179102,9.312467638400252
193.2210599665198,115.7011792340639,10.259092742989216,9.300799235399975
190.1250564207207,114.61205896212223,10.24305317374242,9.30622344798758
189.35685161363853,115.5391848612256,10.228273590593957,9.313398686556168
189.51935136001003,120.33782834163351,10.213395255527773,9.329867613721483
189.52768557839923,121.57220092462592,10.196726818749363,9.342338834693754
189.53608660155047,121.87593215265836,10.179924772446917,9.35505731410468
189.23401836913226,122.02395669883845,10.16400006390968,9.369038808431329
188.6218457742822,122.32622098561163,10.148326943315903,9.38451939003189
189.2495949230083,122.31832641704732,10.132854152556737,9.400308527160513
188.94710067162222,122.00031398350933,10.117810501336942,9.416301240244543
187.86916008029897,122.30199501567992,10.103442516596024,9.433010366585489
189.27254014085153,121.36400122953627,10.087375639687702,9.448535776074884
189.1258603162233,121.97754776788086,10.070662722961655,9.461732963315866
189.28786172286166,122.90078594516923,10.056680391452845,9.475379499346774
189.14073271899,122.73843503581128,10.040919960187523,9.49006287905398
188.6832474180279,121.80100591858931,10.025876201996578,9.504892393267681
189.15610846529626,121.95031209153171,10.010167869584702,9.516284634757838
188.54424523254167,121.94356068870763,9.994139060739721,9.529787440405988
189.32625633569424,121.78156733716656,9.979624596220772,9.543872595130901
188.40283775226942,120.8476457287124,9.967077914209526,9.552331963178384
188.87282844146551,120.99781449375001,9.956599164631559,9.561828642707857
189.4993558536372,121.14831897689552,9.94282528961985,9.570639913749783
189.81606245795865,120.83310564989398,9.928898462055344,9.58158018667456
188.58453801284648,120.20720234519375,9.914366786243898,9.594596513057132
188.28254392254425,120.35445427374914,9.89900425731394,9.609768010713527
189.37423269451745,120.5019026983778,9.883345999557648,9.624545345197657
189.22716932180538,120.64895121672332,9.86781087559649,9.64011017789193
189.54469121836792,121.1063019543754,9.852094793788693,9.654400269563688
189.70724261893832,120.63423998324599,9.836634489664435,9.669596720772846
189.25063129743512,121.4019441886775,9.820938848624346,9.682385449987311
189.2586978022123,121.24088589472804,9.80480583906995,9.694907883049938
190.65913771416652,121.69845625430666,9.789763993480262,9.70837982333228
189.27336393346633,121.0725516168083,9.775692947257747,9.722136383829936
181.99310807591246,112.10318842617899,9.789302221683712,9.70936613616211
180.90048663566554,111.95488432753474,9.807894401894048,9.696452804838692
180.8938739431178,112.1154011681718,9.82111978698954,9.685030194796285
180.88608289719613,113.0500615024387,9.836701878832873,9.67354399306064
181.19143072822467,113.98287923283085,9.845412788024946,9.6661282460237
181.49668144237225,115.07133512689248,9.854357944703356,9.657279505307821
182.8845132938407,116.00598772529878,9.86621161622552,9.646319224801317
182.10352031668333,115.70184735505921,9.879510657957976,9.635125200247492
182.25165980588173,115.55256469179493,9.893001339670866,9.623920866666305
182.3991735217913,116.48822441473206,9.90777859338366,9.611429533983697
183.01414828536815,116.02741530851104,9.917186788158697,9.603529454979244
182.70063622715588,115.56567874020774,9.924486275124634,9.597415647397938
183.16106992534938,115.56923330201,9.933259709919094,9.590306523793442
182.5376790002825,116.50198478675503,9.94041902892794,9.584237350990724
188.434209062141,123.31620815512957,9.924395412625318,9.59235920177407
189.52603115802404,124.23985608297342,9.909338888883383,9.603852775821375
189.37842553906367,125.31619529276749,9.89480675481055,9.619377960188466
188.92108956444307,123.13835918823983,9.880196053264807,9.638397798904764
188.77380368205837,124.21476738271717,9.86493520160005,9.654409724989002
188.6253880557035,122.97520035776601,9.85192049983216,9.654776139069986
187.85508620003208,123.44423955329641,9.844295618085365,9.64563490386294
188.17092122370698,124.52229656091158,9.831384589790686,9.655177455325582
188.32856959418785,124.98070205037344,9.825414729965562,9.666347119811897
189.26423669636486,124.97223159127849,9.810540522553275,9.68328803800178
188.34023581499815,123.57957125974563,9.801879969305547,9.683615227095816
189.5819040329031,124.6597281648249,9.793036780205554,9.68848300780846
189.125014756965,122.49033760581062,9.779068763763965,9.697780140353622
188.97458210473084,124.80757876515231,9.770758924553823,9.700924976846611
187.89877174660455,124.96199136188348,9.758726346329679,9.701193111166653
188.5241480007296,126.03546195951716,9.743600781057344,9.716599066110344
188.53170753207573,126.95666241049611,9.72848171836511,9.727666838157244
188.69359050291956,127.8774136995955,9.713562985193073,9.739247511052241
187.77480655459848,128.0235421171291,9.698365958233351,9.755784829918715
187.78238772316905,128.17033260663874,9.683203621092225,9.771019015917012
187.78972819723805,128.16284353157815,9.668522672954241,9.785997166038229
187.95142272409043,128.15539395241558,9.653953588245491,9.800896324363338
187.80331468719407,127.99269383277188,9.64134523558265,9.81747213719522
187.8098140345435,127.36877712388292,9.628346540883786,9.829759714287261
188.12592323887534,127.3619439036176,9.613876559475186,9.843426154817905
188.59694329568734,127.20006498969629,9.598417168818537,9.858323741671398
188.29532731095009,126.5730070639164,9.583949475532439,9.877040267710058
188.45734653385048,126.25701343059967,9.56882646711081,9.891196659585276
188.46478041995059,127.02222210974807,9.553958694910593,9.905270723320188
189.09015218187793,126.86011524574961,9.538750082401132,9.920600723480812
188.01621981027665,126.69923809959528,9.524430971312276,9.93347160803358
188.0225383774515,126.53874187676008,9.511793836962596,9.945605794587292
188.02699472343153,126.38203558109666,9.502881145002497,9.950170206673599
188.34177075215575,126.99531016885186,9.490885003926516,9.958732863908105
188.50315432634665,126.68256344485607,9.476839417807883,9.966783187373446
189.59053309171634,126.37013026698435,9.462451712903913,9.974401021449632
189.44321847931553,126.21000942427936,9.448566365637896,9.98612813479192
189.44872791576128,125.90121881388404,9.43754749274639,9.986754139606592
189.14656606439223,125.43494849134696,9.425248508608144,9.994360754366276
189.6161850934789,125.5832571790026,9.410714282047165,10.00597798959245
189.92978697166328,125.27182673243097,9.399881002362696,10.012468406051388
189.31698246427993,125.88537997252692,9.393033271368376,10.01781867162049
189.9407545082005,126.34080511916072,9.377844759642247,10.031235060439164
190.41008744744468,128.03000049797515,9.36335012259793,10.041472188105088
190.26145149325745,128.02357300666677,9.35263585827473,10.054327170721892
189.0358898234537,128.6371317410897,9.339624105434064,10.05927724810017
189.19552059288554,129.5604632526853,9.328248890852251,10.05993217060035
189.66381871082405,130.17334789497755,9.314795742224412,10.06502033568144
189.97588357588637,130.63374144570315,9.30582358005991,10.066969586170439
189.21368383895765,130.63353212424138,9.292894967074888,10.067388229093998
189.52702718436723,130.78721544144943,9.280738132776454,10.067286522938224
190.45547225594822,130.93863729646333,9.266258376590953,10.071511210739864
190.46055760296147,130.78531311412647,9.256087682564422,10.07125700724239
190.61877850678414,130.94050259106885,9.24638129877936,10.06761347721786
191.08266359975363,131.40292348064062,9.238178484773648,10.06233907000757
190.7807974746489,132.1693996296892,9.229294766164006,10.060926693958288
191.24247095911872,132.02149989744902,9.224377561208392,10.050582903777315
191.24845742368407,132.47771867615856,9.212404632077666,10.05585091923169
191.40680361133275,131.86440408070288,9.20150473818773,10.059310184513382
191.25662588142362,132.01841653900334,9.196188334556586,10.056957131361882
191.260703461341,132.17416194603538,9.188033174721829,10.05101588924692
191.26439305551233,132.17801191734958,9.180653986379195,10.0433159466185
191.71964615760055,131.4218482465495,9.185405762556755,10.030213320961979
192.32948661384955,131.88337291763074,9.185550842435793,10.022033473082322
192.02755238586502,130.9721346801526,9.179758604178367,10.015527865358964
191.72256864958297,130.8241606177006,9.180455663315698,10.006840783549618
192.94509602350996,131.7421160853922,9.171480365721798,9.997989435861504
192.64490719673347,131.74510906255497,9.163404288678322,9.99200348153596
193.2592104389043,132.04817572603667,9.15081076642872,9.993876635618573
193.11195548739727,132.35283541073684,9.141490110866187,9.992218383371396
192.81452317327475,132.5055123323937,9.129044913847553,9.990519452689496
194.18465640974665,131.29464176605185,9.119634527209417,9.984832953101513
192.8210295521489,131.60356359368495,9.118195446264785,9.973365474755353
194.18415904093388,130.85219784837227,9.11880077563032,9.96117235041651
194.03354878240512,131.00841952122684,9.117218135743625,9.95153216165163
193.88780366706115,131.91656259147047,9.106082019685093,9.951004101643003
194.95222700649614,132.52199350896393,9.094310580191504,9.949899546299703
195.26051254385715,134.63705104953422,9.082205537784851,9.95104669136626
195.11422552588553,134.18537769393845,9.072722891977627,9.948223357306457
195.2711639909936,134.18434214756005,9.060706055128696,9.950294450063277
195.1261524361644,134.78502931949126,9.049029546556806,9.955718579121982
195.43295731191247,136.14252329299012,9.038614162627407,9.95510528617454
195.58932737841084,136.5950881130353,9.027294256987759,9.954236328155496
194.53940973571156,137.49925880139781,9.018556621538231,9.953243169300332
194.39326508127954,138.25339984391178,9.009777224069458,9.950304615936188
195.75364662574583,138.1000332922403,8.99694773697969,9.956156207963259
195.15818746913232,138.5503907043748,8.984797839411735,9.957742541790546
195.61514320929643,138.99962776759264,8.97267608876263,9.961058145033961
195.77108148711645,140.35012456268774,8.96125315138568,9.964147119211729
195.0220419725629,139.7537985333248,8.957740692820245,9.955525987799627
195.32683609003803,140.20259709085641,8.94840581352545,9.958308906219498
195.48287868971187,140.34962152544938,8.936340736635453,9.964280159491244
195.93846970980178,141.0975654493431,8.924917364404575,9.967990091618702
195.64251056576185,141.39874911080113,8.917247997880569,9.965210423306472
195.19803129145689,141.54864671743744,8.907326029373552,9.96504204907286
196.24957537534843,142.4489750308438,8.900489207394516,9.96117229009213
