163.7,112.7,20.2,19.0
161.64810165060726,109.71678193680823,20.19284832525824,18.98891872874
159.50351359244056,109.73226440670169,20.12872625904979,18.957953788953077
157.9681573995015,110.06975591800887,20.0974682129787,18.903364852728565
157.06514043876203,110.11761566425957,20.04641682583131,18.80764536022717
154.93646628113657,109.86056307917391,19.986915117715295,18.70505766991749
152.8056597543112,109.90863393103876,19.94972985340794,18.60891596618778
150.98255219460023,111.80454394859781,19.92400802156862,18.48903288233094
149.1564742091603,111.25202685892621,19.918176860917356,18.374738017830452
147.05934638442372,111.27342222549674,19.858246680107634,18.3319472846894
144.9491310061958,110.70294372485483,19.835889211434406,18.260679078793494
144.06475155285472,111.0585811480595,19.790793165533245,18.154022549911893
141.99531065779087,111.41077134462992,19.714284005416935,18.051840863948804
141.73357329757323,111.14252334201517,19.638401593390917,17.988979736717027
139.38106800013142,109.36814934548244,19.566160772935667,17.954789168278324
137.3395864402696,109.41108320830764,19.480812948808758,17.86892144262792
135.29106494154803,107.3770477701017,19.42857510227922,17.78771147506708
135.02262446781424,105.6410250648613,19.3748254297125,17.715973165341843
132.70180084633225,105.082726247276,19.307392531464256,17.655300765209365
132.46960688475014,102.76753826300873,19.1851783019261,17.592859512124967
130.17835413436276,102.51444067349986,19.098239768760568,17.515374186900143
129.92273749161745,101.0877715266754,19.028401620404544,17.463355311316086
127.63646659190445,101.39224289798827,18.967826382270633,17.43355219838534
126.23401311300574,101.41012685845054,18.884184567496547,17.397784277460794
125.4069999782889,101.7153625075489,18.81074600061783,17.363134591368215
124.87196616169712,103.76796567183871,18.73259041930065,17.27670951354112
124.06192180127687,103.8023887682941,18.638187445213585,17.207863320630377
122.96132757403308,101.83718049406271,18.56373866983778,17.155914716832193
120.72878091326575,99.86668773262018,18.493584223687993,17.128558442993373
120.47442401814872,97.90650926915407,18.43693371925812,17.091365307277986
118.23793319116382,96.52207582699035,18.398897382157923,17.04084594718669
116.56215125693355,94.57381458909491,18.37564481737134,17.00008258418927
116.01756659422932,94.31497770991719,18.341913365256733,16.95630595378319
115.19093310027782,92.93137400872037,18.31452557316568,16.922422056186736
114.37185151333432,92.94200441436774,18.274955405310113,16.90116124489199
112.70864754050498,92.96358474412017,18.251674701582136,16.858000585387153
112.72792477175511,93.24918484461784,18.213120239081896,16.84402387560697
112.74891688979696,95.21487277834812,18.17113600299819,16.807400631523556
112.49573108797358,95.22872337927765,18.122361607719263,16.779699429664493
110.85201538572655,95.25344984261098,18.08618308270465,16.73024650299787
110.86593574936656,95.27182188936622,18.05834235542463,16.693502409487362
109.22985694208205,95.29921935848859,18.021220119736903,16.638707471242633
107.31986075248902,93.39405643704934,17.990620766895507,16.59844158209366
106.23727531862255,92.04689102042333,17.959960107271726,16.54798300614979
104.60263313352336,90.97973985833045,17.94324371307498,16.491618154072135
104.0750823186962,89.92800223525084,17.90534530004205,16.409093314856914
102.73813338094003,89.9474721727268,17.856340612360974,16.370153439904982
101.93894696095899,89.70488410152313,17.825155857604635,16.31214371740618
101.9741009882945,89.72796668778713,17.75484780293362,16.265978544878173
101.73466535315262,89.74143212880232,17.693799200971505,16.239047662847817
100.1456174847585,88.95710127899149,17.640722523586327,16.192123155382774
100.1652997681208,87.64645860685174,17.601357956861726,16.128698567457047
99.89856247861178,89.28552846942233,17.59952666562681,16.062394063833807
99.642811181484,89.85212541734363,17.57681649310289,15.997625701550133
99.40268278347025,92.00867723591666,17.52425714089944,15.947051250251768
97.57090100880606,92.0421490230691,17.46956825645789,15.880107675946903
97.59953760578406,92.06933273714041,17.412295062501883,15.825740247804275
97.63707696963444,92.0783378665946,17.33721633480113,15.80772998889592
96.08064595187831,92.093226386653,17.29404507041547,15.777952948779099
94.52927010303118,91.86609129332598,17.247698731631065,15.707373462686697
94.29385529291295,89.79806563252241,17.195539633525442,15.659515037557266
93.00692854159205,89.82375180063663,17.162386150978502,15.608142701328834
92.77772102195269,90.10763869531901,17.100745275316147,15.56042482690516
91.50997622084179,90.39900084701907,17.044624642008856,15.496022570610862
91.55366377404064,90.67518346556615,16.957249535611133,15.460064137084212
89.79396256778026,90.46148848385634,16.875446690668717,15.372996206580503
89.82349773788333,88.70095038450243,16.816376350462576,15.311643397699042
89.58239804138222,88.71935849078294,16.78871269982881,15.274827185138031
89.34008671493326,88.74268474225194,16.76449782353138,15.228174682200045
88.59955382170209,88.76633807917199,16.72243933653206,15.18086800835993
89.89404714452535,88.80579217236505,16.664893262717815,15.101959821973832
90.17933056313993,88.59215918706688,16.59844375947935,15.025108458579433
90.46778074244388,86.86739725473109,16.52338327864238,14.96175317885457
89.99830180600772,86.8940814617401,16.463052615083733,14.908384764836537
89.77919609250665,87.16084451616764,16.403423832261044,14.872698865806276
88.08229687697262,87.2017693113211,16.322902894853872,14.790849275499369
89.34938772540133,88.96535013047738,16.257485431503817,14.719957564097108
87.92512040789606,88.9863858582167,16.15649587948615,14.677886108618443
87.45668128456408,88.76696641187395,16.114720169685196,14.627398023071525
86.02058290773684,88.05615916803862,16.059754981869204,14.585431540006942
85.78469279488476,86.8720619405581,16.045211569558568,14.522007804894198
84.10603103093956,85.4504869217885,16.007001213256306,14.454700227411104
82.69927932705602,85.24143562886586,15.920134481411237,14.389407789987695
81.06869311014992,85.25939913275211,15.814424814266593,14.353480782215188
81.82465416422116,85.7628945090212,15.738745577159905,14.303985277034226
80.42254341528809,87.46805670060584,15.6823773635155,14.231015557293846
80.45995398464477,85.83994969256402,15.607556224802156,14.164272650935622
78.35297827457812,85.86574052388148,15.569351246867793,14.112690988300697
77.66838856091537,85.89370014089491,15.525429931267173,14.056771754273843
76.06145014335156,84.49082571906833,15.453185316224276,14.045845069209436
75.85221629884325,84.52419727992022,15.403516069894899,13.979101947505642
73.54010452112487,83.84549074370898,15.364886930357587,13.937659211435918
73.32105458326555,83.4051289430821,15.337973502326006,13.888356205189199
71.48441503769651,83.19722748845592,15.300862325511712,13.840360330947545
70.3455528906361,81.60559113429856,15.266360323743864,13.786516225018117
68.53256702006178,81.62692663994153,15.20402332312162,13.74384521373218
68.09599621339137,80.26721322024703,15.158414813589856,13.707021684503479
66.51813036616514,78.91539118072461,15.10767152990537,13.662258639430952
64.94053403885793,79.1702089779719,15.066996768510235,13.609175532937748
63.82589952209997,78.96547129101235,15.020959521165551,13.563589650684715
63.167708152235434,77.39498016175729,14.976522896017263,13.529326724480997
62.50549834008645,76.26262678305903,14.943866116381916,13.532239475321967
62.291532676613755,76.27253086671027,14.91990397332017,13.512431308019496
61.15900768124752,77.65411927542996,14.928957696472045,13.456450011676814
60.488607056090245,79.46772655486359,14.918435318674538,13.432765127775047
60.505513892159755,80.15757390652793,14.884621646535525,13.402756443643018
60.53005539390889,81.75074163121,14.835538643037255,13.358599608921015
59.88143684971989,81.77292805550152,14.790566500735874,13.314226760337984
59.68217716557438,82.0239598676939,14.743101413468352,13.258147591511765
59.03498521681436,81.8304497058753,14.704469953732682,13.200829462730399
57.71701714908961,81.62511443559025,14.683540638799128,13.168689094903337
57.727745390831004,80.31194583246563,14.662084155316334,13.143231476175167
57.74148251157388,80.5463735452711,14.63460991383059,13.11559601507331
59.067064854676275,80.5693351117222,14.625514002419097,13.069672882171119
59.30559085759293,80.59084705935807,14.587925108598851,13.026648986899383
59.7596710210543,80.82625588968672,14.556128314082493,12.994013092445249
58.90837907172147,81.94129929229999,14.510078727015975,12.949718144383917
59.81023610258472,81.96474463000655,14.449260910190096,12.902827468970795
60.26530700208451,83.93299222114017,14.407152517571543,12.872482615418281
60.508513802489375,83.96145873709955,14.353607637908597,12.815549583499514
60.322732465290315,83.97817904685697,14.2940567538769,12.782108963984694
61.85437105103884,84.20931604978597,14.238277583344058,12.749477529692987
60.596405044824024,84.0153845927799,14.184747827860402,12.709096815719603
60.83402515593462,84.03250692917112,14.136262768513026,12.674852142937137
60.42260075619477,84.4802658487094,14.108222629570827,12.630223242282486
60.440737617887486,87.47424105324275,14.071948906185401,12.582289909893388
60.04146513133395,88.98030340073154,14.02459950039494,12.530795541057088
59.22616608534433,89.00118933161673,13.96969108630512,12.489023679286717
58.82785266486765,89.23714059022716,13.926629512336724,12.436965369526762
58.85141952230987,92.59861036872901,13.879495797452284,12.407333147854924
58.66229081663275,93.2399143962127,13.840636711864875,12.376074583712514
58.68217567897651,95.75237118301126,13.800866987177338,12.34321717847148
58.08574085811753,96.38603292406079,13.749178043541207,12.320452281726533
57.69705208770845,96.81260476176332,13.69920201815749,12.294662172523342
56.6914130535996,98.48122560094728,13.648086214307558,12.257250689463673
56.50735112721581,98.48941518153666,13.605134194012345,12.240871528284927
54.89173573607201,98.51090168017413,13.555250995162371,12.197898531009983
54.294282735886995,98.53357131078224,13.52415849683118,12.152559269793768
52.89164857082924,98.55107593495589,13.47728023468133,12.117550021446439
52.709115110221695,98.56673763731794,13.436195509999537,12.086226616722337
52.72132762215413,99.39960739247978,13.411770486134667,12.04050255544402
52.733643212737626,100.22323222969848,13.38713930496767,12.008794806632734
54.755929592127,102.26154609034569,13.372459939316988,11.962060478466347
55.76996383736453,104.8972556069699,13.354427497369919,11.916735171390727
56.384081605760215,106.32302500210258,13.329177182135217,11.872161898090901
56.3952655793709,106.74550778509473,13.306809234913835,11.82696016034621
57.60628912637423,108.16693969388628,13.277584080799967,11.775721939304711
57.82366585279304,109.58197624118112,13.240351342340398,11.728293845361511
57.84543141891332,109.80066606434553,13.19682021009984,11.687088005057516
57.8634472132167,109.82002005243514,13.160788621493076,11.64838002887831
58.074358308058095,110.23357644259319,13.132607470880055,11.608549326701771
58.0864388642527,109.85587639974065,13.108446358490845,11.578833154125851
