208.9,119.1,24.2,26.8
207.5505497283505,116.6472093702428,24.280268724686167,26.65900171298224
207.53198392615747,114.29276353983657,24.31740032907221,26.51753042614769
206.74784474590686,111.49573181891489,24.27214166175928,26.464214270641605
206.3593766710413,108.76382476366145,24.2438730747824,26.291595224192584
205.1352225811049,106.4453142700092,24.286064964122225,26.11638363043105
205.1424520844567,106.50862814548512,24.271605957418615,25.989755879479212
205.14831489084133,106.57436721312024,24.25988034464934,25.858277744208984
205.15540701567159,103.8566772912152,24.245696094988837,25.72531948058032
205.18335233320963,101.5399708181905,24.189805459912762,25.599801672374195
205.23621526692702,101.57753906576428,24.08407959247794,25.524665177226616
204.48750948212793,98.90293892667404,24.006674569187158,25.362007380295722
204.56072220536652,98.98596383101761,23.86024912270999,25.195957571608584
205.37695159690637,99.0670125110824,23.785086280356907,25.033860211479013
205.44282787741935,99.13489237191379,23.65333371933091,24.898100489816205
205.5008976013679,98.81020589521606,23.537194271433815,24.77682953769481
205.55897619234747,96.21467305188038,23.421037089474694,24.599767017292418
208.2696672299507,96.64591981984526,23.335240479841957,24.499499976444607
208.7142441507036,99.36416466423057,23.20536072054855,24.37792886316043
208.78736924702167,99.05871506902815,23.059110527912384,24.233546595844228
208.82435706976563,96.14685191778652,22.985134882424457,24.051933493407716
209.26524483895827,96.2031221795749,22.849979256837813,23.93939296983094
209.69973904215527,96.28218297690341,22.723676545125198,23.781271375173926
209.71915290851115,95.61779056547101,22.68484881241346,23.633709588578334
210.84564240610817,96.07901810760485,22.63754051085948,23.446478068857342
212.69626422293243,96.54603823011914,22.593850406148558,23.243948529616297
211.98707102275273,96.60130538407854,22.557012934015376,23.13341422169749
212.0026178661596,96.32328954999325,22.525919247201614,22.964169530197932
211.27361900434545,96.06268976253429,22.539712690143524,22.763266964772626
210.21530513698332,93.27984570115895,22.498926250483265,22.575850622497825
210.26098711815004,93.01634161239672,22.407562288149816,22.387341338473323
210.30703168330615,93.11397628992763,22.315473157837566,22.192071983411484
208.58023226739857,92.49317814545145,22.236507968064,22.020642663728395
208.62246937901895,92.22491010149518,22.15203374482326,21.854642101717026
206.9105754026546,90.89808134796964,22.08302799444726,21.714064646284324
207.29443089738425,91.33200672706013,22.010546673143313,21.54144355625869
207.3304127096766,91.40635717235376,21.938583048558574,21.392742665671417
206.671089676342,91.13486279579922,21.88157167756332,21.24790269994828
206.6944229172562,91.18617391260882,21.83490519573499,21.14528046632907
206.73506852281474,92.27872180960523,21.75361398461785,21.006924276699433
206.08762651714758,92.01842946875163,21.69098600779167,20.84875296432637
206.12414575590964,90.4029851712126,21.617947530267557,20.703421954430095
206.16331475037262,93.15605662993025,21.53960954134158,20.571450970111382
205.86511919518512,93.21886288698914,21.467572483695882,20.445838455993606
204.23211081460843,92.95982720363816,21.4071617299312,20.298624319711948
204.9203083431198,91.69605433237334,21.354728194250868,20.178247019556736
204.30478619304685,91.73820578826806,21.267312457146947,20.093944107767307
204.34076083359383,91.80535219492204,21.195363176052968,19.959651294459338
204.37256023516065,91.87101185126403,21.131764372919346,19.828331981775378
204.41513381824018,91.9326182814556,21.046617206760306,19.705119121392205
204.45815367347043,91.66300674847685,20.96057749629977,19.597534729065742
204.51148768687466,91.71488389694687,20.853909469491345,19.493780432125703
204.55050252552695,92.11041714072016,20.775879792186725,19.343104263169757
204.27615817915557,92.16683682680669,20.687819034917347,19.230264890996683
204.96378131222806,94.44500705894528,20.579685470508203,19.108818882794928
205.32241758058905,97.3283212057661,20.49232241498902,19.011375919978178
206.29978665531394,99.89468522943889,20.41850596034766,18.894439058788393
206.3590526882293,99.94951259520333,20.299973894516942,18.78478432725949
204.8395592508472,100.31066776304128,20.237374036015716,18.682791338236683
204.26116702424932,98.19422118046855,20.158762403123504,18.591798202074337
202.14150938496672,97.9363450253925,20.093054895360684,18.492547257036705
200.63856970187896,95.54825790319723,20.03704028931441,18.36969114587238
200.05367983758026,93.77624459418628,19.987764648156578,18.256551654628716
198.57326353642924,93.51392134132884,19.913908159257453,18.174260342103366
198.90987945649547,95.68352254524996,19.845133315605683,18.066256909625743
199.2343652239192,96.34409902896604,19.797804760392204,17.948389901461557
199.27240656922407,97.28431999498454,19.721722069782444,17.864968081179583
198.40670697815642,97.3193169038983,19.663703566308836,17.794974263352085
197.8481045579861,97.36158953681613,19.5920333001846,17.71042899751642
197.5848580454833,97.6981540525675,19.526571831219016,17.62925445998488
197.61673087139766,97.74093630189856,19.462826179390284,17.543689961322755
195.8798593143325,97.49282563697152,19.41308353260464,17.452663664357527
194.44151517467608,97.55362119930187,19.364752668228434,17.331072539696816
193.87635667514587,97.30380356395975,19.330489740414816,17.24841784694403
193.91160886198182,97.35364506266389,19.259985366742928,17.14873484953573
193.95179804864733,97.98128763273084,19.179606993411866,17.04887663931325
193.6875287283771,99.7587161442646,19.13329889372604,16.94310005760381
194.57416502291863,103.24534794625984,19.07727909700249,16.838847623051503
194.32365427122963,101.58811801788468,19.008439946222857,16.734143554855752
193.21609105042452,101.35735389725122,18.955183766685423,16.62857614083577
192.95890506237805,100.85513781836319,18.904995733605762,16.50388828026663
191.30109702169455,98.94979059509102,18.850033082634283,16.382240872416112
191.0555279690355,98.71229911729118,18.782231179278472,16.29828381934186
191.0974215584623,96.81785304759256,18.698444000424907,16.1915004898194
191.14933027462575,97.42282671758893,18.59462656809796,16.088536433472097
190.09515703767613,97.46851395167684,18.50214371819345,15.997161965296272
189.87519864405436,96.6876208435816,18.394773300277667,15.91708656600874
189.10225020868225,95.37401375022509,18.307717699207956,15.822713299698554
191.0432976253331,99.75178716927712,18.21565769861966,15.73010322208242
191.08954967044608,100.07463444601468,18.123153608393725,15.62290867891201
190.33130127514528,100.38378470652945,18.03367946619262,15.539931802150045
191.17908257984075,100.9577368984294,17.935875404795386,15.457199783679313
191.24320458624072,102.58504957178954,17.807631391995493,15.380911106825193
191.82260628650008,103.39859339479047,17.70180561802748,15.333289900649406
192.1386820327812,104.48769107911967,17.593722017864096,15.251366101586374
193.49012955107588,106.07891634876574,17.49611259902201,15.195258303590986
191.9795103818232,105.85704453554713,17.405588954556666,15.120374932866406
192.0275344439014,104.0889863173637,17.30954083040023,15.044463207554028
191.03575607558452,102.82974225704835,17.239984784390934,14.99656034988089
190.81739459208185,102.85622880072273,17.165289312055123,14.943587262532148
190.59908946387745,101.61707119112458,17.092503052540074,14.874919902109031
189.6234350163018,101.14852089095606,17.015208479529374,14.797718768365076
189.4056250599009,101.17711384420711,16.946131427372592,14.740532861862997
189.6889097605455,101.46344778918203,16.882256730423332,14.67055967625303
189.47740554780322,102.24167876677826,16.804698096242124,14.615798900057676
191.4972006394151,108.01420195555568,16.75288057184476,14.535598916628707
191.2652712487034,108.03254994525773,16.720372486858466,14.498902937224603
189.7959968803733,107.55917661196888,16.687322369765155,14.455116652551132
190.30853800845063,107.58959155213617,16.650326135061036,14.394286772216574
190.3426701451718,107.86729207945125,16.582061861618705,14.331368116059576
190.36891053058034,109.86691474859836,16.529581090801628,14.255324069670282
190.8575767714444,112.09625731474574,16.528952310957273,14.191805595852497
190.38588097128638,111.11108074398703,16.497715026746086,14.212900968315484
190.4002735394664,111.11891372984225,16.46892989038603,14.19723499660506
189.93505365344612,109.67508706481078,16.426436789495465,14.166089707874567
188.2416209291054,109.459724449568,16.416202288313386,14.111514945522487
187.76131742943284,107.55051288844564,16.408294169796505,14.055877596318961
187.5322961625493,106.12672700432746,16.383102835229206,14.004046154549087
186.08686252825922,106.15663748374297,16.381956899389255,13.944225195718085
186.10279330943672,104.97324132081425,16.35009533703423,13.90594019573959
186.11554046028076,105.48330883639922,16.324601035346188,13.84560325177532
186.143394044461,106.46771728963725,16.268893866985707,13.790883730805145
186.17692319123276,106.49390416089479,16.20183557344216,13.738509988290069
185.7248698929186,106.52771440057639,16.156187041970757,13.670889508926878
185.52046168098326,105.12748227763129,16.091932565773057,13.632928354406515
185.3092237001024,107.0362909774562,16.04295304421258,13.58695482133416
184.15270620533371,107.05991579395229,16.006248549022743,13.539705188342003
183.93997874958123,106.84600178250759,15.963092817750276,13.498922568453983
183.7380838570929,105.23091979833924,15.899604769515689,13.458141704311972
182.12918343251047,103.86120787404828,15.858005056456653,13.403793642416312
181.92369567094525,102.48727451232062,15.804880474971764,13.367059738179696
180.32415601631504,102.27027303099587,15.765215028613211,13.338384878597942
180.35082725159566,100.90051204852496,15.711872558052006,13.30833298921408
180.37777199204425,101.15102089653911,15.657983077154823,13.267593572236391
179.9447998483286,102.76721659511188,15.606369115127231,13.246656048196817
180.20595895985062,102.79198690902504,15.541687232973462,13.197115420370483
180.9208579718897,105.53769231794075,15.479368755048196,13.175622787150715
180.95660588843222,105.32745797560136,15.407872921963158,13.14158352553172
180.0781267122715,105.34815388362485,15.353459033106507,13.100191709484772
180.10771262154537,105.36758479836041,15.294287214558755,13.061329880013627
178.5642458271186,103.5833963708805,15.23280291948059,13.031514867622949
178.58821488561233,103.3736941807026,15.184864802493186,13.002585951610403
178.61929831696347,103.39115626968875,15.122697939790875,12.967661773638103
178.64239427700386,103.63440866178247,15.076506019710122,12.926740815017663
178.44749517688857,103.87384330457972,15.022102647536078,12.892073101827785
178.46462944896373,103.88834586586194,14.987834103385728,12.863067979263347
178.70803670432335,105.67442566711861,14.942808575525751,12.825220239624032
177.84756625685924,106.57724376331674,14.901850876046772,12.781482641635016
177.8702796410457,106.82352897789744,14.856424107673805,12.728040609031495
177.45356364958573,106.62513528263642,14.814745288755846,12.687272598634554
177.48159855692575,106.86439722272307,14.75867547407581,12.644994670068227
176.41213920845436,106.88257995278585,14.72415519708129,12.608629209942679
176.4339242298288,106.6855592385404,14.680585154332457,12.569109469529902
176.02147142691405,106.4882063104506,14.641005855858959,12.53157287355804
176.253676117848,106.51244163050686,14.607614499560299,12.48310223344552
174.76521276311587,106.53781903715432,14.576550393241009,12.43234742015059
174.99531436386562,106.56226249032534,14.544754301629267,12.383460513808561
174.15118085497298,106.79029285245211,14.52454128407346,12.354519798390308
174.16936537352464,107.01856898338556,14.488172246970123,12.324303909287119
174.39931044934,108.9429511693347,14.453562591134858,12.303063999547753
174.4109288790607,109.17590132132662,14.430325731693488,12.261561135161925
174.21434458453186,109.40761767278545,14.400131157173975,12.221491595821446
174.01713008961667,111.11416739378393,14.372316418303095,12.18634198343428
173.18847951894512,111.34277956290697,14.344653363092311,12.150358694326671
172.99285751412702,111.15145739284674,14.31567018029357,12.112775842012216
172.15670811101197,110.12220756380258,14.311301664453126,12.075441347512331
172.16847515708943,109.50716666538592,14.287767572298192,12.050042855349128
170.9163523129407,108.48053163340666,14.285721065937937,12.014736090426187
170.49861920561327,108.70595664038967,14.2869657880879,11.9809968227126
169.0516145049002,108.09400377115942,14.264897425251988,11.955154947917917
169.05064640783385,108.11107144557673,14.266833619384668,11.921019599083316
168.02384746754475,107.49944045889804,14.243952332186458,11.898394071774854
167.82093802845299,107.93121188035549,14.235198378368525,11.863996892862845
166.98969897580835,107.74640592033218,14.242164042533632,11.81973070262846
166.99350285193407,107.56159119279218,14.234556290282208,11.776093181215499
166.16482693105834,107.99638314010626,14.24215044086868,11.731388132169828
166.1690764739396,108.01464659269402,14.233651355106145,11.69486122699432
165.13755635202412,110.08872617547969,14.241172237342019,11.657740784613111
165.14033258694496,110.51607177693344,14.235619767500326,11.624281961233933
163.90469937249946,109.91846076714378,14.246974983823085,11.589548374529118
163.70270240175256,110.3413831626184,14.241373676852021,11.562894080509528
163.70200869266944,110.56300339927374,14.242761095018283,11.528727648295199
163.7074176316091,110.78423790776071,14.231943217138959,11.49479709798897
162.4887249374709,110.59357803889446,14.222423128457493,11.46829925622849
161.88380404346267,110.40351676250764,14.210551112986035,11.44118387450617
161.6923949185153,110.21574494441438,14.186757612244364,11.410115760056277
160.48651760700986,110.22987812503933,14.164092996197992,11.381849398806365
160.089353389943,110.24522498880047,14.148572427354804,11.351155671284086
158.69052676740057,109.05215350927998,14.116942384079808,11.312198668873776
157.89534201330943,107.8520784604342,14.095079881310644,11.294000750138137
157.49936562806707,108.2648133835719,14.08218723159703,11.273376324061088
156.6975436494731,108.27561292859242,14.0782851319019,11.251777234020052
156.90569378192725,109.89684062149536,14.063458261279134,11.221109002498704
158.3198286524648,112.51420986912619,14.040390547431272,11.196031414944738
158.12445959367508,113.72848852607646,14.031151856591483,11.167334951559491
157.92930823689457,114.94145483588905,14.022089511103438,11.137592686228688
157.7426383023279,114.9532994498418,13.996690530698984,11.113903458323195
156.9517902167188,114.74653116517793,13.986550201553467,11.129480902560017
156.75770188127,114.75220346805446,13.97666980195983,11.118136296806926
156.3772506538133,114.96016288019399,13.942134348854106,11.099936426537447
156.38789841420174,114.97629885520547,13.920838828077198,11.067664476514508
155.40104943036607,115.18543602266912,13.914380864670601,11.04542132780279
155.60179262984448,116.77999572043028,13.90846223812819,11.02084411159579
155.6109874800577,116.59526775401706,13.890072537701787,10.995225581174351
155.42940812324412,115.62125120606771,13.858859819211416,10.971401516485443
154.25681429798817,115.62919641996966,13.843049378788068,10.955511088681572
153.8799749797222,114.62978427153618,13.810736845401975,10.989357460753297
153.89662324592294,114.61842460089707,13.77744031300045,11.012076802031505
153.71795767400772,114.21220789485098,13.741865171319063,11.03869764309999
153.5392207662756,115.59289358444343,13.706548216050455,11.02686165904457
154.93220179232526,119.52281724138311,13.664944272173074,11.008037511513367
155.14785087279472,120.90361210752714,13.624746277389821,10.984148942315015
155.16584386018164,121.11545352051674,13.588760302615974,10.950554379326842
155.18480960990897,121.12821038825722,13.550828803161346,10.925040643845877
153.84549730052305,119.97514332684993,13.513594628794374,10.903295801112915
153.28001736069564,121.14040112170281,13.48340823443042,10.895072759444643
153.49060645367615,120.9464370592504,13.448677393416151,10.896553539402698
153.70409440226328,122.68237971333954,13.407635246994783,10.898071988000126
153.7239814866894,122.87565958476985,13.367861078142548,10.89683507683632
153.55306822959685,123.0755755626723,13.32500116038631,10.88168955297278
152.99221777436387,123.0807750816856,13.295375647164985,10.871290514946153
151.85914512245765,123.08882143715402,13.262639569947384,10.85519780400933
153.21640104847677,123.09478627356967,13.224769125914454,10.843268131178045
152.09317264780273,122.5202900074164,13.181650313938098,10.847472856822352
152.11385127168091,122.9022444908577,13.140293066181737,10.845555138721114
152.129906509472,122.90490033724134,13.108182590599588,10.840243445953835
152.14969204871372,123.10107636901154,13.06861151211616,10.827629410808425
152.36030090399166,123.66048381310212,13.026312469291712,10.845570525821676
153.8937417296713,126.12231701603162,12.98785804724782,10.843098367600126
154.10293012615801,128.58196006663246,12.947397086916633,10.836718090747503
154.31247639712635,128.01864249854742,12.905487995393084,10.83180287567837
154.33422484180988,128.02820113902249,12.861991106025965,10.812685594728254
154.16564479265634,128.0409339034623,12.823685595088772,10.787220065848597
153.99857071974833,127.86200344023295,12.783377027984729,10.77062427938726
152.89917591089744,126.56392737296484,12.74080334169515,10.751852559266887
152.9203054702285,127.13218054724594,12.698544223033036,10.73312760849612
153.49719936631544,127.14021373436557,12.659654360386753,10.717061234256859
152.95841200095433,126.95670611725203,12.624928190597698,10.713309501646854
153.16170866762795,126.77566022938795,12.588500502797128,10.705235631828353
153.5487563521717,126.04699485658833,12.553340474550385,10.684695695746017
152.82655961225248,126.05751598148306,12.523384401593468,10.663653445956552
152.84227890701098,125.33613725315587,12.491945812076485,10.635290922084387
152.859007141423,124.24390592207256,12.458489343252426,10.618768044516251
152.68756292115455,123.7112238521544,12.43533556356706,10.586005523685557
152.3413333175522,123.71615893770279,12.39749297443226,10.576135352588803
152.35747746485256,122.63724719668043,12.365204679831555,10.547549013521733
152.37435515984382,123.37089576517612,12.331449289849072,10.533994720411242
152.57449914679492,123.19421591461081,12.293851690997805,10.524664046490862
153.31522246703557,123.01647462173717,12.260219056857222,10.518193130652982
153.8743606821175,122.84470833896751,12.22591644926245,10.500401088669255
155.15132567702537,122.85808765834398,12.195500335810221,10.47364244991632
154.26813546597865,122.87107882481041,12.163906605811304,10.447660116983462
154.28490637165845,122.70195117754803,12.13036479445168,10.427233528046708
154.2972538163693,122.71500891634255,12.105669905029982,10.40111805045766
154.3156016516475,122.54900177896073,12.068974234473583,10.37611141349257
155.04529197258546,121.31222191835946,12.033770441591836,10.357361648955278
155.06009752423682,122.56268665130338,12.004159338289119,10.342776110808485
155.25104698411403,121.86434743434785,11.976754730534172,10.321477296721529
156.15306650144785,122.754217070816,11.9413278983883,10.310350226306982
156.8762360881661,123.64421884716181,11.906948539479265,10.295296441774745
156.89221465470706,123.83213762766258,11.874991406397402,10.271669127210256
156.73017682524375,124.01913687055408,11.847737378263627,10.249000328487652
156.91761839394718,125.43452566098884,11.823392237981011,10.222526724612454
158.15227556015284,125.62440172232222,11.802189128499187,10.192504776649937
157.98684582387733,126.85734856702834,11.78413461849874,10.169008965098095
158.51799397172564,126.86791728057244,11.766595565571553,10.147871538009898
158.17986178194585,126.70096305021131,11.747585913999178,10.134142983166122
157.50005966516997,126.36008881092341,11.71871613365774,10.121654454795346
157.68789634499933,126.01973804797035,11.689509020342932,10.109423488013643
158.21749329210908,126.37360360326097,11.667753702204932,10.093318094820042
158.23034946258744,127.75992939816591,11.64204136124822,10.082371050064786
158.2350321501167,128.80508749756987,11.63267598618973,10.05986439096142
158.4183826381705,128.98355034346696,11.610099966338868,10.04706365542396
158.42605231905785,128.6366049737587,11.594760604564138,10.053822821103413
158.43101621840904,128.64014899219177,11.584832805861755,10.046734784237312
158.26214700822422,128.64576771628364,11.579405025757287,10.03549733605352
157.92351121159717,128.65424130620377,11.570876873397001,10.018550156213282
158.27169307633807,128.49078418068586,11.559498870314533,10.002971544049469
158.791886929047,129.70016425737356,11.54530165651156,9.978655871108815
158.96898762304681,130.56438614864877,11.532549149446885,9.957456493233153
158.9780645823236,129.5526876079795,11.5143952308933,9.935410597614082
158.81447621494013,129.5636846684892,11.501304476628176,9.913416476594653
158.47812444264582,129.40430001689936,11.494592809414607,9.892478173873261
158.65262394545718,129.750998023293,11.484858049246833,9.877610651995818
159.50847053116428,129.5908176226703,11.467524534344346,9.859099521938893
159.3456444565235,129.43114221293297,11.454874495110387,9.840148152898042
158.6786217149534,129.4360710807512,11.437726652367548,9.830290417261606
159.02536574563592,129.78175374711975,11.418981588966533,9.813668082488528
158.69540915713958,129.62442095478266,11.405274149107846,9.791523358736985
159.37683233603565,129.4664486465161,11.387380932210233,9.77122969004648
159.21600541007533,129.98083112682446,11.373403827727046,9.749357598641458
158.88517652392386,129.82349819214713,11.364943381413822,9.728964358688026
158.89034016920158,129.6678939722183,11.354616090858375,9.705575651161759
159.06487980573505,130.01114829402636,11.339594378077205,9.687182128117174
160.57447481496362,133.69037537143433,11.32213557373786,9.666293163366966
161.74528935322127,135.03235448267444,11.310914554979815,9.645658435466487
161.7536929252389,135.04197676578355,11.294107410944564,9.626413869248283
161.5978322131344,134.71852365470852,11.273995871021125,9.6096541631335
161.44157392821026,134.23285684354158,11.25526418518182,9.587243018404704
160.46049303420781,132.9181065568589,11.233865020777287,9.571995655224146
160.47198582467144,133.42450473125012,11.210879439850045,9.549238993620234
160.47812901730327,132.94182458474043,11.198593054586327,9.52673943937783
160.32393027336295,132.7822508198005,11.178259766273257,9.517156193063885
160.66158019324814,132.46382834716658,11.159477692789276,9.497483372045354
159.85126931100478,131.81874091823573,11.141861036301403,9.4770674931274
159.86284783200912,131.82555898808442,11.118703994292705,9.463431353430021
159.7116696891213,131.66895928232813,11.094599213639334,9.45016969851357
159.23476083935319,131.51264023221879,11.070804389199921,9.436936957406981
159.2457661284566,131.35114354190262,11.048793810993082,9.434644437649595
159.09555494183454,130.70892306235046,11.024310262867909,9.4194617112768
158.94434566937485,131.04340695245125,11.002450169886831,9.3990512068761
159.76452008883354,130.7304926025993,10.980139175706777,9.377664768685088
159.77614887268368,131.8708819186606,10.956881608006482,9.357281833096703
159.78809340302342,131.23217461313797,10.932992547326997,9.34581133749523
159.79940487944688,131.55943556352858,10.910369594480093,9.334616163044648
159.80644965314386,131.56432547255162,10.89628004708612,9.324836344998598
169.42317537892208,138.11806914534048,10.907933141239077,9.368170438988889
169.26338017157843,137.78143596638384,10.905888798303543,9.398167281656493
168.77944617470473,138.25046763223946,10.907492225250744,9.426368516745436
168.9420468160365,138.0752949967345,10.904860212011187,9.454144518331317
168.77683895930815,138.06239208407933,10.912298702455141,9.479950343641635
168.61171213579846,138.0515894209636,10.919042001931057,9.501555669873103
167.95938236966765,138.03886838825588,10.927842814306613,9.52699773528856
167.79397882526638,138.02976174762856,10.93413684884889,9.545211016543178
167.3017538390446,137.69223138439034,10.943870378760915,9.570460781331919
167.29320770480604,138.65695676881612,10.960962647238006,9.593801228441434
167.28227962258813,138.81106257007033,10.982818811673821,9.611698639442405
168.5803818199763,141.0865053672755,11.000529432724289,9.63516432272898
167.75556599519103,141.24478228851322,11.013186794870318,9.646005337738455
168.41284878255834,140.5848516176042,11.009691630148438,9.654796269543821
172.3530188813121,152.04778243181184,10.997868436703397,9.678775902977414
172.85639858617805,153.3579386377575,10.975280013737086,9.682919455794156
172.53971167702332,153.02910182269926,10.953112517822763,9.685051771686926
172.38888777610694,153.19334892610604,10.92730196456522,9.68401591996367
172.89131247692234,152.3751611685765,10.903566245610884,9.685201963895258
172.24983481722043,152.53865962780642,10.879779159399188,9.684890646839355
172.5884756430297,152.53851543310532,10.855114067943708,9.685179036241538
172.43786914619972,152.70134061533147,10.830400285927011,9.685455447465928
172.77564606755547,152.70191911728412,10.805934863479196,9.684298443560653
172.62453177136794,152.05503648573867,10.783021095596544,9.67749426562077
172.63525095772707,152.05828526733694,10.761582722878316,9.670996702424267
172.9709301332148,152.0602326019887,10.738691153287776,9.667102033120743
174.11602420691284,152.06097806862974,10.715186785447838,9.665611099838655
175.42112081475835,152.06149070853766,10.692349838272591,9.664585820022793
175.2710731101044,151.9025092240953,10.669400279081682,9.659503820408696
175.12039799486084,150.94117138993536,10.648147155679338,9.646559365391758
176.2594533268026,150.9440145747873,10.624470103384992,9.640872995687882
175.78739562141544,150.9497949298848,10.60378811860212,9.62931228549284
176.60094443118462,150.9550297627116,10.582134931622104,9.618842619839247
176.61031553894597,150.96262790319042,10.56339271609936,9.6036463388816
176.78002293866928,151.1308971408923,10.544020603526631,9.587150550351721
176.94981505605972,151.2986948180061,10.523910063939097,9.571028891317466
177.118615916456,151.466665245748,10.505207468155055,9.553987160842201
177.4466471986156,151.79100266570882,10.485808643186555,9.541976060271296
177.45756745016226,151.7923871982674,10.463968140093266,9.539206995154156
178.41937877282754,152.26956930151152,10.445028789796632,9.53718443618283
178.42820559707732,152.11438362187315,10.427375141297071,9.530438386296419
178.75480653743188,153.54295702893586,10.407637092999481,9.523878818022723
178.9213684354078,153.38895780074492,10.390829960408022,9.515560611044217
178.61446678234753,153.07482607724444,10.372794882617256,9.511985674133907
178.9378685043584,153.70733927296092,10.357148515730605,9.509273436971014
178.78773020955757,153.5527371652035,10.342135885836067,9.50318843298967
179.11078310029544,153.39937691232095,10.325941549189986,9.494953216339905
178.49021584209865,153.08752369701813,10.308799458665082,9.48952134348633
178.65601205160308,153.24760157939883,10.291419680934037,9.48357822000276
178.9772601130929,153.2518158524172,10.276611904277525,9.47514967396603
178.200827479648,153.25935917208952,10.26209587717338,9.46006303462141
178.36586369642018,153.26465727276397,10.245029603260436,9.44946683327248
178.3747924105008,153.11369018442943,10.227172175099223,9.438833029202785
178.38479262579082,152.80400241649428,10.207171744519128,9.433975053243124
178.23796757520984,152.02873153101848,10.189097419151969,9.425894691548818
178.09096305404378,152.0339565653824,10.17179576513712,9.415444622821008
177.9434412444523,152.0398848639142,10.155968263222864,9.403588025757367
177.952410268058,152.19942571746785,10.138030216011407,9.394938499445153
177.9599171583202,152.20585181832269,10.123016435487024,9.382086297735482
178.27762182821917,151.43413531482696,10.106745772901059,9.377672611697143
178.43758792293107,151.59177663475518,10.096056267298758,9.371632655662252
178.44265859723438,151.75020112879855,10.08591491869213,9.363761419913924
179.22148853774718,152.98642390940225,10.07171554419525,9.360852669152441
179.22838819216275,152.2179753735417,10.057916235364072,9.35563920689933
179.2363688654365,152.37437643666073,10.041954888816594,9.350958549384044
179.24334091069514,152.530981142065,10.028010798299292,9.345544465953648
179.24968637722077,152.68961361135499,10.015319865248049,9.335768695874291
179.25597210145588,152.846586682651,10.002748416777827,9.32895543122056
179.26343118711114,151.92927403599262,9.987830245467308,9.32262529273701
179.2699003106726,151.9314079837655,9.974891998344363,9.318357397191276
179.275566107833,152.08718545711173,9.963560404023609,9.313020162085493
179.28331183561565,152.0896298643124,9.948068948458305,9.30813134768415
179.2901326227757,152.09152856709983,9.93442737413819,9.304333942109308
179.2981566956849,152.0936553797957,9.918379228319788,9.30008031671752
179.30557246972782,152.0956805713543,9.90354768023395,9.296029933600298
179.31352027015677,152.25043178463295,9.887652079376045,9.291264361458284
179.32116056334596,152.4054819524726,9.872371492997685,9.285574228520339
179.32824518027326,152.55965763842727,9.858202259143086,9.281301287002988
