174.9,98.1,35.0,31.4
173.02940949341163,96.2847228832456,34.580220777112785,31.923247409466164
172.19433191071883,95.59891681677651,34.13943638689353,32.239389764601924
170.829127665488,94.38169004664205,33.70906793524066,32.566658676794496
170.47221784920677,92.7359484272437,33.37086409660538,32.70207150199802
168.03060389736032,89.57324098045484,33.00994400020967,32.73450879546935
168.1646783529672,89.56685224559314,32.74179508899593,32.747286265192756
166.73255976785657,88.52498541310932,32.48730813569314,32.75187051447772
166.8343280261647,88.0389645808995,32.28377161907687,32.688306524808176
163.8266206294387,85.48167781002445,32.11100917569375,32.64606570252906
163.91403404436144,84.98045741500407,31.936182345848298,32.620560299712025
164.0170770673556,85.05835338116165,31.73009629986003,32.46476836739685
164.1156064463853,84.56178338290451,31.533037541800553,32.43889449097081
161.63863355465517,83.53709038702829,31.40965129356981,32.45734767004684
161.6854054022299,82.53374289956844,31.316107598420363,32.43645827886803
161.77059617149516,82.06720926741883,31.145726059889828,32.357554758272926
161.34593931316016,82.16955678458277,30.987032858657273,32.15285972394504
160.9361528451352,82.22341019318878,30.80436418420884,32.04515290673304
161.0006414119792,82.2815548765724,30.675387050520897,31.92886353996578
161.0763594847962,82.37247247693938,30.52395090488688,31.747028339231818
160.6271677319487,82.44708221223705,30.433890820043032,31.59780886863649
160.6964739488536,82.55865231363849,30.295278386233218,31.374668665833603
160.726388703644,82.63393416743061,30.23544887665239,31.224104958249374
160.76721337548653,82.65712978227457,30.15379953296738,31.17771372856145
160.83550537190712,83.13949828319427,30.01721554012616,31.18652075098722
160.90110300206018,84.11170587858629,29.88602027982006,31.18511645204452
161.442510669947,84.65493959540778,29.772595162511468,31.068039236866618
162.02365674185654,88.05493166457612,29.576034339191466,31.028174342023558
162.12735531964935,88.04157582468021,29.36863718360589,31.05488602181537
162.22542588186715,88.54419886876435,29.172496059170278,31.008711988681963
162.2818077111507,88.6350505271782,29.059732400603217,30.827008671854298
160.90642135155244,88.72048132680321,28.95888146855069,30.656147072604266
160.97954696117256,88.77926854514193,28.812630249310462,30.538572635926812
160.56987328264165,88.38484646009776,28.689933698622795,30.385372898265643
160.63742548665903,88.93749475739295,28.55482929058803,30.217743621901413
160.7346752241219,89.97922588407691,28.360329815662265,30.000011087027936
160.81211693847956,90.54076655229761,28.20544638694697,29.80325275109977
160.41482798892918,90.11352563102832,28.079279233458593,29.736989541049176
159.560803327564,86.68050884478883,27.951961484140714,30.179238361359502
159.14755230734866,86.53923156123871,27.85585461149484,30.461792928459754
158.7274072261602,87.07618078884886,27.770636953473755,30.313402293637473
159.2377345484339,87.6213483571622,27.671791851041753,30.14487669912614
160.17838236743444,89.56803163819927,27.625648408811045,29.921814528592723
160.67524979576302,90.09576190159413,27.545243948671732,29.779684398320814
160.7412189105262,91.1102269722705,27.41330571914542,29.570367682871932
161.24836628459178,91.21308008043306,27.303411226363295,29.364661466546806
161.32904766048236,91.28113689332238,27.1420484745821,29.22854784076815
161.38197843058538,91.36277542789134,27.036186934376047,29.065270771630257
161.44126699356698,91.46382956519847,26.917609808412863,28.863162497016
161.48096340034928,90.67303264939858,26.838216994848256,28.67409166986012
161.48875092294398,90.32992224794995,26.822641949658887,28.47922778815665
161.47474365876604,90.44541495386979,26.85065647801477,28.248242376316984
161.4648837818771,90.5312392892134,26.870376231792665,28.076593705629747
161.4866997118298,90.1743466418613,26.826744371887255,27.918201646809653
161.0632131078186,89.82024372174385,26.80473794144392,27.757427848578857
161.08076381690987,89.41424133995973,26.76963652326139,27.703344419088836
161.10337739532034,89.05094891266044,26.724409366440455,27.565255571727754
161.545532624862,90.42933807763966,26.701868470508813,27.39378593122448
164.5870254813642,93.52314566577549,26.629768663611557,27.217056661059985
164.63573841096456,93.63035343549406,26.53234280441087,27.002641121622837
164.6656151948334,93.71173285594782,26.472589236673194,26.839882280715322
164.6915243107749,93.7691949336256,26.420771004790183,26.724958125359752
164.7356980729889,92.60563646776015,26.332423480362166,26.521176833890873
164.34263678983035,92.66898308723111,26.27954847935972,26.394483594948966
164.36011547944653,92.75298591702295,26.24459110012738,26.226477935365253
164.39349112768113,93.25354307359545,26.177839803658195,26.058290186194903
164.4149839699574,93.34201037074924,26.134854119105633,25.88135559188733
164.41092562104748,93.77881100772977,26.142970816925494,25.833458037413457
164.40760686855725,93.83866203862242,26.149608321905944,25.713755975628164
164.8442778342588,94.30494129710853,26.09953909898411,25.60447016713724
164.88250337698202,95.6001704625639,26.023088013537688,25.476234836243407
164.93220273143018,95.63707415096002,25.923689304641364,25.402427459451157
166.17536274274488,98.53683311201537,25.881593024304177,25.306098269355598
166.22127684626096,99.01699119750377,25.789764817271994,25.158323680466335
166.6740965564814,101.10843584969525,25.692860872656254,25.019111755209074
166.30562156921425,101.18869142882929,25.624825676086573,24.858600596941002
166.32528398850442,101.25344549852397,25.58550083750624,24.72909245755165
165.15740244936438,101.26857943076041,25.52526537971812,24.698824593078776
165.18510660192618,100.93188166296348,25.469857074594536,24.57498869145466
164.40717905264316,100.96748828411774,25.436949332592913,24.503775449146147
164.4313845018263,101.03722676393383,25.388538434226607,24.36429848951395
164.47143834781383,101.10886167358983,25.30843074225158,24.22102867020194
162.52306680344154,99.58085913337939,25.274249855232384,24.132294570011766
162.17449599686424,99.60681705834878,25.18716275116651,24.080378720073
161.8234767933572,98.10918452304472,25.10717598625305,23.94754310297093
161.42951871048382,97.7936807776386,25.116450305280605,23.799908747063988
161.06617129068448,97.45875930823671,25.066715291588892,23.693321832577396
159.14928075497383,97.52421510543596,25.03078611700589,23.562410238178902
159.54982995123902,97.20270766320525,25.00097023255936,23.43414261455647
159.58411941610657,97.67615075208755,24.932391302824257,23.256017192136042
159.59722440805103,97.78002161646954,24.906181318935335,23.04827546337207
159.61695265239237,97.84688660650578,24.866724830252654,22.914545483299598
159.2618409405359,97.8924364258134,24.818623393100996,22.823445844684354
158.87887638616795,97.18534982547743,24.82844473507167,22.72540351182586
158.50498197396453,97.22060052497787,24.82154467457943,22.654902112824985
158.50682942216005,97.2692541685078,24.81784977818842,22.557594825765097
158.5128312956584,97.33993511696558,24.805846031191745,22.41623292884956
158.54988979754282,97.76265427733755,24.731729027422908,22.320162447113603
158.57288483370758,97.7979209406264,24.685738955093377,22.249629120535896
158.626213494571,97.83357683669841,24.579081633366528,22.17831732839187
