196.5,82.1,16.0,20.0
197.13054084764678,81.3023398120129,16.021302143666027,20.024724416234267
197.37921115615202,80.98342225951,16.095287737358163,20.091233310537522
197.357885633673,78.09494330678824,16.137938782316198,20.13256087674316
197.61826036371735,76.31292407970798,16.192088003874,20.24720724102475
197.58955431183358,74.5560778584561,16.249500107641534,20.29556370770687
197.83711175861373,72.48032527949077,16.333626664617917,20.392378711880983
198.0807720457469,71.5588563400544,16.428418653276864,20.488978901977802
200.12628774526974,71.5074101094879,16.433468748008316,20.591871363110823
200.09095142691493,71.15736108815153,16.504141384717887,20.705141355931833
200.05950403261764,67.57834574444881,16.5670361733125,20.786366930539156
200.0295338049622,66.37790557321938,16.626976628623364,20.819179160377935
200.29102079710248,66.64652947457058,16.697506259949677,20.875434973282363
201.45842308942593,64.18707994079944,16.744803790876784,21.03012980967648
201.42325633926896,62.91604168622629,16.815137291190762,21.177447283778893
201.37670354910833,61.36718723581757,16.908242871512012,21.26457652871904
201.03159269854527,61.31216720714543,16.993480291413025,21.37461658606331
200.99209801045717,60.64922667773036,17.072469667589267,21.484341596509363
200.66554086924276,58.14974586580852,17.11451918789416,21.59478512336211
199.09597346284838,55.57739994642473,17.18636099906259,21.831808159537037
196.89554423790796,50.868622566629256,17.259161530217792,21.97495309328732
196.86259842362506,48.310010329640974,17.325053158783586,22.118617282950424
197.45422542015507,47.32935227205343,17.391780650472747,22.20496117100175
197.42992908920215,45.03497008576731,17.44037331237861,22.40181565250166
197.39813383484562,43.71374925359464,17.503963821091617,22.519266023854275
197.35624259870627,43.66484954612488,17.58774629337035,22.617065438793805
197.30341748088063,43.61312163022376,17.693396529021634,22.72052127059603
196.32909073685528,43.55202825308287,17.721123585346618,22.842708024877826
196.27764414825276,43.49103964189881,17.82401676255165,22.964685247245942
196.88842762037487,44.06273810820811,17.894877844588166,23.113716340908077
197.1570374288102,43.99254123332051,18.007330977192698,23.254110090683273
197.1500797339314,41.2737853569071,18.021246366950308,23.46217744923492
195.12968636066879,35.970785090519996,18.119352625225538,23.55436334667575
195.43595278905778,37.87783439869451,18.166963291373218,23.70112586788088
196.75321399314137,38.48324366943005,18.185179342283455,23.81667655594849
197.056484362336,40.729110080301204,18.24390055695373,23.981777405622793
199.01310435001136,41.03499789013621,18.34326071171814,24.0387684743053
198.9544796557846,43.00425534210528,18.460510100171604,24.127913277427602
198.8938327854502,42.97991180963364,18.58180384084046,24.176600342370886
198.8506031170987,44.64493565917395,18.668263177543455,24.23313486936275
199.14979791226608,46.266764539071836,18.749479932643585,24.38750883674126
199.4115039619085,48.540055443441815,18.909384491688957,24.62414363631279
201.76378562357326,50.57610907256549,19.03191841301409,24.689548302055115
201.7325574482447,51.534742386426444,19.094374763671183,24.850093849673343
202.0537447764186,53.19991065636486,19.148101524075894,25.00026439355902
201.99152693775713,53.13889621500356,19.27253720139886,25.122293276281606
201.9467747108362,53.41520925571123,19.362041655240713,25.272884536454022
202.2524243093716,53.35000066754892,19.457747706128433,25.40330171277866
202.58851228564995,55.43965296935407,19.49615626108544,25.48750415425073
203.2861784948068,55.38251866188939,19.525846365938417,25.601772769180087
203.23354747939112,53.50783874659804,19.631108396769754,25.777346663926718
203.21059849502166,52.711104332813,19.677006365508696,25.932439385127605
203.135249551893,54.05932891023149,19.827704251766036,26.12530083258885
205.6747212802013,55.83024803583269,19.84316018688066,26.222319289765935
205.64338296632988,56.48340718584789,19.905836814623505,26.37503490212386
205.60637178709388,56.76357846861412,19.979859173095498,26.547587558848633
205.55417790417397,56.66994324236057,20.084246938935365,26.734858011355744
205.45610409072194,58.82706129863132,20.280394565839423,26.868781906672954
206.12730461670057,60.62052433585264,20.431286971080517,27.015089475226308
207.57548801420785,61.27311466962994,20.54043329422305,27.212665366750272
208.26114674854176,64.17996798799119,20.68153710637805,27.44864385331914
208.19909872899592,64.08592928808315,20.80563314546978,27.636721253135214
208.47094043257982,64.71442715941572,21.029040948526514,27.913907930919194
209.18247708601908,65.77881809099671,21.156022566457914,28.11020845497206
209.08593259896847,65.68835212397455,21.349111540559154,28.291140389016366
209.0210512205184,65.60173806181714,21.47887429745932,28.464368513331173
208.57046777082584,66.31157157007453,21.589151741172877,28.626480408159367
208.47511328796625,68.9924455138108,21.779860706892087,28.83110046046285
208.40192136399727,71.70372200167967,21.926244554830014,29.01889626356266
208.36811079040598,72.4303875793378,21.993865702012616,29.179111695266972
208.68862201475937,73.56347190349571,22.16319127076363,29.343987099324586
208.64985711484357,74.34100953482564,22.24072107059522,29.420248614395636
208.99617138584784,75.9292480394579,22.36620873422092,29.51623642766821
209.77089792004966,76.63552345320412,22.460068080122156,29.746998014480663
210.15912809743676,77.79323088394611,22.51035487072426,29.911824589125594
210.54870798986903,79.74330893478187,22.561302297564325,30.16220454597712
210.91087442320176,79.58389098700644,22.671760525209194,30.48104044152797
211.29076611265538,79.51266940304585,22.75348192548489,30.623483609449146
211.66239220353336,81.32035486105565,22.855267436243764,30.38826346348896
212.8735769676215,81.91273987295122,22.96221210533999,30.046598172121943
213.1902104379255,84.86434578133259,23.16855683828356,30.020668070220243
212.9653843844339,87.03193094711295,23.618208945266748,29.89850261243518
213.64081870009656,88.11168404406409,23.96350954914537,29.435165653736846
213.5013339274118,88.79277126731944,24.242479094514938,28.919546989053586
215.77879459933843,92.53632685490017,24.746103092163395,29.020253826144778
218.17154737393184,94.18688675619715,25.077542753845556,29.13043083079676
217.67310372334853,93.31064043834904,25.21452378709226,29.163110930653282
219.14070289974467,91.33702710580239,24.867219368707154,29.659812349870386
217.88650950329009,98.09446483575164,24.78138634745041,29.980775898856724
217.12215468989206,100.57256358617107,24.573434294214948,30.234563438112264
217.24028234437165,101.63844625592088,24.337178985255754,29.84055878417218
216.9486822679353,101.77421600737408,24.061453295914145,29.56901928126579
217.43689372664116,102.59506189630642,23.93525608195324,29.627778910302716
218.3602084782446,103.39906026180772,23.78678293065908,29.717938531212816
219.23541762525088,105.4224583371923,23.732464290979856,29.91139151627699
221.88923659549687,109.03162922688361,23.52574063599932,30.344421165161553
224.12905236110677,112.31473143795127,23.313352278400224,30.605805820819285
224.22586755824324,112.58982624481102,23.11972188412726,30.90960149462861
225.59696489539687,115.8101473763181,22.94392571831886,31.312688587611255
226.0574267240416,118.27465122602734,22.881747869215705,31.536155737310594
229.2236007913279,120.62805484143068,22.577369875077196,31.996180055447404
228.3672941398323,120.66267132550831,22.56374122283177,31.926947087292156
227.9380148258836,120.12285469912646,22.56046150778548,32.144741997112185
227.83580742056105,121.02129050965533,22.764876318430574,32.078082096742385
230.92618864695706,123.94775531134837,22.65650149525327,32.29754012297098
230.84367145944123,126.85478912248979,22.821535870284936,32.56669600463515
231.27690461111033,126.96982163025773,22.83094844036791,33.21250986252048
231.59299426775027,129.2518468509096,23.084640333292402,33.96368665844296
231.90622855998282,129.4257575866308,23.35969719875232,34.51739063692561
231.80217644883078,130.4941762480822,23.5678014210564,35.12414779174549
232.09113371139728,130.65221496586375,23.917109539776007,35.73529300003497
231.93507770705685,133.2608650007337,24.22922154845683,36.17203071548059
231.75428669604003,132.6182486457593,24.59080357049049,36.50307564544689
232.0038731581651,132.85466109048033,25.056889249857505,36.99550935962195
231.79248996812612,136.02328030488158,25.479655629935436,37.521944823206226
232.1220190641422,134.6987224213479,25.81618055754818,38.17989435098383
232.47928083423437,132.57166507324757,26.11285629595885,38.38921193280433
235.42390503684788,132.35470119292387,26.33961029113206,38.823139693451736
235.63313089458714,132.08953726408777,26.950872135402694,39.353467551123885
236.35533493349655,131.3737798299597,27.602415467943388,39.73700671420029
237.18917281430626,130.05594917496936,28.064076108743695,40.24333162176123
240.29984867690186,131.78596130763776,28.323106729508446,41.1035622537284
240.79417385324604,131.94477004040613,28.431932255602263,41.88342066697387
242.58274240605112,132.5680983833481,28.18824606839779,41.747914287225186
243.06404964502033,132.6036623408805,28.330653182130895,41.67678637216033
242.8187152897177,132.52845867330007,28.821321892736194,41.827193707321186
243.07459591693825,132.24761952023061,29.42635074538506,42.38887201346009
246.23212204492165,132.0370700587585,29.92380411327498,42.80997093640433
249.75672196163632,135.8020976022016,29.775264073839313,43.33068560917748
249.67496982557262,138.87029047074068,29.938768345966707,44.12769628222138
253.86855300847122,138.67224015977828,29.74448538334966,44.52379690414619
256.19397091159937,142.86801785765545,29.786362650244648,44.34448938640643
259.02638998224575,142.93603872879353,29.977313236133593,44.208447644130274
260.89997531437,141.04407847071423,29.746990071649833,44.475520660524076
261.13439221422647,136.6744491298334,29.278156271936897,45.007365158768835
263.5812932111267,134.33382829636196,29.07510399188563,46.170544540399845
263.6022957652759,127.26076508136053,29.033098883587137,47.26141575222809
263.5301226565977,123.1850432912357,29.177445100943565,46.99490274347126
266.07236871825404,124.96379092666139,28.896930949680282,47.04039095165687
265.70280024321977,124.79771097493051,29.636067899748852,47.372550855118625
265.34068805997634,123.92548430555533,30.360292266235685,47.902571953924344
266.2121026438441,124.1061350676793,31.086749664720983,48.77591371278681
267.8204800027164,124.36821190479553,31.650194282593326,49.51182648376001
268.2566928314736,124.19550775554018,32.058436279670325,49.85723478227071
271.88935153338724,123.37844545146555,32.54965548554507,50.198603288802985
272.3842461028958,123.21640679925336,32.86604168633632,50.52268059322736
274.76670621693506,118.21323688641564,33.36669188974753,51.31427216379592
275.20229812858776,116.34216681642303,33.83228587232343,52.38285669201867
277.3031123094064,111.15573820427872,33.71294763106928,53.230370302080026
277.22871053380425,105.66488870647845,33.86175118227351,53.23961617965592
275.69243222473716,100.04553470294522,34.18590050710768,53.48469501352233
275.52694808177,99.80446819315378,34.51686879304202,53.96682803310519
275.8943808439055,101.58827556241127,35.178220605137945,54.58786530369093
279.10597527248126,104.64200788213451,35.838674832183855,55.56404374844195
279.19749791088975,107.02720006927296,35.655629555366914,56.56402364034504
279.83874174966667,107.03732988103711,35.82775114873433,56.543764016816766
282.04245491165125,107.54105791761782,35.791941803372985,56.99351360319129
285.5972191681081,113.27175294425597,35.999344832946136,57.23921401789395
285.1958879865338,116.07169885946078,36.80200719609469,57.52168634193562
285.0572698875816,111.1456448862407,37.07924339399916,58.443508828994915
285.9456778474721,105.39732557641638,36.809396898906186,59.39136147582652
286.6049936225539,106.08861877895441,37.007470460134456,59.52548018214219
287.0399757065954,101.19521104204895,37.659579364105774,60.1798572236267
292.9574108687321,100.87835828834166,38.168297427371854,60.81356273104129
297.31410875027865,106.6310103971392,38.82143734452087,61.79697275376905
297.2533208180112,111.26850034524244,38.94301320905571,63.63057102639361
298.14397498900115,113.42722361654171,38.77831421478131,64.1629525269114
302.15016441792267,114.29472121438353,38.87503936210645,64.04977813226142
303.23594622378016,108.48948784699765,38.325236329162976,65.92968139440424
304.01728404686463,104.62321510948222,38.40316907491834,65.45918490981373
304.8178781467328,97.68262382025,38.43687156025478,66.26124200769551
309.6201516090538,86.28335446727782,38.71717786240739,67.64259872225156
310.1502624849496,79.31372346978011,39.3298799928063,68.19846965972161
315.7726759583371,79.30191669217544,39.926975853444446,68.22208321493095
316.4937762357938,79.08641224195974,40.18701685856136,68.65309211536237
318.10047071053026,79.78858287230756,40.399885227093,68.961879513669
319.4928261387004,84.53528382937,41.057936690392204,69.79676455846263
320.44269829336565,83.7693586354126,40.903291109006375,71.32861494637744
321.3433033160809,78.3767635352697,40.86747106300536,71.52146515008599
322.16735947459574,84.48022338735879,40.98701933214728,71.68816954910916
322.1395266540371,76.39913250385865,41.042684973264535,71.90058719491583
321.937513289236,75.18246458820664,41.446711702866736,72.55760053343654
321.6084220662199,79.87959040753609,42.104894148899035,73.92164765952094
321.7908835622135,80.32995069805158,41.7399711569118,74.84561622989585
320.8979580493643,72.82100221893825,41.693591110257515,75.20566460930245
320.79981090789835,72.75198580794412,41.88988539318952,75.3436974312907
318.9190325865393,69.63579374811059,41.96698114025351,76.04939020747673
317.59874748132574,69.21123324055247,42.753479050788386,76.89851122259296
318.3227956893196,79.41630842443823,43.18561514816884,79.05115101523953
319.32264026047386,92.60894760177074,43.10565356995375,81.4617861219759
325.2206885640965,103.82685835513098,43.03466735626818,82.47618540237492
326.15718154310895,116.61332565070134,43.12968899555415,82.48734957627437
329.18478301319175,130.6011551574028,42.983940140046826,82.08914295794344
330.87747838262254,140.51696092665915,43.52132879006844,79.91003866940518
330.19009429785586,149.42207025449608,44.896096959601735,75.66783796820525
330.22867335874224,143.9651676037484,46.71737290313089,73.29260481258726
329.4276065874464,146.8135197183165,48.3195064457226,71.38292648953083
323.56459558760946,145.88259881903113,48.696766121737504,71.3533079008251
