180.9,66.30000000000001,58.6,79.2
179.55393284245793,65.76963010153437,60.29213431508421,79.26073979693128
178.9263920282351,65.7440188147307,61.547215943529835,79.31196237053862
178.46886894681273,65.72495494930351,62.462262106374546,79.35009010139298
178.15910816964595,65.73223342421528,63.08178366070815,79.33553315156946
179.08797653628568,65.55605061625762,63.481156152740525,79.68789876748477
180.06459145489498,65.26212619306736,63.797008556567725,80.27574761386529
184.7090078535903,64.79667885827791,63.64149350605631,81.20664228344418
185.73410606263243,65.30150846199139,63.88645516390615,82.49214115195136
185.44353202893302,65.24740058004895,64.46760323130499,82.60035691583626
185.1640107043258,65.16090690589718,65.02664588051942,82.77334426413978
179.225835876026,64.18341457185423,65.19292402412734,82.38631462962735
173.35170118354083,64.1912932908684,65.24739283435419,82.370557191599
167.2641757278959,64.00753246470511,65.72540583076172,82.73807884392559
167.11986058460195,63.539615578543476,66.01403611734958,83.67391261624886
173.94043876149888,64.31299826361021,66.60533927722933,84.49922383172766
182.93148388278334,63.7748716145782,67.77920485137014,85.57547712979166
190.99138548369262,63.06146241461409,68.6716291246813,87.00229552971989
190.5368427936905,64.51688242129327,69.58071450468555,89.02535861197056
179.43593960609047,63.727252030400074,71.67807606577809,90.60461939375695
177.9254978795741,60.32665241375947,72.12719575176912,92.26229109295478
177.3288888824884,59.79792337394282,73.32041374594056,93.31974917258808
183.07543538293368,59.07096125418764,75.03010605520713,94.77367341209845
190.69348384728545,57.148767574653725,75.93989526019524,95.92707974888434
191.49024852967221,56.36646583887329,77.07004190496968,97.49168322044521
190.9640564471882,55.892391660056155,78.12242606993772,98.43983157807948
189.26637306408122,55.473150994815825,78.71961027637809,99.27831290856014
190.3242479117778,54.99574650167535,79.42476144373188,100.23312189484109
203.1670372687817,55.07053656628206,79.36381714660861,100.08354176562767
235.106884543145,58.21600708020963,78.04935769571225,99.48034938302983
266.2537789153193,59.81335131585617,77.64272455526869,99.09871343918698
277.7093987085891,59.945336935265864,77.13552553018752,98.83474220036759
286.5728678263971,60.362764279783185,76.13733395769128,97.99988751133294
285.41452495537646,61.81351374220184,75.69512817181011,97.85728011441815
286.94664621699053,63.00672311511827,75.38032701694665,98.22030273694996
296.76254873321653,62.82326331393399,74.9975736427488,98.58722233931852
289.6143606753781,63.61303166833797,75.54784882952296,99.75690581629107
270.90124244349363,63.47759189009971,76.88278469350456,100.02778537276758
237.2073378525931,64.32155330397411,77.01391671692448,98.33986254501878
196.57310864242663,57.66298332599643,77.70590231393014,94.98600812373401
165.35131096371907,58.748268448850354,77.17698595879733,92.81543787802616
133.4093121737664,58.71323522429014,76.36534948982401,92.88550432714659
100.17366664024343,50.7635569080946,75.74814385766183,92.68362175172771
70.76962568673625,50.21892988251281,75.80828359039477,93.77287580289129
49.05352180345528,49.92625152864352,76.22905237338625,94.35823251062988
32.74549398816475,49.637602562433315,76.39542738301427,94.93553044305028
31.299271010454667,48.24431511205654,76.57208383988926,95.00631584525865
42.1634856711358,48.21960378051604,76.60179592064489,95.05573850833966
73.497280146902,49.81883230617208,76.517606358204,94.5782988217707
99.39720222693663,49.651066730533245,76.25057748028837,94.91382997304837
111.55975590357062,50.56526306223218,76.34327567752128,95.79852681526171
112.73855934352449,51.31212769815361,76.71395309173734,97.03308183754267
111.29812526861599,50.92698135768512,76.84140252340518,97.80337451847964
111.20611169357326,50.529944977141156,77.02542967349065,98.59744727956758
112.75878586649156,49.92925201651295,76.70274223778358,99.79883320082399
122.84872629353622,50.958180620608424,76.0940248243547,100.53685648415596
146.3587309898104,52.184571549549496,76.62689132635094,100.88130262007057
165.35119094760688,54.145689000564765,78.00000917358923,96.95906771804003
170.40500966216004,54.309707822672486,78.98552426393626,93.85774194396124
168.86566138701022,55.33836549315933,79.3230042725692,91.80042660298756
170.4383980195104,57.19233484527508,78.89216975485066,90.80712664603796
180.0130370132777,58.00553203252207,78.58811730180186,89.18073227154397
180.35175123330345,58.85480725577533,77.91068886175036,87.48218182503746
174.6583899515996,64.3574223819229,76.17557601370737,86.97441990190288
156.59377382535592,64.0189697901878,76.06651717385061,87.65132508537309
151.95630772913398,63.781010179450575,74.95241641466235,88.12724430684753
152.4545059007016,66.38306109502557,73.95602007152712,88.09644185884096
161.67649777364693,66.315768814949,73.5021245513195,88.23102641899409
161.58175953415707,66.44172057070485,73.69160103029922,87.9791229074824
160.5619914585884,65.51211097487209,73.16724055131928,87.27444546903067
150.41932623933755,59.25756310036374,73.09712837065105,84.51695925366985
149.68472509556932,60.67586464579843,72.06597851762035,84.1807083033676
151.69833196099702,62.178879270044725,70.51719208200653,83.6531063501166
152.47400715545024,62.32576168837265,68.96584169310012,83.35934151346075
151.66851608921246,62.13420804850788,68.16146898265447,83.74244879319029
143.27948876396957,66.23689090804348,68.08210863714565,85.16989164325886
151.69140048423478,64.95945569520903,68.26129202568846,87.72476206892776
160.19766771112066,65.75816130845337,68.54840199785497,91.07010639270713
170.057229903799,64.60721332926187,69.0498643088724,93.37200235109016
179.00487216624947,63.551526245902465,69.15273287158718,95.48337651780895
177.32858747188993,63.07900579441244,69.90010286748135,96.428417420789
166.2829712389185,62.640610289358506,70.93512925773732,97.30520843089687
156.49667362366176,59.35708528777611,71.86976409680175,98.54712689364767
153.36128763610475,55.30600013649557,72.74647084702289,98.55819935886933
154.37496790266798,55.67410910745007,73.43079748315644,97.82198141696033
154.0854501026865,55.536816157657704,74.00983308311935,98.09656731654506
152.3667853322678,51.25339019319998,74.72173402684953,98.48713345413867
142.32852524838245,51.462472049603,75.59623916457093,98.06896974133262
130.82601753000458,51.67498963559069,76.592619693717,97.64393456935724
120.77860498074438,51.39572747741944,77.36140848672319,98.20245888569974
120.80238409939892,51.52554586115276,77.31385024941407,97.94282211823311
121.98586389164333,51.34709905590857,77.72417185047998,98.29971572872148
133.09792037970016,54.19322338638747,77.816100139624,98.1864773840781
144.45199882489266,55.62081093186125,77.42202068860544,98.12056197305135
154.55001199860303,55.61075316588919,76.6985623732274,98.14067750499547
157.69308671030132,54.499067024754055,75.95293437617683,97.59378907409274
156.53117840691266,54.838373275042784,75.52714258230876,96.91517657351528
137.68105220178083,55.38010008135523,74.97706182046623,95.83172296089039
127.4424940754654,56.13650261110362,73.80262362843311,94.3189179013936
118.62491296137853,56.99128435715431,72.7906946603148,92.60935440929222
163.57894490016898,57.83352062367797,71.99395599876637,90.92488187624491
182.6760529235757,59.21601770406745,72.52789170651695,90.74176449910355
192.03336872130097,59.454688178377836,71.92767826645527,90.26442355048277
184.02680789221506,59.411999640366844,72.51726998140394,90.34980062650476
164.50700063573976,59.11720788666928,72.83380529270411,90.93938413389989
143.56713616305905,56.039590421419746,73.18031318235307,91.90296643243491
123.50109674601671,55.44242610354864,74.06662379610923,93.09729506817712
112.54161569881839,55.11706019100269,74.79095934903751,93.74802689326901
93.4732944316809,52.266920521899955,75.53047695288518,94.10585981284201
73.06732249190503,52.26562928863943,76.00989980445353,94.10844227936306
51.4108555636432,50.48905458239487,76.1756590665292,94.96489327969917
43.24299823726903,50.36611165479922,76.2354355959802,95.21077913489047
48.676520525713016,50.709162066697765,76.2381328773248,94.52467831109338
67.9413814568528,52.5579867391044,75.60451550947306,93.53389357302494
88.64611083426031,53.142537748507074,74.41293040102195,92.3647915542196
99.96746592974051,53.46051100170064,72.91946728516251,91.72884504783246
104.18724421535106,53.612226794624405,72.30820137699703,91.42541346198493
99.14405046879702,53.939237565183774,72.01559960015042,90.7713919208662
97.97261980650283,53.96088955740476,71.77860124971076,90.72808793642422
100.50752685812066,54.02176299340412,71.85941703270021,90.60634106442551
111.9346235174112,55.58722311718823,72.17802816561428,90.05017686702342
122.46223684780179,55.7342118488037,71.69372269137007,89.75619940379248
122.31670006676983,57.32431136972611,71.98479625343398,89.13490960284132
113.34371553534484,57.136494338202866,72.05242058531019,89.51054366588781
112.36457189246434,57.05083825604968,71.44974156205159,89.68185583019418
112.67139582296136,57.59967236616362,73.38986729897421,88.5841876099663
121.11892357068379,56.1967501175474,74.47356756090873,86.25324474794748
119.04306942178924,50.077177319576904,76.07558245333158,83.19422991169074
113.32841022046875,51.37983821204001,77.39438052825426,80.58890812676452
113.26181251636942,54.41545444356167,77.52757593645293,79.5330817868844
122.31845453758262,55.33144675516314,76.86622529970992,80.19423050735051
132.74141106551554,56.27254401821814,75.9646516954445,80.80507841269056
139.32922281170664,56.944839221470616,75.23039461917838,81.94876128940882
137.17271516958942,58.07055452472622,74.55440283770517,82.19183421575141
127.62120347951816,59.15327667858909,73.75770302616006,82.51385530698663
121.72349377193444,58.219164860566664,73.15462810488157,81.90238007574229
121.86861878204012,58.4295096877357,72.86437808467022,81.48169042140421
132.02133009616955,59.29679263467176,72.15217292308868,82.19627671086675
142.28467967288356,60.06661848401253,71.21629745647536,83.10547797303705
142.47035984978407,60.81969496523315,70.84493710267436,84.04724188919398
132.62352540129353,60.784752971661845,70.88610743856424,84.11712587633659
122.81669453559266,62.115548902583,70.8332315406319,83.91385121816103
117.7862245807021,61.440197272853666,71.07698187427243,82.81025708358456
117.51762384369096,62.8016646805144,71.61418334829473,82.52838302225057
118.67438044097781,62.9540705140362,71.74602204821531,82.22357135520697
118.76507388016945,63.20259827155132,71.56463516983203,81.72651584017673
109.22963011684547,59.50467756989565,71.1792807693161,81.82626652080162
101.06265103933947,60.14261390921368,70.52168258525285,80.55039384216556
108.34818240422933,59.84467718037102,70.33154017080238,78.74944724729599
120.6329102832097,63.434762198911706,69.41793958029355,78.66603376045019
137.50523301210822,65.6722721693835,68.56712222240441,78.89013211949344
154.52477241470353,66.51547390968418,67.27862200873201,79.5430556811434
165.01402915768807,66.88358990936658,67.25794115990283,78.80682368177861
183.3499677711958,68.65696062933921,67.65567112219823,77.57693269116528
216.2683047702887,74.51778558251307,66.33381656800627,79.67988695138766
241.2905280960655,72.98580378900743,64.91361715470237,82.74385053839893
258.86863164537755,71.57405349525806,64.8530374862806,85.5673511258977
266.6450473090697,70.12814513210813,65.97559495470132,86.0769694527968
267.3818014614103,68.65499467007717,66.91057626533158,86.61478076154732
273.1018620447323,68.14071452202059,67.63105615713411,87.64334105766048
280.07831220948043,67.63020566537328,68.43687243200966,88.66435877095509
289.5957866065241,68.41559265034003,69.31181306590517,89.58232097951944
293.42630642993305,68.19169658911922,69.20247197882563,90.03011310196106
282.04570658949046,68.2993199963615,69.26265844868541,89.81486628747648
249.10796687042588,68.22076028812238,69.61792005102853,89.97198570395474
208.3061382569684,60.392274647396135,70.31732107514027,90.45940894738163
178.60801944805218,59.75516101364629,71.12704601834938,91.73363621488133
165.91209434687065,58.96622148327465,70.71733416901775,93.3115152756246
163.30958687538927,59.48827216195547,70.72692591878531,94.86512551486057
153.88056842489772,57.36810478839219,71.23284991494924,96.48372984701297
141.61515564622027,56.30405616819212,71.86956652486873,98.6118270874131
123.76231101890077,53.14087941996165,72.50099844963083,99.54214099466222
120.9953709349707,52.131889373493976,72.58947330767924,101.56012108759757
128.93390540176878,51.8796317996424,73.24255792945445,102.06463623530072
150.01147633181483,57.326800435022164,72.6908128405515,102.26453810352496
162.14002603123106,56.015293341329425,73.34089202720868,102.12008800363381
170.9315246961621,55.83886301209893,72.4141150111561,102.4729486620948
161.76401773098758,56.27472742819056,71.38676303458662,101.60121982991154
142.58576493900955,56.89298713695608,71.44362864967856,100.3647004123805
123.0899018875825,55.53088230660521,72.38665702121894,97.65338182575172
102.26549276103134,56.736107174093064,73.65733123737908,95.24293209077601
81.923827620301,59.9036192380757,74.20467124653027,94.259373332452
59.139352180157886,55.53599440286677,74.3915353331017,92.31648493376049
39.82543314840765,57.61071997436139,73.38098563776587,96.09471134253852
26.074265603175938,56.086857132344946,74.04023680313729,99.1424370265714
15.869581984607677,52.1682551265545,75.25567557258377,101.49566147595513
26.05858872891738,50.22974408611296,77.26274765562103,102.57454786038113
50.97394635716808,49.12729987225584,78.69196874056557,101.93166204690392
84.04381811300848,49.857302087261836,78.36389819350353,100.47165761689193
108.09599011887084,51.66860091168189,78.42899007274707,99.6825561969323
129.2546021017795,53.25650050525675,78.44759187585458,99.32914539437758
140.7141210790852,53.28675413995708,78.06644796335996,99.26863812497692
150.5023219248336,53.57751839532623,78.16050241386378,98.68710961423862
160.41674971735603,53.773038608201176,77.95002290369789,98.29606918848873
171.5711832937306,53.92497940130742,77.98629660193983,97.99218760227625
185.3416173024113,55.45685816957198,78.33583027831102,97.71747023512039
206.28386641556614,55.76372741696321,78.30887492314127,97.10373174033793
210.85221208229237,56.15418944449112,77.51388452884248,96.32280768528211
211.05997159830622,56.51709931799292,77.09836549681476,95.5969879382785
201.47202227932016,56.6581078274061,77.11178964664583,95.31497091945215
174.75211175710592,57.63759144544322,75.88461773827203,93.3560036833779
185.83004329948028,59.32018935998704,75.19278410560221,92.67381153580013
194.34892532700616,59.471584546214274,74.1219774159654,92.37102116334566
188.06866440421868,59.86539445642798,73.48748255834144,91.58340134291825
177.77808475767688,60.33145662579637,73.13695480641155,90.65127700418147
175.6904874467504,60.724288728926474,72.11951556081539,89.86561279792126
176.1502815770014,61.14523136748392,71.19992730031342,89.02372752080636
185.27200099269734,61.44255786107247,70.73311264598163,88.42907453362926
200.33195049886797,62.77979002724416,70.88558846119591,88.27730810358219
210.80485497682758,62.650838016286635,70.1225023646883,88.53521212549724
210.946033440422,63.77545703447039,69.84014543749946,88.80033266927751
200.8853272070525,63.83900464680272,69.85090023190328,88.67323744461285
187.74448920020637,63.60563050111643,71.01211187246102,89.13998573598543
177.01568081409818,63.003151293531324,72.16375588659615,90.34494415115564
170.27007095386557,65.75543074801382,72.77652417908742,92.56745609897501
169.96909116539226,65.03641036941842,73.37848375603402,94.00549685616582
167.85117416110984,60.26156727443837,74.96223049786383,95.5989212459208
163.45755007276668,57.93524281955358,75.64164905061278,97.5489602810446
154.79600629557692,55.45247437328419,76.50185575600062,99.77068369875144
147.36166176904192,54.42349625426862,77.40980401328372,101.82863993678258
147.08858629297885,53.78176896864086,77.95595496540984,103.1120945080381
146.77410758152814,53.2079846830153,78.58491238831127,104.25966307928923
149.438027045438,52.90693410167167,79.04793059583443,104.86176424197647
158.31044627600733,52.69287257547401,78.77689805408245,105.2898872943718
158.48302379820814,52.8153730418115,78.43174300968082,105.04488636169683
141.18668400050097,53.60944975439518,78.16487163607522,103.45673293652946
108.08241870051893,54.81777472354679,78.22131132542744,101.04008299822624
75.47367575686748,52.414597315465215,78.12063619276046,100.16659772569636
64.46054704220128,51.28016055110721,77.5484484860662,99.61066561240905
63.692779519704104,52.146299381368266,76.27712759673429,97.87838795188694
82.13658808511335,54.57748945273529,75.26054159024515,95.77531789563974
110.89649131883974,56.6889471259794,74.65527844625394,94.26261889788778
123.64252064860173,56.95958625366812,73.25583300072093,93.72134064251034
122.74267332516516,57.97906475587874,72.40983240496234,94.32807888072082
110.84441777664722,57.40137636151532,72.43583559017588,95.48345566944766
106.07746103506462,57.055502644892044,71.33227470915634,96.17520310269421
106.46875159400773,56.70645648458477,70.5496935912701,96.87329542330876
107.0473245485277,55.83740755695597,69.39254768223017,95.96181304621825
107.50554313043543,55.561703349693616,68.47611051841473,93.89673419764526
107.6444976393328,55.37021872119723,68.19820150061996,91.70997814885132
107.66873459660681,55.97344407058699,68.14972758607195,90.5035274500718
114.62831753411481,57.028541339163745,69.30439752882272,90.90563888254609
124.58619756746835,58.473454536246464,69.68849728344557,90.55329496604688
148.756371575478,60.02309096403461,69.57717289539059,89.99239177510029
169.1731237414564,60.24847583840466,69.19013079512007,89.54162202636019
178.69229160008817,60.02722316165559,70.26867087218626,89.98412737985832
187.69666573525618,59.69866453610736,70.03372227019969,90.64124463095479
187.754024764492,60.57314211887561,69.91900421172805,91.43767964944118
186.59654295883888,60.51432273702266,69.67819970741695,91.55531841314708
186.73446160884552,60.56306808937853,69.40236240740369,91.45782770843533
187.90591721328235,60.52385787640979,69.60703600471658,91.53624813437281
187.83269866122532,60.353841142449745,69.75347310883063,91.8762816022929
187.850676166604,60.448912659458195,69.71751809807333,91.68613856827601
185.85314053946774,60.36086292866446,68.60003310885324,91.86223802986348
172.14850150913747,60.623220510203645,68.0628613931486,91.33752286678511
141.66624445581735,60.735780833763606,68.45908504557768,91.11240221966519
98.197793739903,57.162826935843476,69.48641359937749,90.67805358509112
67.32252031687725,52.27422615951361,70.34964020123148,90.30736843038459
47.11562779758398,51.96743151255187,70.03661602842499,90.92095772430807
39.77606192361245,51.895632439159456,69.41727334434749,91.06455587109289
39.74600755292046,51.65607020267296,69.47738208573148,91.54368034406589
36.71099477405641,51.361885618348374,70.44713043116339,92.13204951271506
29.60816286224688,51.00945168842673,71.77714497950343,92.83691737255835
29.20440198933558,49.70114316052236,72.58466672532603,92.84571509805818
30.119222188289783,49.67816644532045,73.37622032403812,92.891668528462
42.04835423863865,50.00693484803699,73.23171445604771,92.23413172302892
69.93421337203432,57.8589953915763,72.52918371784791,92.2640642155479
89.69117484386338,56.79226267753981,72.18492842455987,91.78621846692954
100.29731162899674,57.19403434029511,71.75905987002535,90.98267514141894
109.44336881049227,56.139800916577144,71.51943120619609,90.51221546040318
118.27083529227023,56.27493790050036,71.83868940187173,90.24194149255675
127.45833437714381,57.46994303622631,71.44519711234085,90.42071777542145
141.40997599339468,58.42057949338658,71.75817034421196,91.0845590851348
147.8664481599906,60.132013281877285,71.74765039929478,92.82266126346327
147.71757827750739,59.68263874914118,72.0453901642612,93.72141032893549
147.596808823726,58.746521212905236,72.28692907182396,95.59364540140737
147.58796192653406,60.112835147604,72.30462286620786,98.17824259590446
155.3312367614454,62.989694329242504,73.00948307711558,100.52022917299267
156.34909666831305,65.00783965178917,73.71984604721604,101.97610409557078
157.36336323277587,66.5330034726965,74.47142454559894,104.48599970837321
157.06603992834445,65.86834118471964,75.06607115446178,105.81532428432696
156.67664635295074,64.04001443149608,75.84485830524918,106.61089012527911
156.52244560222033,64.02272690802626,76.15325980671003,106.64546517221874
156.58037748670301,63.883388341753886,76.03739603774463,106.92414230476348
156.12877111097688,58.0212325000832,76.9406087891969,107.07191882581031
157.3847554114617,50.052641276157566,77.34000672411402,105.54090205834125
158.78021235067013,50.752540215276795,77.4436423600438,104.14110418010279
160.09636151136647,52.296081478926446,77.68614751845486,103.92882513260726
161.4756547673108,52.39776703953234,77.80310514584987,103.72545401139547
161.49009563267327,53.381828215128806,77.77422341512491,104.63168075527915
161.93526099660875,54.38752426985646,76.88389268725399,105.508069859667
162.2992763452959,54.017934038508066,76.15586198987967,106.2472503223638
162.53529539137756,55.08566976716395,75.68382389771637,106.99753790139934
164.04869405137532,54.995731820558504,75.54641222079155,107.17741379461023
165.4691742724939,55.26015248038126,75.59529971681901,106.64857247496472
165.70112541775097,54.79142272737884,75.13139742630486,104.70344166989905
155.87682517854847,54.59342757836657,74.86367702914556,102.2542432714144
137.8151041365847,55.689613901785236,74.54437042180578,100.06187062457707
122.70755677291656,56.822570214344566,74.35095591851658,97.79595799945841
113.25043275703791,56.58162546066557,74.18026318855198,95.55142739799898
