144.9,144.3,5.8,14.8
145.67084027846448,143.96673971267376,5.812188097386101,14.785754156441884
145.66582708907288,144.29295715967092,5.8222144761693215,14.77181178332498
146.62131332489966,143.65771492980693,5.826587890189526,14.765398985937152
147.26043897604077,144.13302501692357,5.825176189066511,14.77240851257336
148.5401879176608,143.8140469800647,5.819968467987517,14.771792045750802
149.66001279645138,144.1345105739813,5.814603988220216,14.76923208015015
149.65711751110598,143.8226872268826,5.820394558911006,14.754778960536424
150.77366897818712,144.14536055190905,5.81990157439866,14.747320867526398
151.7296994219626,143.51337912367143,5.820803435223504,14.73597522508449
152.3705534126657,143.9910773805478,5.813809912100135,14.736614555043841
153.64565325846976,144.31385499617505,5.812106858770893,14.728183483359073
153.64417472930887,143.84632712464253,5.8150639170926715,14.708012142901042
154.9228097626206,144.17174265383844,5.803148517487598,14.69351975126386
155.88117654710751,143.8564210829282,5.792882316376491,14.688673770463446
157.15336433494983,144.00586009570432,5.788422741380195,14.707285244997204
157.31547273439233,144.48756945013088,5.7818853842685884,14.696904861464303
157.79648454473872,144.48945218507248,5.772095044780629,14.69313939158112
159.0657770280961,144.49088200041922,5.770951701873661,14.690279760887648
160.33212319172355,144.49016482887103,5.775204278317352,14.691714103983974
160.49215045585282,144.48791585464932,5.772365236261376,14.696212052427422
161.59740461153072,144.64337253690897,5.7824645870537905,14.702528353929269
161.9105498020489,144.6486120279927,5.791180505930584,14.69204937176182
163.17705251004884,144.6529558697975,5.79823818150745,14.683361688152246
163.33752775500705,144.6607083575293,5.7947964239775125,14.667856712688604
164.44733499525333,144.66183743363396,5.795733739253548,14.665598560479298
165.39917605614357,144.6711284472451,5.795286156693896,14.647016533257009
165.558320501084,144.68355436075825,5.793925140922686,14.622164706230732
166.82354166510945,144.69463984274063,5.795822734853499,14.599993742265974
168.08831184385272,144.70411793096483,5.79631914646236,14.581037565817551
169.35015288114067,144.71149175334503,5.800542431130925,14.566289921057129
169.35024161771028,144.720616772436,5.800364957991665,14.548039882875255
169.6628601537735,144.73074613813577,5.806290871741722,14.527781151475669
170.91921403343053,144.73724054197137,5.8167317271712715,14.51479234380447
172.17977909210362,144.74577807814515,5.818740018420784,14.497717271456917
172.18257442896282,144.75173715105805,5.81314934470234,14.485799125631113
172.81829843186296,144.75774906922823,5.801327656441193,14.473775289290769
174.0784104235905,144.60859766545548,5.797260410126402,14.457558504693761
175.17341238423566,144.61589729713018,5.8067325830686265,14.44295924134435
175.17169437595078,144.62536239465237,5.810168599638416,14.42402904629994
176.1167515969586,144.6342363337482,5.803784858535093,14.406281168108281
176.59402742571967,144.63911287949503,5.789980835998113,14.39652807661462
177.84815442201088,144.48876169988404,5.787271354511862,14.384037371949589
178.94299832556533,144.1845424986926,5.788323537886871,14.366550062765686
179.72507950262818,144.0373541954204,5.78779864384429,14.348199177293429
180.35592966067867,143.88828207668627,5.775903346430062,14.333892160090002
180.5164172480297,143.73801046339645,5.76695801065612,14.322405547741466
181.612746826038,144.51755486663663,5.756215249901887,14.32182845216281
182.3951243593623,144.36839841415198,5.748966078848746,14.308640178013013
182.70866058013715,144.3740544672318,5.7442523611639,14.297328071853414
183.9503029281497,144.2255470449971,5.748410243259417,14.283412594057685
185.03979788271556,144.07146600236968,5.745038829674346,14.280772037091586
185.97389321191855,144.07438168559608,5.741070713764939,14.274940670638797
186.12586042355773,143.924211245788,5.747684065628754,14.264733775112788
187.20962477297786,143.77108217508126,5.753781677683825,14.260473872112625
187.21370951279647,144.5451655961836,5.74561219804662,14.265134477710573
187.99235707008773,144.39194687526947,5.740750577630834,14.26108522070549
189.23769374567595,144.39157612969646,5.732802020985542,14.261826711851494
189.23894853434973,144.2392289443093,5.730292443638,14.256312337800827
190.3203518732307,144.0887381454548,5.738070573331642,14.247210391587538
191.24798766814524,143.7828271920183,5.743343730626053,14.238850716086052
192.02690053073465,144.09251358477638,5.735837221470711,14.23960561697925
193.2709720056665,143.9406604738794,5.72721551275409,14.233371683629791
193.73736799111205,144.08767404407251,5.723508020862134,14.24903936957665
194.20212322969937,143.78373007905887,5.723565712839034,14.237215186836256
195.28149857881508,143.78256352259706,5.732611457213132,14.239548299759878
195.59238724298598,144.25078649795302,5.730597019194927,14.232746684533357
197.14574049091104,144.39853230407155,5.721354670351406,14.247001486996991
197.45918305813328,143.92743327898398,5.714045103569105,14.259836185678786
198.07954415501996,143.93058895730945,5.7126953906739395,14.25352482902787
199.1594640058986,144.2401721448346,5.720945792804771,14.253812769374202
199.31510667079976,144.0884188896549,5.719539915724852,14.247439827011219
200.55669291329986,144.24291548274607,5.714460088144707,14.248208223006303
201.7913992356835,144.85518234274565,5.722499958142104,14.262400760389534
201.94357391161063,144.708426567959,5.728182787389767,14.245880128860968
203.17755191211813,144.40459771629833,5.7393790143570875,14.23374977518673
203.33728212874644,143.94489834783525,5.729837134327235,14.223392852432664
204.73670168492836,144.0969118423736,5.717369095005226,14.228962649249452
204.89672678967474,144.55564493313574,5.706772915657565,14.239858558160527
205.98133876251524,143.77904718562232,5.703504366366022,14.245943055766299
206.44205556371074,144.08367650005175,5.710426592197202,14.255588312388893
207.83244765419386,144.53735654346482,5.717090134922385,14.277377466793185
208.7640140856516,144.52944926147305,5.714873669217012,14.293192030776762
209.39055795273381,144.68020905861056,5.703156964353513,14.30201519382694
209.7052845904597,144.6747614876361,5.694224688014851,14.312910335775854
210.94415962624373,144.674134739477,5.69854088551374,14.314163832094035
212.03181628991413,144.67120296663018,5.695705972172517,14.320027377787692
213.12298787184687,144.66916015272267,5.686080864063767,14.32411300560275
213.90461906980457,144.96710187671016,5.674191634091278,14.348778824004922
214.06526813054555,144.02630926846876,5.663312579638742,14.367849638311297
215.15500449600955,144.02109431015631,5.6573416017160465,14.37827955493615
216.0884361022339,144.1696585348626,5.65374363264539,14.39169531275327
216.86605429767565,144.3132249686623,5.651878139121204,14.415236624625742
217.33755430445353,144.4629166203201,5.641824928332625,14.426835588899147
217.4959854807668,144.76864205315633,5.6359321019939195,14.437323775802383
218.58508666941916,144.92295392297117,5.634838523447254,14.439715578852416
219.3641729765595,143.9924156441855,5.631818609247743,14.434608896326369
219.9915894788379,144.1428436354993,5.620593743526147,14.444654948407603
221.24052190416978,144.44392112704378,5.609492676857343,14.464190911317441
221.24325403044853,144.74342787524068,5.604028424299809,14.487034765334604
222.18046352103602,144.89173792007443,5.596577743554075,14.501576059071942
223.4212790348839,144.5792893106013,5.604849004866743,14.503997705766158
223.88413803028584,144.88678024875082,5.613397448338361,14.511860118984107
225.12682185676343,143.9442167536419,5.621552778021721,14.526844872222997
226.21036927389036,143.93484244115535,5.638841375485082,14.54559349719613
225.89565032680497,143.92624359513695,5.643002288180046,14.562791189232929
227.1412606455325,143.91752739356824,5.655485130033407,14.580223592370372
228.23670086568504,143.91248621524863,5.658690765508129,14.590305949009585
228.23541436874882,144.05817436359092,5.661263759380546,14.612574550496245
228.70415377017295,144.5066844939679,5.665827687949113,14.657597021159043
229.96164740146375,144.80488025355436,5.668835805622288,14.69070434704984
231.06084282881608,143.53643504854404,5.677430936456082,14.705325059312313
231.3701939449124,144.62504615224282,5.690030279366908,14.737658364776923
231.68680815388726,144.60336438297506,5.689495699750044,14.781021903312423
232.80074343218985,144.42770331881016,5.680386500092751,14.815378123506814
233.75419073313478,144.41204338543335,5.677288121169162,14.846697990260479
233.75210431985073,143.2964880059442,5.681460947737239,14.853928062747483
234.70235464310713,143.46108647074726,5.688224671215768,14.84260852813992
235.3337253869925,143.62919514519507,5.696825415363533,14.824226737223949
236.60045759006732,144.11447685045232,5.705156865688346,14.806836772887399
236.9161467756135,144.1152472428668,5.709024131446735,14.805295988058447
238.02534319240795,143.6501060938821,5.714323267725848,14.782567441798703
239.2888601500288,143.65774192380803,5.726780372905861,14.767295781946803
239.2825831282936,143.49976271333242,5.739334416376248,14.765814579715755
239.91394298273582,143.9799193015109,5.747192726322193,14.758434917481575
240.86312829814193,144.14279039877184,5.754896775069903,14.750371836219704
241.17918969160985,143.0376219569843,5.758175944192548,14.736801873589961
241.9686402838991,143.20121161719163,5.767090629989344,14.727185727250419
243.39650313596084,143.36420920184986,5.769622872423083,14.718774774218105
243.7151213870542,143.52207215200593,5.76740188526886,14.720556631422193
244.98580379504622,144.13809553523117,5.765986031945756,14.758484346302179
245.30805105078548,143.02574032103806,5.757528486457394,14.757065393722913
246.5780735221119,143.9869276804484,5.76024763410243,14.741763742625732
247.84783757465885,143.99310832865223,5.7620994642559,14.729402446218028
248.16362097103976,143.20297540567367,5.765585642507974,14.722035864640423
248.1666674629754,143.35959674900693,5.7594926586366855,14.726275555390252
249.11900490099254,143.51663737892912,5.759422717233887,14.729628451317758
250.3875129420153,143.52036385996203,5.762259018690356,14.722175489251944
250.38470361701607,143.52070736855802,5.767877668688838,14.721488472059939
251.4992744449901,143.51697708178492,5.76134599550137,14.728949045606171
252.45218060254135,143.662939355559,5.760571685694882,14.754530832273979
253.56646655812148,143.4962968999316,5.757044777554257,14.769952171668827
254.51970801812524,143.3407208669682,5.758704378521567,14.763080484099746
254.83959231592095,143.17808078356097,5.754843719217386,14.770406682770632
254.99822174190746,142.8590156312399,5.755575546788906,14.772555628323632
256.26982459636037,143.17270821661282,5.75665018676096,14.781240544797287
257.06550826691375,142.53384218029427,5.756184854844982,14.786251010081816
257.22085913601296,142.69238667913342,5.763727814891098,14.787406710648062
258.3308914242247,142.85015429521326,5.77244511763722,14.79026888979831
259.2818918175063,142.85407089887704,5.78202046000399,14.782435682470744
260.076839878815,143.0180616173021,5.7853986940511914,14.77310911695357
260.23982980761923,143.32978850958654,5.777999214991272,14.786816089481642
261.3522224357618,142.5328323355766,5.78373590343408,14.787498476981607
262.46385161512706,142.84678176083605,5.791792198281695,14.797118098913579
263.25378391370947,143.32494971401727,5.80714729338501,14.797914007912057
263.40105863678053,142.6865272989575,5.831929853899217,14.797430811406402
264.6720953610045,142.84305014067425,5.848024993527815,14.804156201482456
264.50840135455076,143.1510433809651,5.855254707048212,14.828486319675102
265.78597172515407,142.50495737315836,5.865247005759924,14.8380918153294
265.77701863629835,142.65451648255402,5.883153183471329,14.859934448747282
266.8941762464176,143.12851363000595,5.900038600422823,14.876740426924835
267.6973899087917,142.95608717776204,5.904350224110524,14.899445541725497
268.5064825919638,143.9136686796957,5.8989402253857195,14.919612979001391
269.79225001066914,143.91011911510435,5.909410620145499,14.926712108184054
269.78552755784807,143.90753080306175,5.922855525787669,14.93188873226925
270.9118256039132,143.90337070960646,5.933772389943671,14.940208919179858
271.72077849343265,143.90194838167423,5.934247102089729,14.943053575044287
272.0444994742703,143.89095954486902,5.93425704270704,14.965031248654698
273.17662422807336,143.88830456474332,5.938324955989656,14.970341208906097
273.982880518044,143.8845274580238,5.946790403659997,14.977895422345194
274.62704121264505,144.03843569127875,5.956299080485019,14.994536472342087
274.7889093844936,143.2230371343974,5.9574328968962265,15.000982785563208
275.93096972960404,143.54151450897714,5.948201442578009,15.013996389518818
277.07389789566724,143.7054793053181,5.937395626212133,15.011074013374133
278.0479280119347,143.8751934976962,5.93795807840215,14.996416076072126
278.20945604526014,144.20659886760873,5.939469713435078,14.982740739614737
279.501609961278,143.55712934910596,5.950332095791876,14.984094669424017
280.6335946220496,144.20553020565288,5.958641370679547,14.985737868576383
280.46724099081575,144.03730020863364,5.9665641809212175,14.997413410388896
281.7633267342799,143.71612677920484,5.975164301200636,14.989567367444584
281.75853175537327,144.050530763404,5.984754259013858,14.971033401598243
282.73291732156804,143.73030708861154,5.986222915889199,14.96140082142815
283.06162455648445,144.86764382446896,5.9786611627176205,14.961211858027179
284.36491215724254,144.86766200454866,5.970388432750069,14.961175497867748
285.5048693961175,144.8716075696128,5.962944729201708,14.953284367739519
286.643247783603,144.8845551015864,5.9569200571747976,14.92738930379234
286.4845458541469,144.73127608763755,5.950418095035505,14.910041510638552
287.78290305890283,144.57364457245313,5.941999329756535,14.90176758547831
287.7808595468405,144.57315220009224,5.946086353881202,14.902752330200075
288.916329583526,144.7387106317879,5.938618873753112,14.89498869441484
289.5655932217223,144.74772583311534,5.932516675131239,14.876958291759976
289.7298935742229,144.59658960325896,5.926650639345331,14.856496082257415
290.8618938021358,144.75739900050695,5.918974030280686,14.857209265870129
291.99628213661543,145.07785904477683,5.905628283329053,14.860698012189717
292.9689405883186,144.75823643979746,5.892402933038789,14.855912704443131
293.4539982069451,144.76702450421334,5.887411709470369,14.838336575611388
294.7393352311184,144.77692504808516,5.887641576464782,14.818535487867731
294.7381176692946,144.7826641336879,5.890076700112416,14.807057316662288
295.7036696792395,144.94912346417507,5.884711928062024,14.795095196994485
295.8685722045842,145.9135972091367,5.8755932308971115,14.790265828218189
