128.7,62.900000000000006,15.2,36.0
128.666089610597,63.725342572155355,15.063897526922688,36.53362184815608
131.99303491438553,63.63256844814967,14.821397355635382,36.71917009616746
132.9445169208596,63.04957053691389,14.517994592445161,37.08538529376006
136.24651081012388,60.98452543908141,14.311183948367079,37.21723978039345
136.7181050533152,63.47507899144041,14.165825520223516,37.82094308334908
139.63813254321954,64.87414666737104,13.953378631338326,38.23858378344413
140.5932370743557,62.574811127505484,13.655422390821984,38.80662280878543
146.18370226996007,63.314364913532074,13.798993782483468,38.94530120571371
146.49409300503467,63.11776192681529,13.991726701102277,39.33850717914729
149.75212413905075,63.15391673420359,14.057285862649584,39.266197564370685
149.68567563858213,63.14045786619817,14.190182863586823,39.29311530038153
152.51664763431413,62.82270669265337,14.307891804371776,39.102952942864135
152.04090152166407,65.26088311294214,14.434324589324742,39.17695674436955
151.88748877917982,65.25575343444316,14.741150074293195,39.18721610136751
151.27255211841882,65.23111755028376,15.136885298719847,39.23648786968634
148.92043939606438,62.80908546063506,15.631082362839571,39.028517992276726
151.9159720988491,64.41321195332831,15.575196772084674,39.21179632964141
153.75251575548398,64.33155856218926,15.300276512776499,39.37510311191953
152.97269183669417,65.10894502073246,15.165998414374789,39.514256130814495
153.48502153939498,65.24523527040718,14.987896565754275,40.08823318824619
153.55938568594595,65.10299135732802,14.839168272652328,40.37272101440449
153.5566804805054,64.1955060656376,14.844578683533452,40.48156673350484
153.49091161896357,63.75136807486782,14.976116406617093,40.51510893758076
153.48214834963892,63.80823253384371,14.993642945266409,40.40138001962899
153.95800084649633,62.91299931466166,14.89821888849518,40.47928458410578
157.05649284068977,64.24273258838438,14.690961416968968,41.242518903437855
157.0452759735998,65.49848448581844,14.713395151148914,42.18271060585857
157.2934176752888,66.37682499258301,15.093999683051436,42.17980546289054
157.7791850068236,66.1767038881937,15.00626120120564,42.580047671669156
158.38025086618393,67.62723745021968,14.692097247944188,43.23085160945386
158.88713644829923,66.45803200016822,14.56991346887601,43.786087739231874
158.79308570023892,68.04775574829779,14.75801496499663,43.29861329899956
159.09788331220616,68.72046176836916,15.042191706321997,42.84697322411669
159.43377528677402,69.20542391960845,15.2628796874063,42.76952085185816
159.50788259435856,68.64759854468166,15.114665072237253,42.9897875856569
161.6950934600348,68.6271440747894,15.219517479112637,43.03069652544141
162.57953102437529,69.15285509881807,15.247361915624852,42.87763425998069
163.27847764544475,70.29364028652469,15.642789797972892,42.38938500905442
166.400722591134,69.68437005775559,15.67594777977035,42.71111862756749
167.6840413657857,65.16866141775932,15.815488657302657,42.72194115144114
170.85230578642737,66.78649286666544,15.812207487020807,43.10527692277265
173.19962376471716,68.41939791603912,15.668728479507308,43.48039238327816
173.2133531056292,68.52118968129601,15.641269797683218,43.27680885276436
176.42076338218408,69.10942033794605,15.593650628846536,43.009947737217566
176.98119209579423,69.15108182448667,15.377673270602491,42.92662476413633
180.0597569968331,68.33664584004998,15.518749638942946,42.75600925574735
183.6315711485829,70.94932695511031,15.573920303787297,42.92974625188465
186.04518922190002,70.10805168214367,15.26349825575268,43.70893397809803
186.63179842483493,55.89020135146088,14.999219421699689,44.87644748495764
190.22300144956307,58.815967602963674,15.183956495505504,45.47116521480639
190.08416760386794,57.48120243893493,15.461624186895797,45.34217965383596
190.5290969651804,56.008145748691256,15.507850620786268,45.48003756477708
191.7673285484527,58.78819111680718,15.848138022467674,45.553447964997204
193.14787055291032,71.92556779414471,15.925680025368537,45.77253738727266
200.61175588237745,71.32908324719772,16.21044734138619,46.01472285773218
202.91817134816222,72.04941083842903,16.395016771500323,45.53354774760629
203.00029714047142,74.66334126586717,16.23076518688192,45.08521536605602
206.35609283598842,74.75207980104108,16.14426944869857,44.9077382957082
206.2666481609526,74.02600504397492,16.323158798770223,44.475278177867
206.97538898080387,75.61791173659653,16.784304253166162,44.10940543377151
207.12465405876475,78.0402087225912,17.428151961403856,43.9767007825792
206.4144893815215,77.94211450697543,17.896419384729057,44.172889213810734
206.0834931965611,77.54590037829333,18.55841175464988,44.00199685521353
208.35224682093562,78.64229707002022,18.88423733359038,43.75453660283556
212.27915222271415,79.76811584871336,18.829260830422978,43.45260762054666
212.35831962280386,80.83642616934722,18.67092603024353,43.25491863829345
211.98924702100456,80.88352675488986,18.445307215589686,43.16071746720817
213.1876958665609,80.33992721469023,17.96516095014447,43.2895408347737
213.87821219969362,80.78678808461783,17.53582051101571,43.34751132205523
216.4388820717173,81.72768894144507,17.138735990771387,43.355411697921994
217.17072924871601,81.4546243397863,16.612876283527882,43.90154090123951
219.77210243709177,81.29650284115222,16.091464487556447,44.21778389850768
220.3567420297827,81.88253412105412,15.853566682112131,43.977102718641426
223.4129727160903,82.48412108406832,16.206137876385647,43.697504873597126
223.31070629338635,83.08006086141698,16.41067072179355,43.43157038784951
225.7453681523918,83.1732831038691,16.170363103552038,43.245125902945304
228.2578991719413,83.0947075355844,15.739064730773855,43.40227703951467
231.6232046592749,83.8903821487753,15.4007973565937,43.63731169898631
231.68767898936954,84.78377371460346,15.271848696404383,43.67136175511992
232.1577867986251,84.80719293846047,15.240183974036949,43.62452330740586
235.402457015153,84.40798568510635,15.10192207627852,43.515640880500214
236.37612605822886,84.40238001688257,14.960981378010928,43.52685221694776
239.88519238468345,84.87348829947689,15.149078111031226,43.48541432500032
240.24007702032785,85.39765072061545,15.342935059630516,43.34071570261132
240.7384931132649,86.19984331023763,15.251186328995491,43.54649743384513
241.86401834371586,86.93060840711684,14.812883393741547,43.89771476573471
243.83730195264567,86.82758552408036,14.479903851398403,44.103760531807666
245.76786313465286,86.62752274069955,14.219697536503968,44.50388609856929
247.2158333710799,86.86093434155836,14.027247400907726,44.938226342604246
249.88911916895077,70.84133294549153,14.103596796797284,45.343723350221936
249.0981211231909,71.40277376684398,13.863506196218774,46.04292839961521
249.41479326105295,70.9696476832522,14.146739601573428,46.909180566798774
253.03626332358925,85.90192233803879,14.377718774160693,46.940308447865235
252.36048502838096,84.28094077908031,14.790288644237497,46.4263246844229
252.1988664987249,88.18609691927881,15.113525703549586,46.1302770486858
254.1304572982068,91.3918050483284,15.01437878903642,46.30592148837523
252.73554533540357,91.07945383662083,14.979103599563373,46.93062391179037
255.55069346614437,91.28862133450954,15.048849748242343,47.462295984373036
258.95337355447396,92.2653230711909,14.955923071966577,48.38564972546038
260.4861412594267,91.89473662259923,14.801643533583722,49.12682262264374
265.44955262992534,91.48422905120617,14.65629503566949,49.947837765429846
271.72462892609695,92.05153695417378,14.939223012610677,50.78754204707686
269.6572142601723,91.9836466138176,15.056295858668769,51.92776184923703
270.0230447428119,93.54915218721032,15.347537695702512,52.88836191170349
271.10228376746386,95.51539895605785,15.27318672166351,54.16618606217072
272.1819955641801,94.67444216782953,15.231535068305895,55.84809963862738
273.6502381203348,95.24073580258712,15.54118633209222,56.87960328650934
275.15562689956977,94.42588114399496,15.838104978701963,57.40674720200044
276.68180295342296,90.25478224482396,16.132756284868506,57.93927036797241
268.01974148759194,103.04891751079816,16.52486867613631,58.31341599796188
266.7400610796188,102.60389986763457,16.801217007483704,58.06194504198966
264.997083389973,104.29322711765079,16.857852569451907,58.11261035928056
263.80417141606534,103.30233515489479,16.953895323307243,57.804613090832625
261.9453288761708,104.67594303957756,17.24470001310119,57.34198424813054
260.65239760119294,103.78287933782711,17.548327273645256,56.84587636221968
260.5459626264612,102.84197927595599,17.76119722310872,56.44832545597439
288.0370772846014,90.34866041201043,18.537785213858847,55.26245710097365
288.201730625577,89.78026921210116,19.34373495019093,54.1287266642258
287.9661461964316,91.03805644670467,19.81490380848161,52.74683770573852
288.33746008924186,94.07357655441332,20.194554881512637,51.16491292492705
291.6899468094955,96.02148753406729,20.126785586775995,50.587693038504405
291.4160154673069,96.51374777680789,19.578049230280186,50.699771593896216
292.22653518976927,96.9182505236191,19.04535387754945,52.06745428466185
302.7168596778742,101.04166110899796,20.034541701504615,51.510075993961884
299.5140474961918,99.79963158355278,20.8985253458162,51.77747875723095
291.4204672412632,92.1791685500738,20.16947783897696,53.48543841083181
293.92878209678946,103.39964840335193,19.710408468978034,54.97167049480656
290.06684090400597,92.95056585901021,19.36655883932467,56.276772117954955
289.9174013404636,102.09527763351196,19.665437966409357,55.463256785569584
289.7508163775409,99.7346236264554,19.998607892254782,56.70815049380667
283.31406901651593,90.09065381871868,19.86087947637806,58.25351310301654
278.8469584301387,90.92320976350146,20.377080008941235,58.99354996779131
271.31945904425896,87.2759729741957,20.7598095607316,60.1745780380824
285.5889541591507,101.22946085877946,20.89503566725231,59.69511354711884
282.1590123791973,109.42602007762355,20.30127866860171,60.69382307939776
278.5500147699953,109.31205614051828,20.044726435753933,60.921750953608296
275.6061249265971,107.54673378802951,19.710964122720778,61.96377885865398
276.2306674762008,110.95868861527201,19.71497094753992,62.658420748328204
276.22530090115,111.01837098866383,19.725704097641497,63.802175849375665
276.03281919279164,111.46193092290984,20.110667514358113,64.19475190367555
275.28333641908426,109.32678462117002,20.317169037809972,64.58765243526632
272.6453360026272,109.20788622710779,20.38548375521036,64.82544922339078
271.05696593234063,109.46003414252479,20.949034703556883,64.32115339255678
266.46360269657265,98.72072465050961,22.2770238032898,62.22356026117811
261.14535805237136,99.68697239799984,23.78576776514127,60.29106476619765
255.9291330646147,100.62215694839605,25.095006847967085,58.420695665405226
266.211241037069,101.38522525674838,25.322798464036648,56.89455904870056
266.2724240390459,102.91544712291206,25.200432460082773,55.11534012235402
266.4167343093478,104.32042738174985,24.911811919478968,53.558364950519945
266.62026373967757,105.02942172480186,24.504753058819436,52.140376264415906
267.5707346091939,105.6688369617961,23.800859740155595,50.861545790427456
268.73475452815296,107.43622572201605,23.804582375304882,49.658530743055
268.0187426944752,106.14039936413053,22.940109537055456,48.80543870041861
268.38935839406065,106.62233626725862,22.198878137884524,47.841564894162445
266.11199038331273,106.07252656742081,21.286936519441596,47.84784876585032
266.54125976221707,105.54079561936078,20.42839776163295,47.833976350294556
266.73823807720265,107.3551658744388,20.03444113166175,47.39091726532241
266.3207847277168,107.42194354222627,19.820936359192427,47.257361929747454
266.40885012197634,108.06388602724842,19.64480557067325,47.01613326266934
266.2653301116463,107.06231584111866,18.895849318162284,47.983277361757736
263.5073838437322,103.88916284986679,18.191899861696562,49.14638168401658
264.2503735554052,106.26311191119507,17.746690252964118,49.60233263442746
268.0669917374769,105.99242620276682,17.388259338005742,50.14370405128394
269.86241071393056,104.10397370854307,16.918964671689768,50.799065753140106
267.4868428425848,104.4514637762564,16.463457573168142,51.14541418595607
260.3899604102972,81.50197073955812,16.12663683599898,52.414744482566334
272.5893949448478,79.48041141772867,15.874035536971443,53.308349938824314
268.9906801560443,79.87680472114701,15.666121023327666,54.63137592948787
264.78261338267043,76.13458907030738,15.499083874251124,55.67842920929889
260.3569828138388,76.38543544935659,15.672940177376812,56.261412055517674
267.37329171058275,102.2895074524908,15.891581009025607,55.97704923243548
267.1169706089869,103.71825158419034,16.404223212217257,55.312184903049335
263.0250938880305,104.11229930742427,16.91296484775582,54.524089456581486
262.3416061681378,103.25191103011959,17.185301176447567,54.055587789003454
258.35821043832317,103.38030744624632,17.50123926330769,53.79879495674997
258.04693512671946,103.71018382940147,18.12378988651509,53.13904219043967
253.9667623140082,105.02589661859929,18.604338290394665,52.70184438962774
249.4920336289387,105.14055477693638,18.756891460984217,52.47252807295356
245.22200286492716,103.58276523563995,18.504238684073442,52.29083929119622
241.95284941186608,102.99361784869578,18.491391599182286,52.377275066582335
238.57226194236043,105.72986300944453,18.695342218668927,52.36913834468875
237.5196338294031,106.76813177153934,18.60764787155524,52.48555139352749
233.1849757386644,106.82647464429596,18.504527380213176,52.368865648014264
229.38675024141963,109.58501464627152,18.450052915722928,52.316732400477264
229.34609964816448,109.67915052138083,18.53135410223323,52.12846065025864
228.65297652321152,110.3805076839299,18.827588259987262,51.81575841731243
224.78161374665083,111.60203991157478,18.934042512108412,51.55448576230848
222.8445951416103,112.26883237937992,18.45185406763991,51.30995724033558
220.28972496457286,112.17404209173756,18.177831281888427,51.499537815620286
219.66452485249854,112.87511363000448,18.35374233371637,52.246373083727875
215.0997373441744,113.84039774753036,18.77556535627047,52.49274284719966
