233.1,88.1,7.0,14.2
231.09525916726773,86.78048235403865,7.024006913924134,14.180438207733582
229.9233542543495,86.45621875919984,7.04487067582228,14.16526652200026
228.5851485818183,85.13722039433986,7.065368980565853,14.147350211401331
226.08129777247555,83.98409169828454,7.091846133687917,14.129036186249058
225.4047430797775,83.49479841394819,7.1158673833256065,14.110806653102967
224.22576037837146,83.17074743966747,7.1468890488621035,14.094067533871396
222.880863091579,81.84907686007583,7.174984478023581,14.075709548631258
220.53524605310017,81.69143253089605,7.2052133516273695,14.058069263894101
218.85384438664,80.70041162917445,7.236089913414668,14.040955004657452
217.67471855708345,80.20491653070273,7.260017127569018,14.03152043947573
216.48823653069212,79.87066740376632,7.296731189008149,14.032518695821835
215.13343270838223,78.70545751379514,7.33113125322666,14.022131842913092
213.61572925625546,78.20991796342737,7.3529550221858395,14.008683231883838
212.26636357032118,78.38929063097558,7.371520657787196,13.984958613820856
210.91782411313238,78.23164268314225,7.388681486460325,13.965264748774453
210.74896136123292,77.23822099231836,7.3914129343811625,13.942143795153758
210.74566717740308,77.08365067436779,7.398001302040827,13.916586451990124
209.74711054870681,76.09390860705506,7.388521043747038,13.889477070929281
208.7442721863727,75.77441431015372,7.391002202347656,13.860733809376091
207.74626326583487,74.78678742293243,7.386129149272204,13.835096689667544
206.41527593056156,74.62467804975557,7.383969087079613,13.826298594428872
204.91729662556494,73.63751850202667,7.384288047860149,13.803524590411529
203.5865774895829,73.15007928112642,7.385598566602657,13.780855124753936
202.26203036819447,71.83266523127357,7.377079250586924,13.758069665667062
200.94152615792564,72.67010899669317,7.3643587824678525,13.741762690238305
198.6280160018789,71.68436907443825,7.353818220210723,13.725716445740781
197.14228883733563,71.3567740798113,7.347766025288953,13.719238318548387
195.8226070905908,70.03731950582788,7.342062439586282,13.713080387322908
193.5068228953208,70.04645811250283,7.347422087135302,13.694803173973007
191.03374992357362,69.89213884284781,7.3396035897856144,13.673177417226789
190.05190579403023,68.9069412557362,7.324443692804909,13.664724435382542
188.40592760190074,68.74291768598935,7.3221907782192766,13.663350644991759
185.77136431778365,66.61363980090277,7.321530902982659,13.640204929844892
184.4534955458385,65.31084957980559,7.325218341732356,13.613735266898674
182.6429299043148,64.50360799840689,7.330909634793897,13.584836616066122
181.16159149797346,64.02335266011517,7.338483517933554,13.560312982801909
179.84497485155606,64.03406299694743,7.346832540244835,13.53889230913741
177.37834527653519,63.39015371848137,7.36105665536668,13.514968190090858
175.07827836376094,61.43549954570087,7.3716469535359055,13.490382083612511
174.25606495912223,60.629966310873414,7.377869755498531,13.46324454595265
173.11007925859153,60.474125885620914,7.378434659752055,13.447581611199373
171.63299727344543,59.33912275263346,7.388516331403667,13.427746089342726
169.1750615430389,58.85932441718431,7.399415961543172,13.406348394106317
168.03013329280896,58.87042442484921,7.401206106107079,13.384148378776514
166.7208913379094,58.39420800584123,7.407157505495249,13.356881525388369
165.0835260495251,57.2642832633499,7.4192644777279115,13.332894487195858
163.4482374940417,58.25483601474386,7.428716115206174,13.308464268501066
161.15955072827478,58.10331168110456,7.443344416975844,13.285602562225074
160.99250232461395,57.301364800888464,7.4516210457983405,13.260395430161529
159.35933274711414,56.98817396814009,7.462101176401684,13.23560529077902
157.88736228004055,55.372324371310675,7.4774832071450446,13.213350147322513
155.43625413631412,55.5444477013515,7.4998012479345375,13.194430037018416
154.28769504111193,55.554300501140226,7.518938055560297,13.174724437440972
152.9755989790725,55.562715164556494,7.53945982810169,13.157895110608434
151.34236713679942,54.92385347773638,7.5503429670070235,13.133386265992327
148.89030535884086,56.23458490352451,7.573803368988022,13.114943763182012
147.09233999092686,58.84910872248201,7.589208606653759,13.093933213503032
144.64004138737653,59.834450492084294,7.612042910064243,13.075954835774537
143.4929917668096,59.35735338663401,7.627143390479878,13.053435292081605
142.8350961380806,59.69434498683566,7.640968733918945,13.030435048687785
142.50073195730354,59.70481124436942,7.658932025506564,13.00950253362028
141.84305529398466,59.71616608564561,7.672786131883779,12.986792851067886
140.37315422379564,59.72733582000059,7.68515626701644,12.964453382357926
140.04214630262905,59.5762429263279,7.696880663474297,12.941493446765644
138.89920996026578,58.9368718469743,7.707748196425969,12.920232661601517
138.8933365364841,59.1108286808518,7.719495043989339,12.897185481045465
138.88906266270996,57.98688714174688,7.728042791537607,12.872027204747441
138.8841156804829,58.16050669677273,7.737936755991785,12.849275779362957
139.2020965596181,57.03696815393089,7.750603004021829,12.82615484299482
139.35673985784354,57.37099601081606,7.765498042312995,12.806462398708515
139.51065501953332,56.40927266333652,7.781806088985217,12.785078873356829
139.66496103389667,56.42014094305568,7.797287474212883,12.763342313918514
139.4957523495278,56.107061545596515,7.811675955471507,12.741443333878637
140.7853103363811,56.76591692767697,7.824105310705849,12.719505234188196
141.9115883704481,56.777002158100984,7.838313537526605,12.697334773340152
143.03770464812447,56.788074988275675,7.8521921551176534,12.675189112990777
144.0024305790593,57.12315581823549,7.864528898250885,12.652290321405442
143.83208711313011,57.780313695261746,7.881720756021507,12.631954863704282
143.66219892968465,57.46717117216455,7.898017984204216,12.611281632482314
143.65461526728222,57.15324195347213,7.913185309009074,12.592254578425482
143.64753137904736,57.32410603918666,7.927353085478794,12.573938267389618
143.64037482208136,56.20049611394046,7.941666199410785,12.557535760830737
143.6322513038974,57.34101531282561,7.957913235778733,12.540076995967818
143.62577812314757,56.377865449775435,7.970859597278382,12.526103415962993
143.6242169342247,56.70238873631491,7.973981975124111,12.523828958185447
143.61589047978777,57.68005592102473,7.990634883997985,12.508920450721293
143.44686996637915,57.84547579711089,8.005216309866737,12.501540299497403
144.41401657300537,58.339724628901905,8.012484514647921,12.48382334493218
144.24893030796198,57.86336802555195,8.01920885393886,12.466191979244575
144.24485176234006,58.19341092982543,8.0273659451827,12.452695886555093
144.2443198853216,58.36333855073704,8.028429699219602,12.436068681210799
144.24206732630347,58.04779653727616,8.03293481725586,12.421163613035551
144.23478965533516,59.186056048554505,8.04749015919247,12.404558903926418
144.07275557848422,59.51612589566142,8.048719960633473,12.390095914234369
143.2557095687788,59.52288331153962,8.069610876812195,12.37658108247795
143.40839747990975,59.3684477071042,8.087021596305876,12.362665749593233
143.5646831461144,59.21564815753675,8.097318412285338,12.345396700339418
143.07683492028914,59.54640828321676,8.104676550764479,12.329435324426974
143.39537122632578,59.06728463899927,8.112926182038976,12.319699247840278
143.55147090671602,59.23531551126645,8.123378792414963,12.306289474462373
142.90713043022419,59.563225453494425,8.121563667871126,12.295717628770175
142.90574784323448,58.923333495201256,8.124328841850529,12.28576793838478
142.89808773123158,58.92985443825212,8.139649065856316,12.272726052283042
143.05125162799237,58.77824837773342,8.155709203758052,12.253550241897067
144.011715537034,58.30458730102711,8.16897806326333,12.23377405651542
144.81248369384423,58.798929185008106,8.178882976327385,12.211955024564103
145.12468246310425,58.64538271865323,8.198731264552533,12.196925043901263
146.24511377264426,58.81565245363004,8.213455684890734,12.178612293864546
146.7223969089387,59.95287853250122,8.22547381648003,12.159523745871159
146.7158583539455,60.927431539897995,8.238550926466395,12.143051864004683
147.99802337499804,60.936543033418204,8.250811653479879,12.124828876964267
150.2535170345625,61.10490959636338,8.247846729639736,12.11009735073741
151.53861040270218,62.078495464283044,8.25148558064811,12.093294805363898
151.53266381495848,62.40691319608613,8.26337875613551,12.079526320412201
153.62565621214978,63.37510069428433,8.2571869439075,12.072286546548689
155.55964771773384,63.37421140649481,8.244913921729523,12.074065122127733
157.1636988975245,63.54403751218444,8.248126371728418,12.0555443917065
159.73269631376925,62.75078425151017,8.244586591469456,12.037533709233001
161.33172939590528,63.56022472461438,8.252225358419757,12.021505228635778
163.8967152147746,63.56316894680011,8.24951855362825,12.015616784264308
166.1457325220278,63.401291340356664,8.235954797344174,12.019052650135343
168.71002652499752,65.00912375072978,8.229694190777716,12.0048424539972
169.9913694725918,65.17659178463956,8.225607716019553,11.989731313731484
171.912035009171,66.45659546630534,8.218599847514376,11.985939420168709
173.99445597919444,66.62002957026931,8.205339245581092,11.978423622864911
176.233656383667,66.3063544556904,8.1931760885392,11.967739901750866
177.99021982960778,67.2714931329917,8.185217303136644,11.949372423409534
178.6288974817322,68.07524859512976,8.180820279124628,11.933059349429392
178.63575328596855,68.71347301207749,8.167108670651926,11.928283023850927
178.6431287188008,69.19017210622908,8.152357804987451,11.92773532901157
178.17604864353322,69.03287934580705,8.134430540935748,11.924958378326698
177.86847853681599,69.35835258892696,8.11552842683543,11.908054219621622
177.8776155484352,68.56632945966408,8.097254403597047,11.909856616855759
177.88586911194474,68.40989048182973,8.080747276577924,11.906563403757247
177.89466957262107,68.25049475315838,8.063146355225278,11.909509324714787
177.90363689701954,67.61971016323066,8.04521170642834,11.90869305594783
177.75407384690595,67.94178281890943,8.029053442162757,11.895116473575866
177.605467940229,68.25961850020549,8.011457062884775,11.889061496247432
177.45683075946258,67.16380176685153,7.994309238578078,11.879739662078363
176.36543464988193,67.16949216724693,7.97914325488759,11.868358861287552
176.06028119214957,67.17316758754447,7.962314735795714,11.861008020692466
174.6597267778703,67.01709648470882,7.944850731838439,11.859975467195376
174.04195333998524,68.27107872002928,7.928929549125314,11.854947113520963
172.95661203335453,68.11363528764417,7.911941522990188,11.857309601234498
173.58918586841406,68.58242507146014,7.895897680759237,11.856557904518668
172.34823899332255,69.98416918079049,7.881823313419274,11.86103381807129
171.57597786703306,71.07887316956686,7.867204330955395,11.854423569578492
172.03858008886456,70.92483870469921,7.876449503670055,11.851009293854567
173.1225701355465,71.71270668960742,7.889573244972352,11.833204634514011
172.95796424732444,72.17742604023863,7.907249068278512,11.838373792665344
174.35334558963012,72.02741794362849,7.923677987152735,11.826479807720535
174.1879820250278,72.9671032598893,7.942400550822766,11.819136568406952
172.9346141848456,74.3780331901267,7.951486550713925,11.807132598464504
172.61380114145936,75.62551584770318,7.9687609102691965,11.809574192180287
169.01141453060475,77.97180915816682,7.985996531151658,11.804512093531365
170.41398950813954,79.53379704458303,7.995260971883635,11.80766342714513
172.29060649973832,79.22766443781792,7.9970109321599665,11.794097983429685
173.54561894965968,79.8508671785138,7.988893714495868,11.798646343127258
175.2663335952108,81.57042741187074,7.986856398910011,11.798917851929723
177.4579306519704,83.1305912215855,7.980651597718388,11.805011169877087
180.12051315017436,84.84666442640463,7.970213664324229,11.811805801012417
182.15729873216011,86.8716390430851,7.959919902838129,11.825133970136905
183.10052493504244,91.39009872157843,7.949008335890958,11.853328667434631
184.19739001819315,92.47118717988454,7.945127941536182,11.88100152276906
187.79916739890018,92.94170339006595,7.944959171452891,11.879541188231967
196.10488222946668,90.57903437139188,7.931312393672944,11.907393503876419
194.85887918611078,91.50976852572654,7.916439770309714,11.92608422776339
195.96309132150944,91.81579563145739,7.901775162878429,11.940818491549152
194.0903389084818,90.71368668123688,7.886816683127083,11.951432796936334
191.59106199515904,91.48736577742145,7.872856545290581,11.97048521846785
190.34398866372717,90.85033814925478,7.860309442103899,11.991193591775977
188.78192650521703,90.99936640324633,7.850034811732528,12.006576978532054
187.53491569201665,90.2037684728436,7.8360532318287675,12.030270835397173
185.97382466705585,90.66199575590502,7.821992138781962,12.05468921216488
185.82413071926968,90.65218638230925,7.807622436226985,12.074307959356421
184.41836141613624,91.73786641247365,7.794845353483454,12.099637879369045
182.38429353939225,91.88433385579935,7.781227995150478,12.120684001319272
181.13482990912962,92.65675855797573,7.76759490770547,12.146184814447913
179.5702692649736,93.74085014872779,7.754457332458126,12.177582837435352
178.3189821190235,93.88602593942687,7.741200803802045,12.201710108606726
176.90980018346002,94.02930834264619,7.727986940916342,12.229765050391723
175.97184807019633,93.70168632040682,7.714968886764588,12.2553683346441
174.56079523485687,94.31685173104839,7.702191085636309,12.284985723053074
172.04524491688034,93.82383313041794,7.689803023025515,12.32536879333324
170.78921139108732,93.6527937830232,7.6769296094171136,12.351829929973421
168.58435870071636,92.05683221306407,7.665452649487381,12.385765683697647
167.01026330272344,91.87949956928007,7.65248521738715,12.424315148457042
165.43462076340765,91.38973436385807,7.639002197758298,12.454415129822936
162.90765919883236,91.68840374223386,7.62570066507573,12.490479455800516
161.1703927495218,92.14365513377838,7.613027533245882,12.531032862834461
159.43098931548136,90.86066090918855,7.60028407222653,12.557711981759407
156.89574716223817,90.84131741532428,7.589192021716724,12.596398969487945
154.67717376054588,91.78252954801587,7.57445777587004,12.621923725203853
153.569298191584,91.29178260443332,7.563336292638967,12.649043631874044
151.347629963438,91.27778195516152,7.549872722029364,12.677044930417637
148.96400859822154,90.32018489129163,7.539101880708453,12.681033629455909
146.74138756562095,90.15765108502654,7.526590496032422,12.687690281280572
145.15655521503447,90.94302405880983,7.513274791688434,12.708434536472469
142.77383111991347,91.57466884814615,7.5029843501488065,12.718675259608299
