317.5,40.7,13.4,42.0
316.4462142977539,40.323538581651825,13.657473324314944,41.75292283669636
314.5420101747214,40.79664294476176,14.060637166605362,41.658025211420174
309.57207598605106,43.17003448243763,13.712069921447554,42.05545994731764
307.6046019710672,45.630022453549095,13.363712772989311,42.275450219205894
304.6988042093264,45.51697258730468,13.20169111024765,42.501549951694734
301.32111354790237,47.327809682132056,13.128220625921568,42.29430166562705
297.97214721388946,48.215581887235714,13.031952135650132,42.217307544994036
294.64837467782473,50.27482516807649,12.90842145576692,42.3307433283204
291.3174044683002,52.431110632429025,12.804685901819159,42.246719882738326
315.58734065826104,39.628195814428366,13.134228106050056,42.57526611314347
316.8861639614951,39.91392165212446,13.096805829295388,42.857222547655745
316.8499134457333,40.28292168795643,13.169306860818875,42.975968467584025
316.72929889570435,40.34990609933361,13.41053596087676,42.84199964482966
316.625057046145,40.39993915410087,13.619019659995544,42.741933535295146
316.485613235486,40.47429303133006,13.89790728131348,42.59322578083676
316.39918087434785,40.00985136787067,14.070772003589864,42.65430011852402
316.2622637205885,40.05522687830256,14.344606311108516,42.563549097660236
316.166637930994,40.1158931755738,14.535857890297482,42.44221650311774
316.0661615614523,40.199830773252735,14.736810629380885,42.27434130775988
316.02971002832214,40.19855994610201,14.809713695641229,42.27688296206133
316.0130109138667,40.16634127566157,14.843111924552076,42.34132030294221
315.9186692329246,40.212590657359186,15.031795286436353,42.24882153954698
315.8776644436887,40.733772315812594,15.113804864908134,42.090115692827865
315.9043321675293,40.70865332040958,15.06046941722692,42.1403536836339
315.926984562237,40.27560887457838,15.015164627811465,42.123826945890904
315.85773407246654,40.265021856394625,15.153665607352396,42.145000982258416
315.86801177983034,40.68743576182868,15.13311019262483,42.18455441890554
315.86171910522205,40.644612416113084,15.145695541841418,42.27020111033674
315.91283509017103,40.64325505989437,15.043463571943441,42.27291582277417
315.8756364700554,40.64862445352157,15.117860812174742,42.26217703551977
315.8439168964719,40.256996525756946,15.181299959341699,42.16001314407168
315.8617697070382,40.64663646100021,15.145594338209124,42.265834610816476
315.8682667133121,40.27781231145053,15.132600325661357,42.117504841400084
315.90805404179304,40.26335879936323,15.053025668699426,42.14641186557467
315.94134225847876,40.62308360635944,14.986449235328013,42.309529562234644
315.93992871346944,40.184096665126205,14.989276325346673,42.30379793559923
316.46523739717003,40.183429964545056,14.822333418544144,42.30513133676152
316.9375354044975,40.199358108160936,14.758381463161424,42.273275049529765
317.4618925420217,40.05973919139973,14.588682812091204,42.55251288305217
319.76389443080404,39.88728074335252,14.384325848466327,42.8974297791466
322.48555462815636,39.71394801973313,14.227836584861496,43.24409522638537
324.80387550745553,40.08157913309013,14.007385461364462,43.39207112669164
330.22314765443485,39.90531798857404,13.744359614300283,43.74459341572382
333.6863595669796,40.416131085440014,13.869754373876638,43.60444454507512
337.1610083642038,40.38359581774519,13.9747981745691,43.66951508046477
340.17490604704506,40.35635982926645,14.139689985666088,43.72398705742223
343.19301655816497,40.45422704365634,14.322963922116784,43.52825262864246
346.76874279682846,40.434375189924864,14.284087861616245,43.567956336105404
349.83807183783665,40.838891066459055,14.367907268129432,43.64784993854124
353.0492650859518,40.65516710897117,14.186845957554755,44.01529785351702
356.63556808020047,41.06829331615169,14.162635763064046,44.08259491340681
360.7230455547365,41.024961817689785,14.03428470264541,44.169257910330614
364.3552547937865,40.74224848259653,13.913342696709577,44.734684580517126
367.8967629400794,41.163447520970244,14.020657168583174,44.79107784932711
370.5640701303493,40.73987235279907,14.095586891378096,44.73663750178035
372.84777879806194,40.71954291906056,14.039172039614716,44.777296369257364
375.47269849736824,41.17963331400759,14.199753334790236,44.75885236166131
378.1690113052074,41.10551490899168,14.233821325586579,44.90708917169312
381.30174862502537,41.09661399483497,14.318776986195811,44.924891000006554
384.4950369090015,41.38263316106583,14.29542835158567,45.26188522945084
387.5732371329758,41.16676828474523,14.533036041643147,45.69361498209204
391.0990790043455,41.683634603189184,14.87349608778798,45.583900318814685
394.3675739661713,41.28389665252011,14.83766801175402,45.45463881335032
393.7823352263663,30.441212626911547,15.08192454250503,44.9107040919528
368.5600105158198,49.95764738671633,14.766732098459688,45.562801848724156
371.88672165430785,50.7975624972981,14.598555080350167,45.735898844379655
375.22390773653285,51.16799794094627,14.405041198355441,45.92086485457692
375.31936611233766,51.08272699134709,14.214124446745792,46.09140675377528
375.4396465531385,50.46905166975924,13.973563565144154,46.394958798322016
378.2654408475281,48.84876848877665,13.863942669738066,46.86454131360064
381.5353952790828,47.736734169239604,13.822299676240338,47.23196256135709
384.8717718435826,49.46340802510464,13.67907906727503,47.50977628964654
388.2211600414242,46.93793045145263,13.518799251429416,47.89037673706659
394.8892155927587,46.80789002552216,13.293504649594844,48.15045758892752
394.4479262164745,47.60447818631788,13.240134010666925,48.429180050328945
393.9297586046134,48.10926357854332,13.337560275105659,48.35851822516148
393.9055809432309,47.07510314713247,13.385915597870726,48.54735646815784
393.4407170852334,28.28880556451471,13.372302624924048,49.32966476466743
392.9542888014567,19.56976410186914,13.390945438658651,49.591900121219595
395.02006722516256,25.92298389051139,13.09256937054032,50.301593271462224
394.6020893931046,23.091311027392138,12.965799771853389,50.18858742088413
394.55546151675395,22.3640477510765,13.059055524554722,49.72568820575996
390.92000304355446,16.58689534846363,13.652589941617014,48.879139742217525
390.63078956216174,14.65388772051504,14.2310169044025,47.97971408660015
394.00821958420846,22.699440304501067,14.133915264266257,48.05745075680987
395.1645604620002,24.946553582767798,13.722040151106233,48.31524080633514
395.80375593328625,26.21843344270461,13.390009750417084,48.61056271211003
395.4535343914177,47.73505560103613,13.146135377507239,49.015921401207365
394.0212396206177,49.685185109920425,13.174294709090848,48.89756933012725
393.4060699135015,60.29301613125696,13.460307322406246,48.457096907628284
391.70575697361545,62.07673070579946,14.030559757686516,47.72004120303503
392.868083051809,62.444493594148284,14.536868062990429,46.9845154263374
392.8464434846058,61.12115436889465,14.580147197396709,46.80345879895768
393.4021606404966,60.15309867668462,14.409503230971634,46.85798949266465
361.5051621884311,79.6132708445539,14.392284745516491,48.288854888576196
365.42691913846625,77.91573130268648,14.217057896438275,49.76686220956298
369.39171215312865,92.50303275334181,14.098251614649948,50.85903082995624
376.3394625804122,91.72455582426613,14.05816066765619,51.42631255185236
383.6753125391833,72.18312413681133,14.34130152835998,52.62357928853886
390.7301790085111,67.92965882163489,14.502706919559703,52.97557373040301
394.4947570228742,62.80346376901005,14.165501225262506,53.981170548529754
395.7994379473771,57.09621328628931,13.626810355095303,55.04231661977783
394.28256491244474,70.7348533119193,13.540161080309588,54.80846288882141
394.3414169279113,82.5432355260101,13.422457049376453,55.00045327025396
394.36834564708727,82.50091022645285,13.368599611024583,55.08510386936846
390.0941241646653,95.66439997044799,13.63065186960519,54.65309533845088
368.57098533609485,114.71638100585834,14.254633877020098,53.79797822836522
369.3176295289066,117.54610779515532,14.830191886131692,53.31064063660917
375.3370377839087,118.25947316435821,15.251748571488243,52.922274331150156
391.4981321540632,105.23174933097295,15.192871526750077,52.95892224342816
392.58635858446036,106.83908587818246,15.096759323495615,52.86476013531872
391.9259306261802,122.57873489330237,15.380591098341846,52.496186356501426
392.39630543980326,108.15346255122368,15.47692748922507,52.30832253303752
392.51312616890385,107.53644557112999,15.243286031023871,52.50615113265499
