218.1,53.5,9.6,26.4
216.75677063922268,52.92014335675112,9.61862913603963,26.559713286497768
214.52531003330319,52.8468375386207,9.612840617439224,26.70632492275861
216.4918241031217,51.347663776404616,9.604012462791161,26.901672457912948
216.50557274071204,49.584338049481815,9.57651518761048,27.04877487785396
216.81830824340875,47.53518066237302,9.51592243855685,27.192941857693164
216.28316669147952,47.20207534007414,9.45450665457158,27.293303058369062
214.61207192724012,47.45108893519816,9.399666799515774,27.361447432043448
214.6480736955937,46.26790558703327,9.32766326280863,27.463221626442365
214.65946693994306,46.23643970397155,9.304876774109932,27.5261533925658
214.66697777651677,46.18229602641604,9.289855100962475,27.634440747676813
212.68473308416029,46.10367736920162,9.277926155151288,27.791678062105667
212.68154082667976,44.07436587320342,9.284310670112342,27.85959725163152
212.70473005128378,44.62850110483326,9.237932220904307,27.89371491171184
211.31161503370538,44.04269722517108,9.170010157473468,27.92366183160116
211.31165152849377,42.89026943025271,9.169937167896704,27.94848198629495
211.0429048461363,42.61491992012496,9.137066655925386,27.92881712986418
209.07694911829873,40.31563335230253,9.082650918645,27.971587759274165
208.5571933142047,40.299854579390924,8.983992789151834,28.003145305097377
206.58221543599177,39.95793966320733,8.95994782235268,28.119260748432428
205.4296408756627,40.2262249645274,8.989359801318404,28.151624431215385
203.1435231108563,40.83520736996332,9.002054604590295,28.07354480192876
201.1750841968072,39.416612209169664,8.955526795917724,28.065445382965493
199.79210583844036,39.37777875801956,8.88107850670693,28.143112285265698
197.75825516018222,39.353512026814386,8.974072944741538,28.191645747676045
197.16163799366765,39.350337460898054,9.026840567735789,28.197994879508713
194.90470919924434,38.47283420260161,8.970290952806888,28.23909869468576
194.62489252436026,36.174891355322714,8.959080823402157,28.268236555860703
192.3728137435153,35.28019593014447,8.894810802454687,28.344467062728164
192.08900091423166,31.81935327403596,8.891482135452112,28.41470046810699
190.10346429689932,29.220345287833215,8.859266139698022,28.465630287116902
191.55497710050219,24.029673973136724,8.816389413741867,28.550436944011324
189.28554611821653,24.026252026024032,8.775673752726089,28.557280838236704
185.8367489002149,25.432644709032083,8.81181020047911,28.603436300658228
183.529986156817,25.14489014093742,8.840371574949904,28.605824922806935
179.13989846196384,27.456051763013207,9.015263175613883,28.572986366144615
176.8147523582639,27.72440170093934,9.053866058548603,28.612747655850512
175.40625564040465,28.017854116368124,8.982128416035408,28.603589040639285
173.04425592660783,30.021949132795662,9.095845870841067,28.62939573397367
170.1598753633167,29.97733227789255,9.076983352531357,28.71862944377989
167.8724187348527,31.40913112046526,9.014362835462299,28.753490367382653
164.33345025851366,33.972883611915066,9.143937983013645,28.837256738328065
163.20772977833363,33.65188976607995,9.064850825613041,28.89661240055814
160.8284036016796,33.946497373881314,9.167371014127566,28.88941370555458
158.75160254482822,34.789425504202406,9.234278520381853,28.954997990961783
158.75009977715087,36.23455192465016,9.23728405573653,28.994706741194435
158.10996079359975,35.93644602044275,9.344327676386383,29.004301376383065
160.7344860875228,34.14419724215165,9.393890132169059,29.05639023721273
163.416656828773,32.35858116618449,9.343129548372431,29.08523512334456
163.39870819941007,32.64939224094743,9.379026807098283,29.09348636268486
162.21864524006196,33.175452159970945,9.376531309432735,29.222677232818718
161.90856196333047,33.43331790479528,9.404235808196336,29.299407797869396
160.1476565842015,33.38780952138418,9.361598161011383,29.390424564691603
160.15072743236507,33.634631612400995,9.355456464684249,29.491371167325344
159.87599111467776,35.11627801421571,9.309005183440314,29.507697946788632
158.09085926885604,35.71683175770119,9.307485526903864,29.497184909210972
158.38652745102388,35.74525978622978,9.311267599493107,29.44032885215379
158.40971685881087,36.03701274756267,9.264888783919181,29.451196811888174
158.416797170066,36.63378585569542,9.250728161408922,29.444990522722545
158.44065691073706,37.00156605307915,9.203008680066798,29.302748611283445
158.47570918277006,37.833387434602415,9.132904136000782,29.410294098407064
157.0428202561708,37.426140738353546,9.045506878486895,29.634152468762323
155.6096426685363,37.86187742520627,8.950795980178611,29.947105524487796
155.03516583361653,39.258964306842856,8.909906478171745,30.127539690830595
156.24778585236152,37.34182684978391,8.871607164395174,30.381403519378456
156.25913481320103,38.41563001845866,8.848909242716138,30.63236860931628
155.0066764894624,38.90176023197691,8.942632756976709,30.865704748888167
156.17328271446357,38.525338465264866,9.040953205711212,31.010665057628024
155.8543143619131,39.44477608859985,9.067096855965557,31.007168975497933
155.20895803982674,41.246216371929286,9.133344394733552,31.077683725053106
154.600617331029,42.80858168509902,9.121068731265296,31.025345801372808
152.1474048577969,43.165986685385306,9.119479386479053,30.92403758720655
151.20101393258187,44.97580929207422,9.176184119495943,30.976546608655067
148.6550233231932,46.19494922534411,9.357482640219981,30.99360809114192
148.26291875920813,46.579853065102604,9.5242292225495,30.841262957265574
147.8710665062407,46.98075389118584,9.689546564616535,30.657848468966915
145.66064489097448,47.33509473228625,9.778589310281884,30.567995427461412
145.29974376448925,47.015507885325704,9.881202118525879,30.58797967665611
145.2720153952566,46.70630599976728,9.936658856991194,30.58501016450345
145.2315418301287,48.565284026899434,10.017605987247022,30.601184106503922
144.58086085686136,48.79156264574035,10.070805956615976,30.772707857404942
144.59181996587756,49.49228814978575,10.048887738583549,30.62630610946436
143.01834058437598,51.78385958308279,10.070753621715962,30.418293274689468
142.9572010125315,51.519996446569955,10.193032765404912,30.323585291146582
140.76658117596486,52.35753870676435,10.211010374809636,30.518470226641437
140.47746548758371,54.78473356167777,10.162786567531077,30.675721989140975
138.30137941177478,54.77478624884799,10.1201682194324,30.69561661480054
136.770346182742,56.33030920297301,10.045595529750726,30.721209854297733
135.86436809613815,56.69226647481173,9.978590781053043,30.623615617922066
127.4697839299473,58.736316680369406,9.928315556096686,30.90129686982029
127.10366247753518,59.13619299448338,10.033820367364449,30.72828233514877
127.1690843039582,59.95072148455219,9.902976714518427,30.977839085727627
126.61592959381537,60.49606580289053,9.754552216173229,31.14188436768179
126.65188613653227,59.88498664815973,9.682639130739435,31.11010716745154
126.30144180556316,60.596503806517845,9.758349720522098,30.93742899504641
124.40261739368984,59.788532811933884,9.811341620696865,30.681042522428395
125.04761567713896,60.65348171773326,9.764177519230898,30.815393408978082
125.67387792049709,60.94672408419102,9.756590758600053,30.851377539105265
125.68514049978484,60.74709700652936,9.734065600024577,31.250631694428584
117.52387623999681,74.82931674328141,9.72482993815628,31.352707150347356
117.17546081714764,73.70096872230226,9.792226207841027,31.091664888251223
116.8424642277335,70.99994425532368,9.83127229661878,30.85119001175378
114.95261811084892,71.11624214542034,9.865618587314009,30.618594231560458
113.41158805973177,71.75078606577755,9.84005651883008,30.592555259133356
111.21643020365133,69.91230504224471,9.88562320764861,30.545446714762726
109.62302820327727,69.94475872184424,9.96820327777256,30.48053935556367
106.77809911894646,74.80520172816753,10.06512142718741,30.702657821578033
106.44131747617524,75.35087444096726,10.112270577026695,30.864140667384934
104.84469117748225,76.30351504527816,10.157512977351995,30.847665576999557
104.86914477333332,76.30203754883047,10.108605785649857,30.850620569894943
103.65501872464786,76.59389567620232,10.019496489078323,30.896244663636836
100.8549196808169,77.21586825805787,9.964539295222782,30.909000673596285
100.2977719904812,79.00609415201305,9.823798206879207,31.09365829273085
99.73989777941686,79.1915665098075,9.68442497297215,31.350274405159812
100.43662672515308,79.71441838694544,9.548265144380897,31.5618687137651
91.34123490087927,83.85093580003036,9.49393957119775,32.09681764981012
92.03851744218173,82.36139618904296,9.370916981827099,32.53281188531645
91.7861164470179,83.82975150224163,9.23602872067695,32.79455251630807
91.8372965928635,83.79170166521229,9.133668428985768,32.870652190366755
91.85255864133867,83.17873371679153,9.103144332035402,32.816497036440175
91.80874805295026,85.01280404094149,9.19076550881224,32.98055332868529
91.49770125652233,84.50888778174154,9.170173432901192,33.345700178318275
87.60472338397734,85.3690862033643,9.186182608352834,33.56778997748232
87.83032347308038,87.99992574987398,9.385940203099187,33.513773068082465
87.41816895979765,93.03769353832472,9.556295981874154,33.24753620803838
88.01300132693103,94.52981518604601,9.67335020997476,32.876730837330506
87.32744959557157,95.05067896375934,9.743931611730112,32.48526431238562
86.95857531910193,95.54225199650745,9.835692160656818,32.148106250902
84.35031682489327,95.95841245664992,9.909190936938396,31.958662607134016
82.36606965135428,96.7340707923396,10.028487396472167,31.690411898269424
82.33353448620275,99.01174830454028,10.093557726775234,31.614386929708157
79.77394571835399,99.92305310070762,10.09257918139689,31.71183586777694
79.10232992201551,99.9078893033348,10.153014118511864,31.74216346252256
76.49416012303067,100.49609790976595,10.225741029005643,31.851649421529224
76.09604279436536,101.06521267961892,10.376108954529707,32.00515334543631
75.71476111000564,101.06190513718835,10.487824794962137,32.01176843029747
73.14637660794328,102.89482897837482,10.400559251958121,32.26394665827108
70.79705136540603,102.65459491792238,10.514126596774844,32.089402901996294
68.42299544115635,102.76059657220176,10.680010702811426,31.877399593437524
65.77884354006824,106.00669760428944,10.73140677700023,31.93133218924643
65.43076978111161,105.93265262065623,10.771220564621597,32.07942215651287
65.10453894454793,106.58617571789028,10.764487608254077,32.090765221034495
63.85562439486834,108.81562607165016,10.625381089598255,32.24650184504103
62.89023729467175,108.04042089880872,10.57942277951969,32.47909051707607
64.60767809654963,110.46507445601186,10.451552735572696,32.92100189836384
66.97071817543039,111.15996675516296,10.383104494989187,32.861969276398206
70.6465529176838,108.52526669275618,10.327317436525936,32.8252730913619
71.86555855780995,109.29129136511419,10.536115120826134,32.616628228922146
63.88919087942429,106.93107287666436,10.587026824649488,32.6990333070453
63.54397875559808,107.71528567593194,10.612752306076128,32.460005240961706
68.84078975276205,107.8045988736877,10.607024828828921,32.28137884545017
76.76274659015104,105.59492778270697,10.580870319449033,32.08720793750385
85.01567086238869,104.86842732531085,10.47009448836513,32.22860303522478
87.68333259990725,104.62011579893385,10.381085858296805,32.72522608797877
91.67922928512444,104.49966367370675,10.324474205557006,32.96613033843299
89.66873176475333,104.72269318298005,10.363466941120201,33.18373837074952
89.9505703492542,104.69800058829068,10.46729661147464,33.23312356012826
92.59763394115322,105.3647538183858,10.534289871703995,33.23989721094489
95.31358445074129,106.50037669059579,10.474217321765076,33.654565701143504
97.71198885768405,106.8722766038233,10.41153707247897,34.263374036002595
100.48166994002862,107.55714534503525,10.342969713233508,34.94518460562009
102.95083378212449,107.97726981548242,10.250833926185717,35.489561921052605
107.17678406034722,107.67331446519405,10.179229945066181,36.097472621629315
109.25373361290913,104.67517055979692,10.259409703249942,36.44832194801343
109.15023768107615,102.53830167762403,10.466401566915883,36.44894397162788
111.8814671987082,100.7393597205654,10.732603401101864,36.466414842338864
111.85821239211552,105.0790894490249,10.779113014287208,37.164085588226285
112.94565148365727,105.82655907574221,10.800669899743296,37.86558140333125
115.90673994260456,105.56831722335343,10.818917921285252,38.38206510810882
116.22549501521655,105.48671402636995,10.93166417304693,38.545271502075764
118.84048989089274,105.75261085107165,10.984581806646965,38.76817890766558
118.74546886626405,106.72462186897735,11.174623855904347,39.10077275051794
121.78311172258087,104.70324528673187,11.236790861181627,39.30761796631458
130.2012289901905,100.80505911989128,11.369097350051192,39.39101710722812
132.53247100457736,99.52248734841713,11.35642361716173,39.631255502234296
132.50613864444554,99.81266217210018,11.409088337425361,39.82906247497055
135.1267833518147,99.74749237683645,11.641555065416515,39.959402065498026
139.85776565506006,99.19809892507014,11.637771545607219,40.27000721180719
140.23439674920203,98.61758976272777,11.677051535734577,40.63848335808064
143.4025137115977,98.34057064728135,11.729088670815571,40.39398770648945
143.46094271697217,96.97632163823793,11.612230660066633,40.73441993206857
142.71756502240626,96.5076696177769,11.50161562914001,40.873038762961414
142.42711108371452,98.28567619822832,11.283941539291353,41.30993543821947
143.3049043677848,97.59385978417086,11.129755778945315,41.892867862437136
144.09243709584976,95.66563101331735,11.166836131265546,42.52503378724374
138.41238613270025,100.86401364416878,11.10635426177824,42.733096335913956
140.9533975469758,101.58374608524592,10.929704884573361,42.92875593754175
140.99896927909546,100.33632452198061,10.838561420334056,42.97266105620679
141.3510983415019,104.36399843768233,10.950168860070972,43.07596887030146
141.2538996941725,104.17377852192719,11.14456615472978,42.63695177845704
143.2830712036468,105.53537285746722,11.170836778972518,43.181454021930044
139.9787456174494,107.10352203059333,11.17827689874651,43.34576120198824
143.22654266765846,106.59145822665944,11.303679850753008,43.542264178302936
146.0760736904179,106.2661328727074,11.434194061174548,43.360118278215516
146.02492779951675,107.0581797333642,11.53648584297683,43.441398455789916
146.69289901977544,108.07085329041625,11.87210371698312,43.087611656209475
148.3078447166116,108.0618082952408,11.990580553396764,43.10570164656039
148.3019262465574,110.33912486803439,12.002417493505156,42.74897983628017
148.21981835538637,109.61066026711578,12.166633275847214,42.536459324181806
150.3535077723343,109.47443761831121,12.07316400253872,42.808904621790944
154.46216100754384,106.14314110547886,12.224948002867409,43.613134317932214
153.67172188287194,108.78161147701687,12.103385328007588,44.29473680956893
152.84709700171518,111.53358811611447,12.03537079606553,43.942576414140234
152.7573452508078,110.82904137746205,12.214874297880332,43.64699362395916
150.50638313051428,112.234940287073,12.459232782425488,43.38973525836238
149.61116045686285,114.72891230537324,12.544801571573306,43.51642089622695
148.21983212786105,115.83182829799777,12.7599091282395,43.022288311869524
150.61903160268207,114.91799340314144,13.078450207036246,42.2914880873628
154.35540020910952,107.6011818649128,13.240505201833006,41.65552674851678
157.62745724323946,106.2185417178552,13.434053215706793,41.05197600156512
156.30514232135997,106.07070629273183,13.567300753807135,40.510519416592324
153.88639836529694,109.35386042967396,13.413965717730433,40.598641740311756
153.84425911689064,109.83311072074132,13.498244214543035,40.470388761122386
156.7410485291516,109.26141254511273,13.514362518208078,41.61378511237957
159.73108551208279,105.23229761936506,13.460998859853266,42.051958854222384
161.1816419744558,101.66959497477852,13.115801039575185,42.361590531480964
165.41000749145903,100.4720530084072,13.159146055029842,42.206651649385265
168.3185304259826,98.83677850669444,13.282261844433672,42.08282256226736
169.23285597122504,101.59436959120009,13.151819752212894,41.66226738804839
168.81006410833425,96.31958295719576,13.156741993013215,41.28324135130096
168.55553453383786,95.86741985315696,12.830480383804774,42.18756755937858
165.21825784494152,94.16014064538601,12.767347610156609,43.075493668130164
165.16797156430562,96.32007061373105,12.867920171428382,43.87796677279661
164.60820703655816,99.38431908206627,13.120389219120419,44.685949898549495
164.17199886935236,98.84544125210117,13.109488975323327,45.76370555847969
161.87862420969907,99.69716822960774,13.203798502545947,46.75571547871691
161.4253507460969,101.559533870783,13.195947007072048,47.60297630975768
157.6412455678279,101.11478164897139,13.353617501614996,48.49248075338092
157.11813314329981,102.08000990619831,13.457891677369528,49.387876258832065
156.9551864262829,102.01168459467326,13.78378511140334,50.48118522959901
156.83786118694832,102.310560808197,14.018435590072505,50.861797015487355
156.68006233062405,102.48826094712794,14.334033302721,50.50639673762548
158.617304074498,100.48736457408789,14.41589111931704,50.55184817936162
159.89689009214683,96.60089538738926,14.830530631287443,50.39462242671083
165.29249857919308,91.15194866922977,15.004080748762354,51.32454577978673
165.2554898825538,91.47597012632482,15.078098142040929,51.68982059623448
165.7707516908425,91.55904799808582,15.067490652387523,52.543580979636474
163.2686379011852,91.82102509156257,14.912239540154527,53.05152253099248
163.13360104091714,91.58794135702294,15.182313260690629,53.51769000007174
158.61079023528714,94.0079579851637,15.844435645391705,53.91734376038957
158.48344473947625,93.91141320352548,16.099126637013477,54.11043332366599
158.44607569369106,93.82659915806741,16.173864728583858,54.280061414582164
160.55410823209795,93.54703209957405,16.26734182091559,54.83919553156886
162.28378383376167,89.0801241759232,16.069344087003948,55.07606879376162
162.05930396210928,88.7863223822835,16.518303830308753,55.663672381041
161.8682861722273,88.53768007133493,16.90033941007271,56.16095700293813
163.62323117288105,87.60864327813658,16.743899294548356,55.78339733214609
163.60693053370906,88.48853199672928,16.776500572892346,56.24262608928984
163.5877469322809,87.68396629604494,16.81486777574866,56.73508446367929
161.24635449271153,87.0150895105291,16.99995782694652,56.948414327725786
161.48291474291497,85.73375490659342,17.657764828577108,57.24922853152221
165.44882335028868,82.30870442524797,17.758320756594326,57.214438228986296
165.47605557720837,83.32583658230158,17.70385630275496,57.47787866484033
165.5448259065233,82.52099442789618,17.566315644125098,57.93595232766139
165.5952798387964,79.02022366306389,17.4654077795789,58.00387619184991
165.41997105263312,79.24473765884913,17.81602535190544,58.70954143188272
165.34813273123424,75.53652573081601,17.959701994703206,59.09807261037321
165.44232358597037,75.4572187279804,17.771320285230935,59.25668661604442
163.12038593017897,77.50162265399081,17.70198358734934,59.881090773488026
159.0198048005795,77.42880203998126,17.601651736520488,60.02673200150714
158.81333770390157,78.37917179210757,18.014585929876333,60.49825422411011
158.5667762261595,78.20708164166157,18.50770888536043,60.84243452500212
161.65730225640525,74.8670509988649,18.4001389594159,60.234317249139096
164.6523840179104,75.92745295508655,18.42995934330726,60.52150689945645
166.5250219796714,70.77571470496737,18.310661271694308,61.155709127937314
166.40136889178197,70.17789033297782,18.557967447473192,61.13585647805162
166.11607026670634,70.70513582376162,19.12856469762441,61.301193680334634
166.13020247862653,71.329079074622,19.10030027378403,61.28611057303936
164.8761586644763,73.80213362093039,19.144262346101197,61.26825259238926
164.18007058879732,74.06234304446986,19.303815463955324,61.980456778814094
159.9451531655839,71.66863288303787,19.05317374628749,61.78474763648108
159.72146425394828,76.34607054944377,19.50055156955871,62.33647092020398
155.84137384471632,79.35927947767624,19.73354286908492,62.582710996187146
155.71790059549335,81.80100475559642,19.980489367530907,61.48639902512027
150.87475849340814,83.26812246360123,20.90817238385321,61.054621091352956
150.42145329989683,83.43949086376158,21.8147827708758,60.71188429103228
145.93838776985942,81.45713679938481,21.86484712073853,60.85542097255207
145.9658377142708,84.03503837230615,21.809947231915775,62.083156138315445
151.34414357809416,81.86056333314679,21.400646330746024,62.55186465670532
152.16752605397792,82.14859530810419,21.046552850475038,63.26847217828703
151.64966936983248,83.76002549253963,20.78579569986242,63.935023366126735
149.63323409964573,83.67915334579368,20.91496173802775,64.0967676596186
149.21393144068193,87.6947194799347,21.75356705595531,65.2072171440411
151.28055033565755,92.15213250788777,21.632352148513963,65.6537778139913
151.23482575638917,93.99790680113196,21.72380130705074,65.98680123948863
145.99468815982922,99.71834264164511,21.420141508365248,66.67785642424336
144.86246726271787,99.75848132434456,20.979977496767606,66.59757905884446
141.9539887806672,104.03410439651805,21.424922841034622,67.44735324920761
141.8843468002226,104.07407414364988,21.564206801923817,67.36741375494393
141.12090169693764,104.4034219701256,21.726241621127844,66.70871810199247
136.31251208439463,108.90970932912884,21.83421628754692,67.20494794265296
136.50446174391925,104.69354846443906,21.450316968497617,67.43217849655981
137.15291160737019,103.09909825785286,21.517093318937537,67.89372675504872
138.1802242173747,98.04086107950775,22.205523325692155,68.40950781806619
142.37833792905715,95.36494872019864,22.159232010988816,68.19470846424333
142.17034318463453,95.38954296781256,22.575221499834047,68.14551996901547
141.2369819074371,97.53789703920614,23.047260412166665,68.0328627524151
130.7029383184499,96.58391893736405,23.089173627194384,67.13732909437304
130.49739349238985,98.06742067043612,23.500263279314467,66.94958076504513
125.07930251170434,79.76668487031587,24.575318374438346,65.90099159547523
121.22602699897006,100.44373272871553,23.888621720173123,66.51313427734483
121.09677193933894,101.16959874677964,22.751892873482007,67.85188017312325
121.56244453766593,100.24269670566653,21.82054767682803,68.31196909420515
120.9910089690378,99.92230229715803,21.58027813073155,68.95275791122216
120.66469390443724,103.11719145398234,20.845037817700952,70.89020225096381
120.50732564003543,98.8685157469906,21.159774346504566,70.9762954853589
120.38717565198165,100.57969239307982,21.400074322612134,71.78090332765925
120.79344997327517,118.22350684560163,22.012493375444052,69.2675314172517
116.03760684769179,112.76661049650826,21.72144009468554,67.57780186010594
115.96014903650376,106.66505570299893,21.87635571706157,68.81466930163685
114.64567996982701,101.39574639621821,23.113914059495276,69.61362937875957
114.49471428771102,101.89476770675705,23.415845423727255,68.61558675768192
114.23233199773753,102.1296971301773,23.94061000367425,68.14572791084139
107.95741686563619,102.10402422959224,23.712827612174422,68.19707371201153
100.24947644233089,99.2430668391114,23.549308087411138,66.83744286962144
96.07002175139068,108.9587981495249,23.54585889803416,66.918150248395
95.7651897470747,102.05701652035796,22.76069604835913,68.1682717819658
96.25993848938452,121.94163784148947,23.169623193020296,67.55491875956581
101.99308399744471,148.6196939885612,22.880237771375164,68.68622123848905
100.868994708185,150.69746096022766,22.312281399544073,70.16295719585716
83.22038043781957,118.10409272553568,22.140101664002337,70.08598243689958
76.19514768857907,119.71971516833834,22.045728150430083,69.68370535370494
72.64039724495885,111.72944485956083,22.12037348103854,67.37362152401683
69.04079327533007,120.8817539590778,21.06828411324658,69.69724659260663
63.753872945690205,119.27347934345772,20.530107399607314,71.52479365223189
59.428741645795384,117.17888571663968,20.75018147812415,72.90391806544368
55.26897740629553,118.20802722688413,20.496768871151957,75.13210558794079
59.88114707004193,105.78793874458462,21.462890195809475,76.67980106191047
61.78885870805842,112.74073193961465,22.13552890439233,76.23840062569788
61.638967799128395,117.75679594567997,22.435310722252378,76.72277804060107
61.27226135936921,116.00289339881073,23.168723601770758,77.20081726602477
59.83390819364724,122.48409647384683,24.510016454463578,79.59254590346379
64.5358255589062,128.61181371691896,26.268334373096526,80.09385730206341
81.88679262099386,128.93578607834274,27.52177827406289,79.44591257921581
99.38000579460515,136.278305607672,28.792443998833207,79.59332027728169
118.93055253713942,142.05942051209507,28.178910011995427,78.07132338101745
118.98276025044173,144.9712221888442,28.074494585390784,75.52817479938895
117.95579681699115,148.98004488086434,28.526840198448383,73.91685443072292
102.41323232135747,148.77276969980204,27.883325172077086,72.74497259196559
97.34170328186657,148.54276384297972,28.67941530875439,71.64715631522614
84.52876853249003,142.29644504137275,27.849316247337164,73.24615980542876
85.6628260994931,146.4893734607689,27.145675568624743,72.68267524310505
90.37926556980968,147.35504229036002,28.517849351104534,70.95133758392282
85.0757880844725,150.3782468056783,28.322268878813617,69.5345866002714
86.52187527225733,153.27457479116748,28.468310378021503,68.29925444145925
