244.5,94.3,3.8,9.2
244.8069022598332,93.90141085898085,3.8016693733642772,9.1991125186671
244.907073008284,94.81076913638357,3.8032790348746146,9.197956389568429
245.41142803023956,94.5083815090136,3.8043844765905117,9.196842352932117
245.4107622023483,95.41777476087216,3.805716132372994,9.195755542533155
246.01629726127496,95.41812687626897,3.806493654812041,9.19505131173955
246.8235252464815,95.72152952340876,3.807863659351868,9.194180758067317
247.42876288474474,95.7220805013813,3.8093287028871625,9.19307880212223
246.92280506589947,97.33856690611887,3.811243412832719,9.192108961431225
247.6295185161118,98.34890811177848,3.811958444206553,9.191629309824112
247.9317090178822,99.05646176890932,3.8136556395755097,9.190704459685305
248.43626092880186,99.15784628285813,3.8147664211027483,9.189978352460976
248.334752295021,99.8653945140439,3.815731498741253,9.18924721955241
248.4351601099791,99.86596718710489,3.8169746501972215,9.188101873430451
248.636654739254,100.57393122455906,3.818114001383283,9.186623932597604
249.34335248611546,100.47371407539924,3.8191603900188538,9.184995104866
249.34293056148724,101.18138509669645,3.820004239275298,9.1840596646288
249.34252947866065,101.99008456246035,3.8208064049284776,9.183136971092889
249.44325549882512,102.3945327348037,3.821414778251218,9.182482281013037
249.54396213867466,103.91030464447365,3.8220632390555114,9.181864569223846
249.54375155188865,103.40540688049492,3.8224844126275497,9.18133848861079
249.84643034906162,105.02231160969103,3.82331935280922,9.180555881032454
250.45162973633168,105.12378515753724,3.8253266948183295,9.179676471431574
250.04657949372944,105.83165301596884,3.8270642992390025,9.178575795940048
250.75257839807762,107.64827092265826,3.82980645591217,9.183242750654198
250.54948610417745,108.35418203317312,3.8315456623627346,9.186979364348606
249.73921101068123,110.3751930177293,3.8336302182848,9.191121472912096
249.33341338625195,110.98162254835309,3.83560229351129,9.192697172112636
248.82625047614164,109.76732443669002,3.837608259094872,9.191725744309906
249.63530520999376,110.4757779008744,3.839383818339028,9.192218214520986
249.63463907196373,109.76755274728177,3.840716094399037,9.190996980495072
249.73539650186345,109.97066250081667,3.841731724289453,9.18983845280488
249.73494751326106,110.57888867741296,3.842629701494233,9.18857649785891
249.7345429971442,110.68074801898062,3.8434387337279663,9.18738718198231
249.53177207423056,111.38989992901966,3.843927636601651,9.186768662241679
249.3287331571537,112.80809427065984,3.844953107715926,9.185746520237686
249.32820978422842,112.80855277787919,3.845999853566463,9.184829505798987
248.61870394850715,113.41673708156131,3.8472672440840467,9.183670282084703
248.71921453021943,113.61981847603384,3.8487866964765023,9.182588724773662
248.8200318702226,114.12666192387198,3.849703979063649,9.181661642064881
249.02202607262285,114.93737519748109,3.8508252030211048,9.180673609878419
249.2235699026854,115.14038369700984,3.8528583734879787,9.179777441412957
248.41274793824377,116.05244527530286,3.8538333072588897,9.178906904328372
248.4121578408559,117.26839177698703,3.8550135020345606,9.178073798697998
248.41176004935937,117.67392153519562,3.855809085027635,9.177403208625067
248.2087673390255,117.4716187787818,3.8565912141616376,9.176805429918947
248.10669807376377,117.57338908648242,3.8581228637434366,9.17587169545937
247.80142767416393,118.48540475726318,3.8608019061211603,9.175425624363825
248.50986619083457,118.58731854994728,3.862557916046045,9.174259902319356
247.90088733744486,119.70255902684036,3.8644585423399325,9.173216929423317
248.60942403675483,120.5139162080921,3.8662491821773703,9.172061468014014
248.60857375691853,120.7171269680302,3.867949741849983,9.171059828140816
248.50616162037358,122.03526897411321,3.87004836334311,9.17020928673262
248.50465106454232,122.8464181143657,3.873069475005645,9.169916292535286
248.90921400912703,122.94825815541556,3.8751445583460407,9.169036453563034
249.11098120379867,123.96283390064688,3.8772589624355125,9.168128930264322
248.5018268923564,124.7746459693825,3.8784745245322867,9.16729554051012
249.00801250212686,125.07936330243487,3.8803950517957135,9.166435922487942
249.21023462021992,125.18123702264258,3.881710883083719,9.16556851580961
248.60075218219384,126.09465014543288,3.8833308017094583,9.164759706368592
248.70103376110092,127.1095808317287,3.885675533977854,9.163977234602195
248.69972297487897,127.51574579128581,3.8882971064217884,9.163400312668202
248.90137305427248,127.82050577399082,3.8909500177238954,9.162809952391981
249.30612024140848,128.8359101147166,3.8935163545037677,9.162153048570072
249.10215530737986,129.140967015847,3.8953436182375296,9.161193152794509
249.1009669756312,129.75053532641655,3.8977202817348524,9.160475556327375
249.10000099856728,130.15712926752937,3.899652235862656,9.159694431663338
249.404195685109,130.96997522105033,3.9006369361147546,9.15900005351613
249.80996303325654,131.47818034451652,3.901630599098199,9.158250255681958
249.8097263470659,131.37682610057243,3.9021039714794985,9.157819905385209
249.70777134763176,132.08811200095275,3.902872985421211,9.157234999110452
249.7070810905792,132.29167279462928,3.904253499526306,9.156405689675314
249.6045180370106,133.20631955501068,3.9062209954567773,9.155539669773509
249.40056601831094,133.30859910887156,3.9077630435408035,9.154161556709452
248.89162852251582,134.832961030185,3.9096964030926693,9.153262610197672
249.6018802164501,135.13832150061535,3.9116603208837386,9.152170514619703
249.39754884637892,136.05324615157576,3.9138658121192726,9.1513788327794
249.39613099045008,136.25670116055144,3.9167015239769736,9.150981444722614
249.90257849996132,137.67883479750668,3.9203113653016284,9.152927779784164
250.40915780445698,138.69464604447197,3.924120846840742,9.15524146691445
249.39132488622727,137.77921910869472,3.9248349330994436,9.15463876328824
249.18676820811106,138.69537783071274,3.926950134594188,9.15381301557178
249.08317833320555,140.01639096390332,3.9306052392335573,9.157607136421701
249.08182773736812,140.7266270055669,3.933306430908421,9.16265050934292
248.67337871135504,139.30081983401553,3.935137439831749,9.161530201585908
249.28424107169607,140.52442645672298,3.936110507767223,9.159712533406141
248.57046167397877,140.5252783737395,3.9372532384075183,9.158008699373115
248.57000507794476,141.3411206714428,3.9381664304755404,9.156477383914106
248.67156797014977,142.46232304009447,3.9388036786164076,9.155466004670831
248.8751000667021,141.85134164769357,3.9392586682815995,9.154871241163127
248.87501920596884,142.76836626493497,3.9394203897480673,9.154652953811825
248.77302328415058,143.17604058345583,3.9396535521837275,9.154339041573818
248.16150898707804,143.99130173043554,3.9401326960303518,9.153882681345689
247.4481196837152,144.2971402309448,3.940590638359374,9.153485965068628
247.1419940554217,144.50124237078012,3.941554568677935,9.152806569576894
246.53013296759002,143.788489127441,3.9426588106075267,9.151925466899103
246.93649698540358,144.80780336555816,3.9450364395177004,9.151061152007934
247.3431931002676,144.8084190880608,3.94686843501729,9.149829707002658
247.2398319760202,146.23283745841124,3.949770053194544,9.154481790747175
247.64629737151148,144.39752326855034,3.95259992402905,9.154187192292031
248.35846686442665,143.27526053492798,3.956164030622371,9.154864942871061
247.8462317214501,143.68189523447094,3.960337340363596,9.157833124754653
247.8445625462622,141.7415217524124,3.963675690739358,9.15921863137107
248.35325083336502,139.6975995327632,3.9675814999998704,9.161933536804929
247.63699014415414,138.16536069988865,3.9695441187373666,9.160928146087738
247.73790333224892,138.36996584344067,3.9721034514037115,9.160489276695545
247.73704572570972,138.47282350195226,3.9738186644821365,9.159198714641866
248.24768299213508,137.65591811842046,3.9747259188618123,9.157518622136793
248.0427727315951,137.65645414966605,3.9756906096766373,9.15644655964565
248.34898909628305,136.839210590126,3.9765460141935622,9.155498655011678
249.26827729333812,135.61317529087276,3.9778460425323616,9.154400690252878
249.16544858556625,135.00030425718398,3.979065708199364,9.153516258370072
249.16501813925026,134.8984143127687,3.9799266008313348,9.152849668643292
249.1642255540349,132.649907388695,3.9815117712620527,9.15191907479537
249.5721985385695,130.09453856989822,3.983432043353656,9.150992705134076
250.28680743123164,129.37927959184898,3.9856240180969587,9.150100901164954
249.56966176354013,129.68640048439406,3.988324481231255,9.149398061324264
249.67062503451993,128.25493422861865,3.990948577771408,9.148621633878514
250.38528348572873,129.48261169051617,3.993732685267474,9.148297012792629
250.38323517836687,129.37933385810658,3.9978292999911513,9.150222158878476
251.098920835419,127.12784166038077,3.9995774950430656,9.149116668410855
250.79035983414715,128.66373544822383,4.002460866630063,9.148522247508017
251.50567629410304,128.56144214137169,4.005348643153611,9.148320190292948
251.19671386306277,129.07281325824235,4.008762679836564,9.149762665547767
251.09292776948334,128.97069340007883,4.011416274003516,9.14908378888292
252.73120855155926,127.12646435629689,4.014146331293075,9.14833880232523
254.98437537332728,126.10141376195438,4.017664040462684,9.148507557962265
255.7005466117499,124.3586563738712,4.020728166852406,9.148034869129486
255.59679562364087,125.28120540195555,4.023124646061716,9.148886286039122
255.59588096667167,125.38445709852168,4.024953960000114,9.147543329828997
255.59527213319546,125.79569881397111,4.026171626952557,9.145752768886092
255.902335103782,125.89884207145438,4.027551499901876,9.144634858627082
256.82421888319817,127.33510645460272,4.030374293751431,9.144579974279878
257.4391787014371,126.10446136631742,4.031810237992395,9.143158989412893
257.43771667677856,127.33612550857816,4.034734287309453,9.142597723514992
257.4369408839321,127.33665700581665,4.036285873002408,9.14153472903803
258.15471515225704,126.72132614614854,4.03774018137936,9.140479724065507
258.8711878124829,128.05506111821512,4.041869994058301,9.141863598603528
260.61545811082107,126.82298970806752,4.044957022597184,9.141328095217442
261.2304017479193,126.30979726677069,4.047689970962805,9.140529459009372
261.3318510164181,126.72117540309121,4.050264852282961,9.139666859639457
262.15259804304395,128.26221621561763,4.052821933098478,9.140181110962622
262.25375313274986,128.98134219381288,4.056070953146355,9.140843550790263
262.97226390824136,128.3649720842348,4.058434372414729,9.139825224016658
263.793176158035,130.31812270753588,4.0618367502376165,9.140937811263663
265.5404632720901,130.00949830172274,4.06467047191383,9.14099698469231
266.36192249295715,129.69986177269965,4.067999273845653,9.142927326363756
267.08051384101066,130.41591097275497,4.071893183676188,9.151905532190577
268.0059037917332,130.2093530055179,4.075729437137416,9.152884543352203
268.82829078203906,129.38371320652053,4.08016097342441,9.154958624448263
