252.49999999999997,165.9,8.8,14.0
253.23415672518692,164.6925005378178,8.848914917867843,13.976582713940562
254.65211712727978,164.7042047402035,8.89359998562723,13.95317430916921
255.89286139450087,164.71822338622817,8.935438236078888,13.92513701711985
257.31418161909295,164.19090007670226,8.978845868623733,13.897515605523349
258.91395338118605,163.1196067247517,9.028918942594132,13.873691243986741
260.3376319624092,162.94865689268232,9.073957288519422,13.854041469579059
261.75829243194755,162.9532828172386,9.128700448640108,13.844789620466484
262.81828105483146,162.9585575178747,9.185438959235716,13.834240219194289
264.07072956547137,162.24681218079243,9.225578992058303,13.80342400530034
265.5064298308693,160.80747089779453,9.26442862699797,13.771856405560591
266.7587000063334,160.82207848632515,9.30755177336668,13.742641228499332
268.01004480459505,160.28807980677496,9.354463859395446,13.717952152220267
269.44537448618837,159.20207887987942,9.400898572971862,13.702133448439103
270.15504070028635,159.2153073115052,9.44224895590478,13.675676585187555
270.13650791449874,157.94547525368608,9.479314527479985,13.657140094274782
270.11605045528296,157.77408488419522,9.520229445911621,13.634128615595044
270.4613914307683,157.23502826257607,9.561792388587257,13.613874518363929
271.5443583632685,157.42171408602238,9.5948868651848,13.607007595070925
272.99206664345013,157.61024177751898,9.635069172357884,13.59690207051979
274.4483845162569,157.61791673174602,9.662136561470149,13.581552162065679
275.89847429695146,157.79776399929537,9.70337900892684,13.589535378072716
277.16199435843754,157.0470548964,9.755725087704475,13.61701861143495
277.329876194471,157.04464575693953,9.789732866457499,13.621836890355898
276.7617536324139,155.57867239596024,9.814752048157779,13.590514432543802
277.3031480461052,154.29675431686618,9.842995638150757,13.561941616855304
278.775472551842,154.11699666189912,9.861342937856966,13.551082387891926
279.50187836508917,153.9416334411769,9.89057883216707,13.5312969491353
280.96869082841306,153.5734395816418,9.922493184167935,13.52629984854335
282.2569343335395,153.5862057919083,9.944009308938684,13.500767428010356
284.47219305795153,153.41994316514902,9.966781947847572,13.462185174217836
284.6484973071469,152.13962066289963,9.985065447198245,13.426586194526624
284.63933626169137,152.32240702393563,10.003387538109315,13.431661110913456
285.1825189542167,152.4972024904086,10.030105064012043,13.453097814951933
286.8365879282567,152.3001328648207,10.068140754681576,13.475439995155567
288.32023623591,150.6248797639462,10.082979605259364,13.471043797784636
288.67260961974694,150.0586171053607,10.124120825013103,13.484737133814285
290.1543436488743,150.0379964835014,10.151308913962069,13.525978377532894
288.6435440030425,148.702702127339,10.17360300236108,13.572175037001182
288.632514042116,147.3721693924656,10.19566292421413,13.601312292191903
290.13293397332313,146.40474809409102,10.209227376065261,13.652152192525108
290.12161207906814,146.1929653291985,10.231871164575248,13.697913194802101
291.4490277940877,145.22429788755122,10.229200450870955,13.74084756642891
290.29982830795876,143.49159498427326,10.250629975820225,13.790799202021667
290.4886646966275,142.52936600940353,10.253571825479597,13.812184016776744
290.4889788517088,142.12938353333442,10.25294351531709,13.85016663002658
290.871216303889,140.79012303565443,10.251595179987046,13.857744633780282
292.39799828404244,139.4618181362762,10.251289009198361,13.842753866708314
292.9748526451785,139.27881548796847,10.241847242994142,13.827336844634464
295.0682099528182,137.96853852728262,10.246463889269048,13.78067996319883
293.3476509879414,134.94557657674343,10.264065645096926,13.740352888409172
294.6773749371349,133.63363277833523,10.265052482297445,13.70380574963801
296.39795983162725,133.63348711595216,10.239538909189372,13.704097074404144
297.9115107250004,133.82944736103852,10.245248270973683,13.691277977797785
299.62161483693984,134.04183390924126,10.236028481615124,13.645503596338987
301.89605225955097,134.44156221476538,10.22488213586104,13.602335068535455
302.45879102856264,133.8979843674718,10.231297183553785,13.55759817740665
304.34590513895614,134.10755542340445,10.224228108096012,13.515171980074204
305.669054635838,134.68585007962886,10.209562441861951,13.486425522281
307.18348914428526,134.13885949211874,10.182809386012103,13.45461321190954
307.9398227173505,134.32862662226646,10.16748372364867,13.44941432255588
309.4389681387617,133.0367322195754,10.161219213026099,13.415180087263062
312.424445132619,134.16430641155384,10.16425013037582,13.400276042705359
313.729096736164,134.17970940298122,10.167310577802088,13.369470059850588
314.8430081881239,134.00969073947027,10.176116558999539,13.336735906019634
315.95987348337763,132.72696198235928,10.176862636859832,13.295303973812649
317.26675801243005,133.09369890289656,10.165606571284306,13.305405273460712
318.0091457637109,131.9614586456038,10.167863285739672,13.339337462520634
319.1226686877705,130.8253611795337,10.174720275040887,13.377629557240517
319.11504457642815,130.79908614004725,10.18996849772551,13.430179636213447
320.4231056467994,130.22327475342624,10.192389250885775,13.459569740640008
321.54331228076774,130.40724426739501,10.199390999476893,13.46619988212378
322.8647740568619,128.92551697157378,10.179971355298163,13.431364293183897
323.4339700138522,128.76565848196216,10.163373413089,13.37714994848331
323.8265210712479,127.8585462796906,10.123920960760922,13.3272501968681
325.3330511537397,127.6901165231674,10.08213097772593,13.292700937170933
326.8352961494678,127.88653073781177,10.03916317033798,13.270062780890722
