225.5,136.3,24.0,41.4
225.66481627258213,136.2861451616707,23.699447789880633,41.4567900117035
228.29691962645313,136.87922844111475,23.5592241393867,41.295420064265045
229.494561793611,137.75003579940298,23.20391451939132,41.59378006200897
231.68831103290933,137.13007047796654,22.88984121658568,41.81535441093411
230.62532182268743,133.12126147466105,22.983292344831586,41.70286324875342
230.5838136964577,132.60576578705482,23.06630859729103,41.717659920675935
234.17007698248256,129.65803765209176,23.018670852239868,41.50606862460328
235.22522752794083,129.10959383385227,22.936109086465603,41.5890865985112
238.39184512603825,128.52824741423322,22.685007468324194,41.738090508073704
239.48854253935968,126.9933676283288,22.514790766308174,41.7730828929423
235.91800037240046,122.89327380795879,22.591632537096377,41.89985046153343
233.8011560192803,114.70816643700118,22.77577397513755,42.071876130652356
223.660731947515,103.03667338518542,22.6942640502583,41.9981504556125
217.93788732364445,104.96819573053617,22.968164491440334,42.19757442184158
213.25586828053125,111.06745339734351,23.122496017216964,42.278667835493266
213.1122594155603,117.7578042593437,23.409713747158918,42.25108844574501
216.55315003997143,122.32799100970166,23.749750348336132,42.395909323599895
219.11791202831208,122.38168911311372,23.818634913354135,42.28851311677577
219.16653326890295,119.6547494311373,23.72139243217235,42.5460950329816
223.9099170153871,117.9357367407907,23.607545620254225,42.85981351999145
227.390856165422,115.7418684394992,23.954766576494904,43.070921976111315
229.00561714872322,116.05191492367848,23.885042063836206,43.504094825734
232.77392789405516,115.90253257161166,23.758082708219327,43.80285952986763
232.90313600451412,113.6345570001314,23.499666487301425,44.09566720673349
236.7837449033027,111.89784259410834,23.163231570723845,44.38704621263692
240.20047549961987,110.76441580572683,22.684919903513357,44.53551661425867
241.26045200343236,110.20204159585775,22.67115917208873,44.60716889589664
239.0805618689036,108.2008277374731,22.815270316573276,44.393927488092984
235.42703446968497,106.68731399750503,22.749483927371944,44.26116588761258
231.72548818196785,105.67876457890662,22.801487306807772,44.17795352595269
231.07451412030338,102.54926042504125,23.053610392543906,44.13801160812695
230.84667195054467,102.00881247856648,23.509294732061353,44.16530647159724
230.78117926897173,99.82928011830555,23.640280095207217,44.276835594601586
234.3842265298723,99.88218976628312,23.894797321867564,44.17101629864645
230.52691253185435,98.69546317767997,24.12910575013827,44.40723531363412
226.6615171837569,94.36026055675644,24.326732123914198,44.468309901288116
227.0278154155964,93.93669074319057,24.674611766742775,44.234973421912315
227.42027692628588,94.02363383505065,24.972663295184688,44.06108723819217
231.16276137404606,90.79317187027262,25.086099056049033,44.00909289084709
230.577283324649,91.17956358889958,25.170404750291592,44.32295985814472
230.5466782731587,91.10066124137114,25.23161485327217,44.4807645532016
231.23497751260064,87.84806377384245,24.951202841680274,44.40884068450693
231.31377290927543,88.80425854939192,24.79361204833072,44.67707228337241
230.7588517668842,89.38143572381881,24.811845854510743,44.61432641312109
231.9374178669841,87.80077454361185,24.636685614463936,44.50269083330546
233.61515572080947,89.2447314014288,24.540154947587226,44.873722158445545
234.34163717983228,89.76328765656547,24.177374894397726,44.9267925130283
235.00328195960705,91.23863400263403,23.938810746855513,45.230276056913326
234.91054545713405,93.93912559190323,24.124283751801517,45.254876527899214
239.73378139076303,94.74864034951976,24.275978929395524,45.8132174670777
243.92576792408346,94.00723668374054,24.688780469342852,46.196427972812586
246.64610559702996,94.31389335915429,24.810184689637666,46.695530535222645
249.81882203066138,95.61157477605168,25.196305223246476,46.34401883505177
251.11777192670593,96.70288135854733,25.96847851353689,46.40812105831341
254.60326538442973,100.70020606211958,26.960543401171762,46.376523454251455
257.7882625555029,99.95613225532766,27.514978350322817,46.71059951928572
259.38107621504025,98.07169410574079,27.834920791753433,46.97390605795411
259.59628043210637,95.97845588780076,28.582427776799307,47.626636236299845
259.1299267862144,95.68734142909807,29.515135068583234,48.20886515370522
258.09003534343526,96.63839226476655,30.369937782514434,48.75672382562272
257.5689878209105,96.54568999304868,30.164346667034167,48.942128369058466
257.29762831522146,97.09569418718078,29.460063298578483,49.089122360627925
257.472177543559,97.3287952896688,29.11096484190344,48.622920155651876
257.60723104275223,97.32034762685622,28.84085784351696,48.63981548127706
256.9233127619097,98.52149345384082,28.988685212742197,48.67754221222745
256.86891922623914,99.20891667801232,29.097472284083373,48.525784536582364
257.04578308686735,98.97095571620179,28.743744562826965,49.00170646020343
257.13173328977837,97.62565950152558,28.57184415700482,49.24473754023944
257.8107929134528,94.50925289215566,28.438214364968808,49.35510348241541
257.678237812912,94.49667522651447,28.703324566050316,49.3802588136978
259.6981283494554,93.36599536931095,28.34982585080089,49.18409695621329
261.03884342543313,93.17762228874271,28.10798106701463,49.560843117349776
260.85526561778806,93.72072415879643,28.475136682304715,49.69592893294144
260.8002187978744,93.72666036421283,28.58523032213218,49.68405652210862
257.6262476104713,94.30061247230614,28.776719253472304,49.767442994615216
257.45149271458877,94.33172659427859,29.126229045237366,49.70521475067031
258.2815323996355,94.08658726335392,28.70698572833315,50.19549341251964
262.6844243024477,93.52844042429,28.58832689000644,50.0707692381764
266.5003275612018,90.52098389917495,28.379270747470095,49.90005697593
267.0545660248311,90.9177172856813,28.50179254261407,50.337588925319935
271.9747671673415,86.50631028616016,28.578436323825752,50.48298761640888
276.9086335103128,87.51115108848383,28.65561656407143,50.95953424330864
280.598503542251,87.56529700087535,28.785178637485167,50.851242418525615
283.7940278834263,85.80723221852391,28.654893025299234,50.610914141129776
287.4452652781391,85.80665770621377,28.830418315015823,50.61206316575004
289.8222588286072,85.95678165149238,29.073846921673983,50.31181527519284
285.6070747480264,82.11592154970137,28.761046090039713,50.499390627807
289.9875840503739,81.8330956940487,28.725414412130167,51.06504233911235
292.65215120982833,78.05531634567423,28.413563967302288,51.09467522473991
288.4171922539246,80.23943582274954,28.13757229421022,51.72409889053181
292.1870169355736,76.41216732441515,28.12220901203961,51.85434980607333
292.48117397831373,76.19700730366091,27.533894926559388,52.2846698475818
286.57148686551443,77.1281586457599,26.833636740504414,52.92629364571455
280.09917196408566,78.31803471439798,27.284971623059224,53.045200492498914
279.8794667500651,79.37160815161165,27.724382051100367,53.45590712111599
283.55892288123573,77.98851395025063,28.001248009930578,53.67683611678086
284.1631752643692,77.17124485455717,28.07344345834542,54.03067409348592
275.8493039911798,77.35732450157533,29.254831543117383,54.945711004583515
274.54084767791744,76.69085743000782,30.550540123247288,54.9574411013237
274.4788465297572,76.12105023135476,30.67454241956769,54.75337420097618
274.61747389730505,75.487475817318,30.397287684472047,54.67775834051839
280.1398040155685,75.56892198281328,30.047678047478975,54.514866009527815
284.0768829207512,75.52932632803024,30.14422142689702,54.59405731909392
283.96135915375754,73.66445593905952,30.37526896088429,54.32993199804715
287.86697980431586,69.35185922379205,30.551926003073405,54.96722708527645
291.2290819435348,65.96445004110602,30.54697664461738,55.02279053066658
291.3438737755529,65.68499636257613,30.317392980581253,55.581697887726364
292.0996791517132,65.51231204710463,30.15475655003548,55.92706651866937
296.1695121295688,65.61417081521962,30.122960608725343,55.723348982439376
299.14503032969617,66.09660600530255,30.910595476846414,56.106212855948705
303.0612406224234,65.61282923974721,31.280084723855207,55.70678141498216
307.05085152553687,65.87813471518649,31.505082914890735,56.543540463647346
311.1183530347369,66.16066009015455,31.672342631948784,57.36220016962094
315.3432404083557,66.25361578786969,31.615278476907154,57.17628877419065
318.1962813063279,68.02128791544948,31.489335149834588,57.826048370684845
323.69073259239275,68.23281101924911,31.720798613736378,57.403002163085574
323.58987022392193,69.35330635032989,31.92252335067805,57.962462321610644
325.49757952767277,70.2901809277246,32.34318452925406,58.91276635753964
325.54540096743716,69.08116195087868,32.247541649725235,58.463981125082576
319.07540037131434,68.20645668415477,32.36179792377207,58.788308889841645
324.2018003441225,66.99107004676262,32.13214232535998,58.35532663685335
325.598566265804,66.73887376531115,32.1815728980705,58.859719199756256
320.7416790551654,65.8300445867515,31.88644925401919,59.247534976114366
314.23760875472703,54.82601126570527,32.0198178409229,59.79764826158514
315.9449467381764,56.25350831610745,32.92816286334269,61.265675150099256
311.97847180385713,51.38093084357775,33.468651860697044,60.66138487536084
307.3818565388994,47.00872428083627,33.78907561368672,60.532991223918046
294.9355689136801,43.231956930868094,33.4810639838506,60.67458860612652
277.9130204045779,38.00953709986908,33.5043058694766,59.28573952635819
272.99936754170307,38.41568770319992,33.11934998746197,59.93233283509139
262.7892038670909,38.56341337984838,33.07254999147364,59.636881481794475
262.2055022338644,38.464873303833826,32.78322259583774,59.833961633823584
258.35605180457515,41.11915788452173,31.753949536968975,60.34417508407935
253.8510621937737,40.562730131184466,30.652214250238657,61.457030590753874
253.74615976301436,39.95453970743562,30.86201911175735,62.67341143825156
256.22900170601474,40.753137126338274,30.286841444170935,64.0032207460558
256.2738923292717,38.82521565625807,28.7240310404668,66.38603452902603
257.6255512449564,37.230379404919375,27.501081082023013,68.09533915877782
257.47881574268615,36.94522553316081,27.794552086563506,67.1821935529637
256.65910548932874,32.63309747509608,29.43397259327837,65.47852043833214
253.78515999359865,23.028520609646453,30.74285673323007,63.9723088621919
253.6458741103344,22.9779971733004,31.021428499758567,62.5927875696839
258.4736810283551,27.835589514385475,30.15637167243792,61.66815989623443
263.322928318526,28.975426413110526,30.512329289435698,60.82483641268999
268.24323900941243,32.45456622485365,30.682455305415395,61.01709064474125
