149.7,93.5,14.6,43.2
149.08992141476193,92.88143966681378,14.820157170476135,43.43712066637242
149.00358279621122,93.46398558064094,14.992834407577583,44.06583886298358
148.9648016370012,93.36369196090544,15.070396725997647,44.26642610245458
148.95085312573727,93.60369471222862,15.098293748525457,44.699849268662035
147.51922793047433,93.54232184306679,15.201018364106014,44.822595006985686
146.87189872396502,94.013708559986,15.571849593348066,44.80364875692384
146.22865497636556,95.7192195671107,15.927985186270943,45.114034351778855
146.08510864463605,95.80360464122288,16.21507784972992,44.94526420355451
146.0279361981791,95.88638455839802,16.329422742643846,44.77970436920421
146.08895980864787,95.78933136755225,16.207375521706282,44.97381075089574
146.1575606535083,95.69115065883904,16.07017383198543,45.17017216832219
144.8153950708686,96.44858676250446,15.920283136657723,45.54478120139609
144.87905767877245,97.36339842279205,15.792957920849993,45.60996492237907
142.17300602156553,97.76354052658536,15.528985090124307,45.75569340564904
142.1978023638814,97.74796353163308,15.479392405492534,45.78684739555359
141.58723885468157,97.4425875431431,15.757711497393538,45.454791446034825
138.5942732288538,97.50781740362325,16.084847179921457,45.32433172507453
138.45326357834196,98.97221176955276,16.366866480945152,45.23723861035836
138.39054125925452,98.98389451890594,16.492311119120043,45.213873111652
138.43295949437336,99.75346399368367,16.407474648882303,45.58085426597003
140.52514884850797,99.57614360684613,16.050357850024504,45.9354950396451
141.59259422287863,99.43172410046867,15.826291332941839,46.22433405240003
144.92472295648088,100.25498145913384,15.850312339536043,46.48875604186933
145.977668261795,100.16060985908014,15.663849835679374,46.67749924197673
147.4572988999394,100.1300467921238,15.581600318111784,46.7386253758894
147.3486207927049,99.59910317674682,15.798956532580753,46.842142991359516
150.6173604826721,99.88104688513963,16.008457213912724,47.24210986904053
150.50677149784417,100.06682260540633,16.22963518356855,47.84401292407563
152.39703384058046,101.80643117108983,16.3938033831272,48.30948867773983
152.32869811961456,101.21438465041406,16.530474825058985,48.49769888646722
155.35611807107162,101.11277515555716,16.48222819050094,48.70091787618104
156.96498273399396,101.04702705582102,16.27390872594947,48.832414075653304
156.95999927854587,100.95136956650089,16.283875636845693,49.023729054293554
159.03878396444225,101.44492786576859,16.142825210137328,49.04074219202925
159.04089528714556,101.96279410238256,16.138602564730732,49.00678550121954
159.46647935082507,101.88144900827187,16.288644763299004,49.169475689440894
162.42815623339024,102.31897713111266,16.403159280698258,49.300730824180945
162.35798066257263,102.65897208807746,16.54351042233347,49.631046408446466
162.30590129798307,103.19754612778736,16.64766915151261,49.57153328815344
162.78866229200335,104.23292891257947,16.700842506308888,49.53815840424291
162.75160150508452,103.80126375594658,16.774964080146564,49.38229594989938
163.79159205167207,103.77645691580146,16.731607697869322,49.4319096301896
163.78913344774264,104.31999238954496,16.73652490572819,49.36306863980885
163.86028065223366,104.34551508721351,16.59423049674613,49.31202324447175
163.9140526640743,104.29603045538911,16.486686473064864,49.41099250812054
163.91372962077057,103.64287515425796,16.48733255967233,49.70387603624252
163.85161351429235,102.53759718980734,16.611564772628732,49.879137408696536
163.8081864264913,102.36777779146773,16.69841894823086,50.218776205375754
164.34017179519842,102.87476915161895,16.66337939497367,50.23372466923037
164.77462810831986,102.25268366541913,16.82296761767251,50.44939479268825
164.7187071792905,100.72488264251655,16.934809475731235,50.401385105072066
166.37126389337504,100.14473706552138,16.737408480406575,50.525772114780914
166.42257368169064,100.04703612598867,16.634788903775423,50.72117399384636
167.03463063198683,100.04713930427931,16.445649590385035,50.72096763726506
167.1309461155248,100.1595742429177,16.253018623309078,50.4960977599883
167.12773551929592,100.18600731544801,16.259439815766854,50.44323161492767
168.67363012867105,100.1272545734412,16.239819732210428,50.56073709894126
168.66703697925266,100.06361496453725,16.253006031047242,50.68801631674918
169.2107202387825,101.5861067328573,16.193087526939692,50.72537682496545
170.33700152607895,101.7318596808121,15.994275246560306,50.43387092905587
170.86604196530627,102.27846176757265,15.95521038394011,50.35968277136922
173.49412289542067,101.80830300538732,15.785194753842564,50.28277104971364
173.52565605627055,101.79698535256739,15.722128432142842,50.3054063553535
173.60881759952224,102.1547004660514,15.555805345639467,50.6021063828026
173.67374794129768,102.56659769891877,15.42594466208859,50.791599360775024
173.73403209245623,102.49651763324147,15.305376359771477,50.93175949212964
173.72893677406353,100.8105762054202,15.31556699655687,51.263630092860666
173.71752559452796,100.19275554284125,15.338389355627982,51.481001703722626
175.8013310942877,99.9654312038038,15.257983003382968,51.93565038179752
179.9364147312849,97.4003059044981,15.202143784836002,51.93194594575428
182.01552490062718,96.96304772608684,15.14669719995279,51.78076886412647
186.085217952937,94.38399961180784,15.187296136441676,51.826374441991646
189.72582585158463,92.70344153611583,15.073441752666643,52.115764273295554
192.36646627515054,91.92285585224755,14.921690953521097,52.651029631434895
192.39790755553645,91.80935660334876,14.858808392749253,52.87802812923245
194.5386086672683,92.21503307367533,14.70837382462652,53.09941710241459
194.49980637755644,92.08450500080235,14.785978404050262,53.36047324816053
197.59729246969047,92.48955689086762,14.820452213570578,53.58861046699473
197.58020571485372,93.0887295842772,14.854625723244135,53.432403321659734
199.70891462802896,94.33849263739842,14.759441132169677,53.01399383305533
201.33264643919242,95.57923363921144,14.610401971321629,52.59812813708184
204.9838022621039,96.0611253918236,14.476649740932562,52.65842454834808
208.03514393170076,96.02567330965974,14.508468674142815,52.72932871267581
210.63460074282182,97.43678186946622,14.429686054087853,52.97919019437511
211.69126025896145,98.34659905989695,14.368555998063462,53.21174478976849
213.2386130679959,99.33509739865009,14.358591140204295,53.29124195240203
213.77696294277425,99.24587770299799,14.311080249562032,53.469681343706235
214.29763235751523,99.01659175044897,14.300568199324115,53.92825324880428
214.77349292657695,98.86622875768865,14.385991469533824,54.22897923432494
216.3942350251066,99.28409093204237,14.273613804868662,54.4362903964155
216.42042389223266,99.29473967996545,14.22123607061658,54.41499290056936
216.9421832595792,99.23946861749715,14.22027077827727,54.52553502550596
218.9911225975744,99.08246566815609,14.298810657804388,54.839540924188086
218.9779540518688,99.401177512022,14.325147749215528,55.25217109198947
219.48331799194543,100.22954499955993,14.370831564532233,55.70825950785351
220.08675700113616,102.74232503780217,14.227706536189586,56.00146438156314
220.08044080194546,102.1280348051678,14.240338934571023,56.16485556588526
221.01131937919004,101.51287399176512,14.514075854561229,56.32743015545091
222.5176078067428,100.9303898531199,14.727287339417583,56.41713565275406
222.45012197117106,100.993650423097,14.862259010561065,56.290614512799905
222.47722722490744,101.45622056507179,14.808048503088283,56.44682424929982
222.48180286505888,101.66598617545033,14.798897222785389,56.02729302854275
222.3641658374995,100.8275416452934,15.03417127790412,55.55136531079516
221.7490210624738,100.37720882137957,15.190363897687508,55.377934028354765
221.65508057390636,100.05360043582735,15.37824487482235,54.95057162504564
221.1089826426311,98.63840055697888,15.398405132176112,54.56486456715214
220.51234540802875,98.31717267945386,15.524759214683549,54.140399935504945
216.22179787675816,96.8250237773688,15.59990658399381,53.93496735471346
