143.1,27.1,31.8,41.8
141.4760372658364,26.51085990491181,31.716583131519794,41.97828019017638
140.95576026803536,26.409691399481535,31.59009750945932,42.18061720103693
137.50338076181805,26.352098676715094,31.486468901965697,42.29580264656981
137.57431951107085,26.25463715373627,31.344591403460058,42.49072569252746
137.6057972550219,26.175365625984718,31.281635915557935,42.649268748030565
137.65811573067634,26.155858021897792,31.176998964249123,42.688283956204415
137.0532274116283,26.22602138288957,31.2177455331933,42.54795723422086
136.44171774856738,26.25431213989762,31.273210456906426,42.49137572020476
132.27482936613077,26.758908971841283,31.4337612801653,42.64978576226235
131.5058636896832,26.667857243055604,31.799010061915777,42.831889219833705
127.17589907071343,26.57679418301952,32.188421162712146,43.014015339905875
121.08535630080708,24.254606855708786,32.462332160345255,42.89552017765551
109.96072419435642,24.71705393589503,32.036853068327126,43.16403355964721
100.49047544665436,23.970562638328516,31.92902408107296,43.4664957496141
88.89420051293226,23.367535903891415,32.44741449414055,43.47917240510006
75.04295681395246,23.32638377776808,32.501013866908664,43.56147665734673
67.81098759267971,22.744924167124722,32.51368599175388,43.520123685491754
54.647641950409565,22.740740139626148,32.355755966215696,43.5284917404889
45.01724589985649,23.575364386283027,32.394612904806685,43.06061419483234
44.918067326404355,23.557864436321147,32.59297005171094,43.0956140947561
45.30697785537988,23.622258564213404,33.0137813406687,42.96682583897159
52.43435313996763,22.981480184791145,33.20185284863092,43.04481409138796
89.07977943964383,4.790837201808792,33.590264289167166,43.190396431177916
89.36839965980732,6.292133379902062,33.0130238488402,43.837217216094444
61.48468948412489,25.22113870590451,32.80115812299793,43.70437761612043
63.93967247305224,4.633981391155562,31.525427370156674,44.902104770470565
57.1721200825578,2.8990908432961717,30.55695978981067,45.95462380596686
32.165827227862316,-5.201216662334325,31.02188605619897,45.23652583669036
13.961259091053167,-7.295209007274956,31.270770484706343,44.60314361389017
2.5464240619063165,-4.034249111713308,31.303482251320073,44.08042337320897
3.154284306383383,-2.1303522193278006,31.280170438909767,43.84985561806945
3.8081750279111866,-5.390579896139286,31.160890246420934,43.239303468291794
0.8705865739880654,-4.69680788467705,31.150095652937235,43.02895374563331
45.34322776596072,40.65442742347892,32.58730913802609,42.70897899835555
45.82422055386809,42.52541177704274,32.81791797428659,42.54479352745358
45.76804370850938,37.85498648249205,32.93027166500399,42.3348068403193
54.82777709227753,29.091978317082052,32.69773444014688,41.973893628460104
60.30668501411152,24.381213576717037,32.38769328231873,41.93073449955472
64.51026896449446,25.034297552906963,32.221880216753966,41.80190295220359
69.20458185436476,29.699728675143962,32.214302130223246,41.852088400939486
72.03302085893165,26.18222582591596,32.42382101439274,41.847417827431535
73.08543047582019,26.76844094312432,32.672292759724115,41.85163308256903
83.05742595946239,45.60528516709186,32.80162789048086,41.96302905447611
87.79262374427475,50.188740690159676,32.808200295606184,42.27308598309051
92.01967971402324,49.998814225189214,32.68065231725952,42.652938913031434
92.11870409703072,54.12354864141368,32.48260355124457,42.7563311450437
90.86411430739533,77.33718628064658,32.60858058658877,42.80150547314623
86.74581508274288,78.5227166832679,32.4846079696876,42.81917925824816
87.72570621558441,27.230466481438235,31.717426220980045,44.032635718988075
87.74498243200321,12.855328501658203,31.678873788142447,44.01792043399606
83.84015702216843,54.17451227181689,32.302458089726784,44.019317851658926
95.76949273003419,52.41663708516734,32.60409058512381,43.911022638288756
95.7009103004646,47.02989946650189,32.741255444262976,43.78248548763747
95.7023639824877,46.99080771736941,32.73834808021679,43.860668985902436
95.63845273784366,47.05999394379715,32.866170569504845,43.72229653304695
95.04030593695103,47.17453764740892,32.84970648373828,43.49320912582341
94.96881689847467,47.89860116789587,32.99268456069102,43.254049404755264
94.8899131877933,47.95865994775192,33.15049198205374,43.133931845043165
95.41816680100054,51.4242130547981,33.30237067924576,43.45314117258973
98.8465274548364,69.05018205461337,33.74041211699637,43.45922310916719
96.23909605527989,103.39184342386972,34.062968904810305,43.26818452884179
94.78655924114302,140.44831304182085,34.51721413283519,43.90551150052943
93.40657772581676,159.69236083665615,34.79180360349888,43.94070609068609
93.5344250447201,135.05988672249617,34.53610896569219,44.54444885563184
93.52402248001489,96.08472328303571,34.55691409510259,44.81807730968412
94.83176576212178,63.16662313689711,34.456240901253835,44.01172328728863
95.56430252226036,49.05510978689392,34.23449458358048,43.638224327407535
90.66208704453874,49.86690293562289,34.16746045626952,43.24857116529386
90.30022756602524,49.920121051403285,33.664358156698626,43.142134933733075
90.36363761440612,49.922791806654736,33.53753805993688,43.13679342323017
90.48818823091328,49.78880283873713,33.28843682692254,43.40477135906538
90.5848128436552,50.34814857967726,33.09518760143872,43.50090033183999
89.49046387822483,51.001257418922535,32.857638121271634,43.407806358863354
86.45636596277907,51.17799079745591,32.88690715037838,43.0543396017966
85.7913525201531,51.17654865412926,33.014102828264235,43.05722388844989
85.73411525439602,51.15470956991925,33.12857735977842,43.10090205686992
91.24223819605454,51.125307221958515,32.979989739088154,43.159706752791394
107.0615039359307,52.844854437021546,32.696988394521675,43.33855810749448
128.8060088847593,53.03124254583451,32.55476634969772,42.96578188986855
145.0233692300055,53.116570048740215,32.41226861207742,42.79512688405714
157.3923187045631,53.707143990891076,32.68622632388277,42.80501979313259
171.04355609709373,57.122574228042176,32.884795705407036,43.148344753591815
184.7916505981393,57.67507312462719,33.086186559144785,43.24758956284912
201.04916802087766,61.575392964620924,33.21628694982921,43.91050346260714
219.94144675245113,62.254102654089934,33.29552174990733,43.77449673732153
215.61719979563233,84.11965600522684,33.39964022657529,43.98589228232019
187.32173020167392,100.46584865908696,33.613542377694756,44.384376539676666
154.54984711080797,99.71710571407513,33.6900049224658,44.646630285606705
178.0145052512195,103.14442952120717,33.90047380550807,45.23510664458451
206.4130326096942,107.3545007141586,34.742569280652056,45.58613928791323
237.64822349286086,92.07227558410088,34.613780055067515,45.61593197704967
271.04206085700406,86.18334942882768,35.16885234551091,45.958223473094776
299.9050106662278,70.87071792775427,35.268276904156004,45.74331358079226
295.3259240191611,66.13561777092147,35.44313003561098,46.2301937317794
243.50835490703747,65.98114964752534,36.87609874611976,46.53912997857166
234.91844029710518,56.06390251021733,36.87061941514636,46.54442207914381
190.83148187812134,71.04020122756955,37.79656553932162,46.99642049924579
186.29591631950214,66.79837157384472,37.459315253318096,47.41575288963102
201.90105705050573,66.8360616498062,37.18461680413662,47.34037273770805
