263.7,34.099999999999994,31.4,38.4
259.3507519193589,34.491136885600994,31.352054546068075,38.83099526171632
255.5298831128262,34.91442224553241,31.206086776902993,39.09695388217211
255.54866649577215,34.847990099436984,31.168520011011154,39.229818174362954
253.84330473405961,35.307439667242186,31.232143014791024,39.42661921196763
249.38626035772253,35.23751086334503,31.187984752835906,39.566476819761945
235.95704757196333,35.17982245274186,31.1371732877239,39.68185364096829
215.1554144814682,35.26612967110903,31.22025302727632,39.50923920423395
193.80129470766582,35.458677811549656,31.335720563020487,39.12414292335269
180.51943247839964,34.88110824823008,31.09628187183829,39.162483585420425
193.06170896458363,31.093062300185398,30.50826254279425,38.944223867724894
222.7616770433668,23.513951664757016,30.53462425210286,38.695627173095545
239.7583451663345,23.44323870630374,30.55082230892611,38.837053090002094
238.71144151003435,22.98056124806637,30.44556944595815,38.66287791869269
230.0063216162494,20.346219025119858,30.333908309741307,38.455968325902376
220.7595901305486,20.22017346984179,30.295718712642525,38.70805943645851
208.2612613309124,20.773890856176436,30.14504039351259,38.6939870950241
195.6735319652572,23.15870994262281,30.234939251733103,38.28705498701654
220.5135119018588,22.227972798432532,30.504990056944877,37.97678968068341
220.46193747476258,21.82230779052886,30.6081389111373,37.702632043601085
207.92082444531607,22.574907386916497,30.78305771804169,37.280359253086196
191.0531920207911,22.63530572607003,31.062259552720754,37.15956257477913
173.67142137455093,19.472592066691437,31.20533544441175,36.99365263088831
158.58802509664667,22.10092735400554,31.086432584630828,37.14514195190107
146.12711155448233,26.112030216269254,31.120926894873634,36.697341854269354
133.7777215557507,26.13021760708185,31.07970059343053,36.66096707264416
123.66536612042438,25.706580345790456,30.89046912136336,36.43382357718906
109.77649221536328,28.560358266621783,30.905022811187962,36.06534352789133
93.29419082660637,28.687241657591176,30.937958016654704,35.81157674595254
75.78880869170695,25.770976920120184,31.005417471784384,35.290778072772866
61.70424308128608,28.013721797328085,30.774713251883732,35.0126713466152
49.32316473902675,32.234860296430604,30.48622921766529,34.92060792132253
34.39222222982446,31.290003400123258,30.255339470850416,34.734957937025534
26.235216295989517,27.688751585515384,30.072489908974585,34.72008469081503
24.23421802036077,12.730167354762521,29.963018042884272,34.82910712654919
12.304401983046478,17.478749768127646,30.183312887446036,34.582117737671176
39.39254761247952,31.323721119676694,30.464725804725326,34.6347790488358
40.25975073311889,30.914014163756537,30.79605712550784,34.421324179645474
41.777724994348745,30.330202916810567,30.864712962624942,34.55407855367847
34.5226531496756,19.942062722960838,30.842121381212774,34.56930855458011
49.015811977146136,1.70995687056638,30.917766385481674,34.70606693535657
58.92353390444715,0.6443885331042516,30.886767971112352,34.754630406045806
63.07155601612784,-0.8978615444117075,30.923103063959992,34.714488317499345
62.03891172416602,2.1793664774800305,30.905382865022986,34.80905862229781
66.63438132927335,-4.389093811854,31.098735755692445,34.39089061079991
62.90540045185101,0.842503478487739,31.28187670081192,34.32029718686674
71.29920980203265,-2.2064588295339185,31.151779312425937,34.17165131091857
79.73398819847516,-1.6451230755665467,30.86898242639135,34.08565229716198
91.7789905900822,-1.1849393942834983,30.486912190092074,34.19606469750522
124.09608125715542,26.728811605638818,30.513608655958137,33.79217224052843
116.8344378065414,26.68473772383641,29.729928143387802,33.880320004133246
116.61411882093799,25.725889848578124,29.16134501545976,33.779573556380065
116.83827520953314,25.74999963983789,28.713032238269445,33.731353973860536
117.06657341224803,25.792061719923296,28.256435832839642,33.64722981368972
118.32536928047845,25.77657414320534,27.7023292080797,33.67820496712563
120.05794274834318,26.21681460241877,27.156838432650147,33.77094276879874
121.21922378207134,26.301628772901385,26.765807094317083,33.60131442783351
121.8521630226407,33.414752751119515,26.4566845268082,33.72640517584432
120.8332473275838,62.17828030002427,26.587254156937515,33.41720287756838
117.91441269712107,93.16425086986362,26.718969674500887,33.25976062431255
117.52983860919946,107.44854349081639,26.53740852272226,33.212455211062725
116.99705592024478,85.24906979231098,26.65596103110391,33.10179774026934
116.98991812840357,48.53148683356136,26.670236614786315,33.599728722390516
117.08760516684362,26.03683262015026,26.474862537906233,33.69608351616029
117.14392036514002,26.09261986310756,26.362232141313424,33.58450903024569
117.15207842253356,25.629135957586044,26.345916026526346,33.561582102340566
117.16333403824837,26.143129471115316,26.323404795096742,33.48286887041078
117.15796719223546,26.13962607620825,26.334138487122534,33.48987566022492
117.2056966049172,26.14862454639038,26.238679661759086,33.471878719860655
116.80336246286282,40.49941738052115,26.09721428880239,33.154302763561894
114.30307739492103,69.68794654042449,26.403201270093717,32.99007556069907
113.69915027021302,70.26273366136948,26.669673372275867,32.78188346604297
114.37203813399378,29.662629116211164,26.266404613022964,32.92649328181989
115.16719789906898,-2.369550946372364,26.552413965798095,32.25750694605618
114.79042220319482,5.0068014867052675,26.373497186364855,32.424292818805796
112.00289993417886,40.40777177239214,26.35570031976031,32.4650100394943
113.30198707727031,26.943204292605728,26.554968710698706,32.352199120227596
114.36119934353162,26.390096145890467,26.30450114268758,32.52443693140238
114.42341768189786,25.348557337956667,26.18006446595509,32.74238187827897
114.31951480447928,26.83632596677982,26.38787022079224,32.56856702955174
114.30989191764985,45.16292118268658,26.407115994451118,32.365134668763204
114.34669407039287,43.43736161901305,26.333511688965075,32.08916835215625
115.11021928107787,4.203418499534834,25.732755800936413,32.74831379043904
114.69547400498982,0.43969620641377105,25.635561948391953,32.86228313891671
112.2373547254822,34.297450264788594,25.91754756626782,32.80686796280207
113.47517469157853,26.963184589782188,26.233745388359154,32.58559795663359
113.27040428926753,26.608101696762613,26.643286192981158,32.36340506460861
113.08674354983455,26.636931233663592,27.010607671847115,32.30574599080665
112.4450852808015,28.641029083350663,27.353259045957852,32.06021094725396
111.18991021327054,47.06720601728174,27.036403649189054,31.961528993191042
110.60262414232464,69.08447098327609,27.275244946028135,31.906348778679586
111.6140030855361,39.279548203668256,27.129970198483008,32.375475463244136
114.12801684307699,2.487847404797801,26.820377368980708,33.29498290306142
114.80132733328911,10.51261605614528,26.426665779837695,33.44490525214767
114.69458218203656,32.930411933805985,26.64015608234281,33.20264500749365
112.24216701900062,23.572840591439824,26.802290796820188,32.94700524584798
111.20565416587425,24.2051780450342,26.980863755657808,32.6295567123668
111.11813647422727,24.331262395211297,27.155899138951753,32.3773880120126
111.52606732895899,24.933868658267464,27.284174999648773,32.11631305606072
112.57482871997559,26.839023050496344,27.070964853735525,32.074629543842846
110.2496410048146,26.893955303550843,27.03108494777265,31.964765037733848
103.32551263528934,26.505618688958904,26.843917251818073,31.805743304584055
95.53572056823647,27.027549563376493,26.61034785874207,31.692067057347806
102.5552329620601,26.211826464258372,26.440743956386008,31.474257137545223
113.19737834357305,25.830679060244652,26.281698105663878,31.31806303634206
123.75207554386282,25.85667566923256,26.182323659559078,31.266069818366248
125.19380967783704,27.66769504182745,26.032028584585575,31.288261997143053
125.84896016464006,25.465536423718895,25.63068904369777,31.147772069769093
129.60045621687746,25.47017736556414,25.32973424099564,31.1384901860786
131.53423119198064,25.985812902542616,25.043023538304826,31.002428924000533
131.5769166180499,27.374834829315958,24.957652686166362,30.889669203856474
145.26011069351696,26.151958538956805,25.035252116258206,30.679552018669025
168.18116031762253,26.633597646906086,25.12476853045974,30.599574103970703
194.01359852590903,28.481807220964324,25.58745620599915,30.437227097692364
214.3569467643783,28.971240944380725,25.77251728016218,30.34687611936177
216.70524702435006,28.084410104902872,25.52647517395689,30.340314432822186
207.01465681868373,28.215402836265806,25.41521800382521,30.078328970096315
188.623720804865,29.226450872787087,25.23121470848219,29.816512674338533
173.0131768054102,32.816075239319844,25.0213403241464,29.621922248660873
161.89583403661538,31.54077463023029,24.723093164345254,29.572569694064114
156.0011500274242,31.60872426339536,24.457846188173882,29.436670427733972
156.6069871849245,33.69738139052188,24.100795582414584,29.532474719687535
159.76506227554208,34.13085336798701,23.736748467755163,29.515831202839532
159.51674632383978,33.64010242892911,23.38927373684429,29.6532264466399
156.25919716688676,33.7123978314857,23.179958945172476,29.508635641526716
150.0772403003873,33.72129940019111,23.02046651605233,29.4908325041159
140.25539544529204,33.694913874097566,22.695994005551395,29.543603556302983
126.62670440148442,34.25185627960697,22.645960215527932,29.25721619612171
117.26910956357088,33.786237814331066,22.449040286663084,29.36618749168691
114.43001825387606,34.19482077668258,22.38224980994937,29.369732009284366
112.41693054030499,34.19397171615575,22.31008885160669,29.371430130338023
112.85415708834304,34.24832384988109,22.254142685684272,29.262725862887358
116.0890022638476,34.286236751546404,22.311775755050217,29.18690005955672
119.77205699142608,34.7111364289241,22.286933875758603,29.152797102119703
128.76625799887827,34.757730457709485,22.223328578783477,29.05960904454893
137.78274841578795,34.37865570170408,22.06060733958641,29.005474029531452
143.9025684138149,34.6704478507434,21.952625477812184,29.2306669404048
150.70098438361123,37.82821992746033,22.133627514434785,29.398809364013413
157.09331753643207,38.13666613299193,22.405345138322122,29.59794094854578
156.95388175551943,37.29995676191772,22.684216700147378,29.624247803283623
144.37015292656477,36.07216396704899,22.995315803187413,29.594197537534146
140.79797168840275,38.6229197911474,23.47417294565782,29.491814889727518
149.92527523889837,35.3724331896404,23.687393447151027,29.277214419110834
159.37252289292493,34.900528146559935,24.103885371906124,29.381416364714873
166.90023611668943,38.24922970070534,24.31262010662884,29.468084892980386
176.97212250784315,35.147010292552764,24.63484933910044,29.703273121641672
184.19807497756022,34.524184733660576,24.8308324241168,30.08728376739955
173.98561596091236,34.356199582399654,25.227627426328823,30.42325406992139
177.92786693598342,33.90907352780312,25.28522207987601,30.435051000926762
174.38975153384476,33.11695226890817,25.292856834664306,30.252144506344404
180.26128129387104,33.957323336684134,25.000939533822063,30.3331165583633
173.73312315256177,36.577566451792364,24.896710889751837,30.35684829882235
164.04211788230387,34.19449575686744,25.0058079628052,30.742782082430725
168.00539513271494,32.80661440612648,25.03345617804344,30.86714387855918
177.353805198651,33.07310575789353,24.946359498513203,31.22033848227944
187.02773961017508,35.28316339979167,25.183360945126644,31.251330077951707
197.66789987450605,32.49620746487709,25.372723514014503,31.45782117339341
196.37504195859245,32.93001826398398,25.25587240497266,31.491055222135984
204.34337761531535,35.10319368386007,25.509529739964805,31.642017895838812
203.62838987187442,35.83014966471222,26.033566624524124,31.999983138779633
203.72082679671928,32.38004019181912,26.768719569029724,32.46001452519855
209.69253888580837,32.077087632959035,27.03397583131324,33.065919642918736
210.18777800029056,32.35261623609203,26.996341286245556,33.467706120549444
209.64909773083383,30.19593724462095,27.115248141739364,33.94724936981282
213.45663608130337,30.057093195373003,27.24267633310786,34.22493746830872
206.49174079207924,30.4357030990062,27.53383848727195,34.44190540563405
197.55416532676406,31.261301357967483,27.727606279671583,34.75530701418157
195.27324758637494,30.68071667345393,28.32820206280633,34.926166458797795
191.70194920109802,30.49036759372599,28.451507371785507,35.30686461825368
203.58116380609007,34.58981694270629,28.948940214697423,35.19325327125842
218.79139366938873,32.55002959887133,29.038671241067952,35.20480252519929
230.88952933470605,31.866354674486644,29.289891582010867,35.55350688765293
232.28024996127579,32.76583320135093,29.592878961826486,35.810835589227786
232.28883181165114,37.73212260508814,29.57571526107579,36.24890197436105
215.79518893377218,37.56999588252007,30.212051436079975,36.5731554194972
195.02209883026094,37.89836146476829,30.458574878811653,36.97538981305948
174.5693427012354,38.19211215093135,30.733832941223618,37.457105656408075
163.16875225494837,40.28661643455509,30.83047044335599,37.592772020673294
158.1697255630737,36.4804947649669,31.064912607551896,37.61109552241925
158.68528906365137,36.469429593891874,31.122730398974745,37.6332258645693
159.2817347076002,36.49040709324751,31.020067670272148,37.59127086585803
155.48105111838572,37.13996344489746,31.00608078164924,37.38006588642268
150.12586819421443,37.7096836564334,30.872427060657884,37.325027420284194
141.50074901940707,37.76011508822061,30.82067289447719,37.22416455670978
133.9956946530073,37.70985832257051,30.72523875496684,37.324678088009975
130.8272019232746,37.635174135121964,30.588375023179374,37.47404646290707
126.68335842335291,37.687074139906244,30.243560336902227,37.37024645333852
119.28008436424442,37.69988018620006,30.044422951416852,37.344634360750874
110.85257687823744,37.751325670258,29.80840672944558,37.241743392635
95.52257236912293,37.79734976579729,29.648822463719245,37.14969520155641
86.43511714992465,37.45389547346341,29.825585212029843,36.77788921621912
118.85897139425242,27.125999471233847,30.44035561456701,36.31675254609995
119.74347186766202,18.794140939859936,29.730047388031362,37.1000788045949
115.54105333511924,3.4443552134775537,29.660692068453,37.08070286295287
132.03073102694233,2.2454049076445273,29.474430926601258,37.36291997514831
134.7649619828375,2.665476174918709,29.30175596264615,37.581934830166986
135.34306796792765,3.086554525189978,29.205252996756375,37.79948713391501
148.55611169912973,24.061477800549213,29.31615082952765,37.24733764367018
132.82299420074764,25.87840603798012,29.138903587120765,36.777829392725465
113.02231466980484,27.285771412946676,29.044207615022373,36.05236469721256
92.868874636001,23.860726593401868,29.1081753734948,35.67936751158559
112.93632492587761,24.212544940630956,29.03158137639242,34.97573081712741
129.1033396652499,28.139862338336002,29.176735650480744,34.22591746764952
156.33240316592105,28.373132689503567,29.024742919449505,33.75937676531439
152.84557485099054,26.72727185464531,29.026829390524167,33.067344058581554
141.62480087677136,26.467179118871453,28.809460364264968,32.60235922688155
130.57325576411608,27.10617705668088,28.50147455909166,32.298757961283734
119.46471625309067,25.309749320707713,28.530899946602673,32.03289106200575
119.6431393476856,25.36903045558526,28.174053757412814,31.914328792250654
120.70527697862464,25.243417768178542,27.956556808776693,32.165554167064094
120.6843105221439,25.003983468571043,27.998489721738178,31.690619041828995
122.44963011959196,24.9602741928283,27.30902977048495,31.778037593314476
127.87436933494119,25.464986485811345,26.769727169116017,31.705901719105626
132.68601353173682,25.4827275126794,26.42072841519761,31.670419665369515
136.5183165993835,28.3480058093007,26.12582515502876,31.467140228470257
140.80924847906817,28.372676707146937,25.763335007280688,31.417798432777786
143.696117312338,26.681808807077566,25.42920692552949,31.17312784305757
140.7231252289034,26.75311448500986,25.093619800662008,31.03051648719298
135.01105560899816,27.1353170178618,24.95181320157231,31.155799562942956
126.59595794821965,27.16987519106869,24.88507185239347,31.08668321652918
113.26696446498124,27.19038404140123,24.92845023019725,31.0456655158641
103.050634220167,27.183487851261845,24.95487875690143,31.059457896142874
96.80065796270222,27.23548761402411,25.024619412818865,30.955458370618345
96.88917880673029,27.25390935432666,24.84757772476273,30.91861489001325
97.33897501410252,27.332698478240175,24.831927071898203,30.761036642186216
105.8026432358497,27.380963915984907,24.648298969778367,30.66450576669675
115.13436196748938,24.84299280628651,24.39676913140984,30.479902950404735
119.4992542351122,24.835997171224154,24.364937501012445,30.493894220529448
115.99701256321859,25.751030250813642,24.413487148030985,30.402811485542646
105.58368124232847,22.68590471185815,24.38712879423026,30.450931439742508
96.4766953231825,20.057257230601053,24.348114603853947,30.493087536922918
92.97710396506179,20.059511499657358,24.393661976483642,30.488578998810304
96.41235757787172,20.45565835063416,24.482184441375146,30.566164008170613
106.39373507962996,20.007406766138956,24.587486829096413,30.59014294275939
123.0137064831426,17.003820568290493,24.58289014138391,30.475014737530277
137.80574357928822,16.429306581853748,24.672580408185073,30.751284932195162
148.27321740888254,17.703452829821657,24.82154578112285,30.838481565275146
156.22587161187653,13.776905181293092,24.797223449210783,31.633360829409646
163.2630948849826,12.58832938270388,25.0293569034846,32.22218992652733
170.45325784811766,12.346804745450296,25.1617584598132,32.705239201034495
181.40966992363428,12.640740600300862,25.248755954920995,33.03402672658924
195.5348207566755,11.598287213694842,25.61606406638031,33.27263609479859
206.54565805690788,11.463636352507518,25.982886790140387,33.54193781717324
208.74623198555625,11.82452176571324,26.296846555540068,33.763188515301074
202.29899374971174,15.514903994305158,26.82078823155522,33.99506085545501
194.5058555924772,2.594716966689205,26.98726374427242,33.81452105773056
206.02766455862383,-2.9589207639985133,27.07173115315365,33.35775384851872
191.59632207494738,-1.856360728832815,27.194992684702452,33.06859534057426
191.2452737299844,-0.9018540541406672,26.94158285265972,33.07059503512737
194.987199910384,-3.664405004189325,27.069018974393984,32.88723057332461
192.0416720979926,-2.5636794678295267,27.256215374206892,32.58706590892831
188.71733177247552,-2.085263572202953,27.26171846534247,32.579259483374955
154.42376073331118,16.011883458944833,28.47032939785067,33.395707881459636
154.28704782548792,15.945534067030358,28.743755213497188,34.50970303890449
143.56891981940504,14.577799554377822,29.115763220445857,35.23905320656984
150.54155884900322,13.244953249325238,29.45651831035057,35.86388393823199
154.0091891274727,13.492184203834238,29.770940523908052,36.40509099642777
170.40905521466613,14.43317739510352,29.495780675040947,36.62146411876145
169.42503999531831,14.213855513984356,29.36772035644173,37.06010788099978
172.4918615961271,19.516598283008165,29.550489313685425,36.9819759410543
165.95896471078999,44.12672085216033,29.96210169284046,37.32394125286687
163.06336428009863,80.77788462656528,30.42067473210937,37.61187764922715
161.36536981191512,102.28463577344633,30.58127062383906,37.73694928396334
160.66632153953725,81.6690731845918,30.896347321196416,37.813320260534745
156.84077744447626,41.63264478310667,30.92207196533805,38.364528655424216
155.70697492931885,13.765979821747507,30.993088440352203,38.08485041797657
154.71363829890547,10.57003109902891,30.789518609044585,37.90601858701068
153.05173892839713,10.061562053047133,30.84621726814918,37.83392331833687
153.10833598404778,23.8010138770448,30.733023156847896,37.57602843348091
152.65606806338062,48.73518433881144,30.554559589538663,37.52566030755081
152.68258473859305,26.66132647217771,30.501526239113797,37.42160046380905
141.37142915830682,27.750275353663742,30.510300823604286,37.39737285094002
152.02447895443245,-4.017352765652902,30.736252835574348,36.33647427690924
151.47295153270377,28.412170445205202,30.77550769043502,36.369227159590984
152.55121805003793,15.602855220174938,30.74886693530377,36.42915025520607
153.13253120365957,12.283840530500484,30.651687148808428,36.67450051006752
152.61501839146325,15.88393970954877,30.619028509712795,36.94809199638895
148.8358154261829,37.78996415474131,30.677612407525636,37.063572154955345
147.99239700312498,78.87767515914365,31.290300909090735,37.59757267656096
139.78767590940993,107.6263770793343,31.31376035205868,37.99730786661259
139.21728581192332,87.72769063646754,31.35555487790871,38.231196663912
139.80936550923076,45.47557102347536,31.274689166435166,38.88511597115509
140.37193288319773,15.573948056897567,31.261658951763522,38.634717108144336
141.57546803523866,11.88193515837786,31.0706212035647,38.26262895959316
142.08215482112314,11.961353307622868,31.1563868552476,38.10379266110314
143.1726665224749,12.001052982900863,31.171514255944405,38.024393310547154
143.74479035148204,11.984476865835259,31.124357340493194,38.05754554467836
142.68774341802225,12.02345274466872,31.044777462969403,37.97959378701144
136.22768903485172,20.888992559692156,30.832896584727216,37.757833683075575
132.52550227804642,45.92888510029879,30.625161177157118,37.700478655335516
132.64573691316062,11.621306192555412,30.384691906928698,38.07589363103779
133.0103456787344,32.342044009884006,30.74053005524436,37.86653381598321
129.68013550059715,-1.0165996212100303,30.87521111948908,37.151181727196565
128.72503915413066,30.77754197625027,30.62796240126361,37.20742016144922
128.71322993419366,14.686902180201663,30.651580841137605,37.12151050847511
128.70314238244794,12.541525648932264,30.671755944629098,37.11376658187086
124.99701809898438,12.544347732070193,30.560179120331018,37.108122415595005
124.47399711033357,12.577006714734864,30.533291498960146,37.04280445026566
123.90082115593636,13.115225659798998,30.608164655034525,37.03784531285746
123.22684478423267,24.30296525374206,30.883497707282736,37.187379639313576
123.37068006250746,39.48228065382132,30.59582715073315,37.05243910415484
122.71714468043201,-1.8437484079246076,30.83025239725399,37.11079237013054
114.24945363122552,-5.650376571825779,31.605192267153427,36.10514617605898
117.77267107031525,16.41101903824505,32.07851290249175,36.026637249378766
117.76110007267754,12.54701836144151,32.10165489776718,36.1900524511084
116.69342286433778,13.05959559585838,32.06983821892454,36.248483530035735
114.50192742121216,13.576371505461967,32.11688160473758,36.298918585938104
113.88185845218953,15.20759345518907,32.271485391506296,36.29307714031353
112.27404869256877,15.692935310948442,32.223302320127765,36.41032762566813
95.92708898840107,15.63223890169591,32.24745028794787,36.531720444173196
94.8093863734596,15.603361281683114,32.30029481150645,36.58947568419879
93.71425798221898,15.56127903529157,32.30448027641291,36.67364017698188
93.72932798546012,16.11955724964376,32.27434026993064,36.65150292925896
120.65367400851505,9.649182870986419,32.01140812019203,36.46920844664599
162.30518134747408,10.858339854689504,33.45504580497454,36.223885565462915
174.51609747946046,12.352789425511684,33.36234399096939,36.552595121541415
181.9910568167459,13.198934376181224,32.8365301030211,37.07939826429812
192.15695547782516,17.256598994366552,32.472917704251714,37.83881788276708
192.59998594282473,16.740743390550644,31.586856774252574,38.8705290903989
156.80244792254572,12.859461956988767,31.695837731526026,38.8143003077884
140.02211656715053,16.10253590838702,31.720259089855116,39.035400675484155
153.35855441060573,16.58440095290097,31.968148713362915,39.193369141057005
175.22782914614567,15.769558071088973,32.22883451092955,39.69486938497211
189.40973080227513,15.130789875558765,32.370118678883145,39.83220227682403
