238.3,103.9,7.8,18.8
236.13564238798924,103.22360739754913,7.822555638700403,18.73951525673662
236.11430286870834,103.03885928396733,7.865234677262225,18.696220021879046
235.67621563012037,103.26492118751422,7.915565420756203,18.657018081626237
234.2048231040795,102.87282517422081,7.96562030844524,18.614715775529437
234.18616184973394,103.09349739198106,8.002942817136406,18.586892248705666
234.17764012343665,103.10563853494342,8.019986269730975,18.562609962780957
233.56895551744927,103.10346987465915,7.99617563833163,18.5669472833495
231.9208535031591,103.1149710864591,7.985445565790596,18.5439448597496
231.91798120104244,103.11856577953391,7.991190170023912,18.536755473599975
231.92207972528786,103.12370871175074,7.982993121533097,18.526469609166334
231.08733700006115,103.34589831162211,8.002314024463484,18.49463154630432
230.87465145943727,102.75011705527542,8.015265752111432,18.448935998198255
229.43388452980065,102.96551384483635,8.012928449689355,18.4301240136043
229.22724059307913,102.36110225929137,8.01455119966029,18.40395181427788
228.59360947012271,102.36473977693684,8.047879405194827,18.39667677898695
227.76101288651515,102.16132362848562,8.065886967730712,18.39171267471957
227.55788959258888,102.98991945322828,8.060090356624507,18.382693821069182
226.11253437245549,102.36929722062295,8.06814137268518,18.388512818762937
225.70278796406328,101.53303181334428,8.063561441725176,18.41289813783147
225.30353165995155,101.54348716600681,8.037450440597743,18.391987432506404
225.31456574670128,101.75422864337456,8.015382267098312,18.382047283533606
224.6947278751437,102.17599516763748,8.022040420329622,18.360525961596984
224.68952907941363,102.19070192253872,8.032438011789772,18.331112451794503
223.86909368361898,102.2199852115059,8.031054195515885,18.272545873860143
223.6668111505431,102.02405451188238,8.025936805925337,18.254724817364895
223.25567372804642,102.43896369888833,8.029549587164325,18.243568507107383
222.02132315393501,103.45487224748433,8.04285957046031,18.257910714021058
222.01311959879607,103.63337997961703,8.059266680738219,18.310572853652182
220.76464773872257,103.21535954375517,8.091777078106064,18.325135951116167
220.76916954423237,102.19700811183012,8.082733467086467,18.304198342713523
220.78681553753268,101.99868171331455,8.047441480485888,18.289789667356917
220.59962480644427,102.0015887279199,8.011597721797912,18.283975638146256
220.19550644866055,102.22647122108609,8.000825172152936,18.24371528442006
218.96785417238786,102.6641659559505,8.003781294013493,18.185775291586186
218.95637096881902,103.10059044021668,8.026747701151162,18.128785499405186
217.7353358278737,102.7035231608092,8.023802674262518,18.107914955293715
217.54700025869252,103.5159992468577,7.993328899492208,18.11154243572755
216.1380443059287,103.7037950120177,7.964633381524072,18.14260910876411
215.73996886479412,104.52255152109214,7.947576078740394,18.13151246072091
215.94834496010375,103.9315197105408,7.936963192655033,18.09515816822191
215.95688409850598,103.95113473487987,7.919884915850578,18.05592811954376
215.9675313277292,103.77937772036742,7.898590457404122,17.994899437051615
214.55861342728264,102.5947545377488,7.893519150838857,17.944511138753086
214.37327710988706,102.59203119138652,7.8617463539699735,17.949957831477633
214.38615890790734,102.4186706642069,7.835982757929375,17.894717171644256
214.39833251349876,103.23603637378505,7.811635546746574,17.86277315581371
213.20273972995102,103.26666383414475,7.804034306897901,17.801518235094296
212.81459847922758,103.29207322583581,7.7827825276457085,17.750699451712205
211.43225435110153,103.31550261822395,7.763941986823765,17.703840666935918
211.63663166268768,103.14541319742419,7.751814846046798,17.647392026140125
211.63094536785235,103.37022700191505,7.763187435717461,17.59335117576075
211.62736081925783,103.19707028486897,7.770356532906501,17.544666924055512
211.62151130949317,103.59889029005174,7.782055552435769,17.529851296081386
211.0234149966547,103.21412122119553,7.795040761829352,17.510584489604888
211.01115837883106,103.41279652102308,7.8195539974766595,17.507584126118534
211.00086986553984,102.62639772174673,7.840131024059076,17.501421642484473
210.40159577187666,103.21461901813862,7.853638188138559,17.510020072947512
209.0080935817637,103.61750399058042,7.872993375294,17.4950070403698
210.38332161818968,104.19107961538316,7.891041381660475,17.534357539000784
211.5778044716688,105.58704587575943,7.880452650916392,17.517198157164707
210.37937905035653,105.20683701675024,7.901557955959669,17.485700695989316
210.3576379856412,106.6013983090189,7.945040085390384,17.46765974741725
210.54074449487428,106.62220754925227,7.975198937536635,17.426041266950534
210.13700951346112,106.63526656456817,7.99008234270779,17.39992323631873
210.12744449157367,106.65474121834296,8.009212386482728,17.360973928769152
209.72529551399953,105.28180538365137,8.021635158523821,17.335282457277366
209.70815992148303,105.30558951732026,8.055906343556817,17.287714189939617
209.69662644650157,104.91602929615031,8.078973293519764,17.275467969722452
209.10127268377528,104.52705706369734,8.081954024333504,17.261594571535845
207.70372051519448,104.14922899562794,8.10675647495895,17.225735882950048
207.6837360840219,104.17208381091989,8.146725337304142,17.180026252366137
207.27110069864938,104.18608402778374,8.180605659352123,17.152025818638442
206.46639332772222,104.57005902349621,8.206511150386568,17.17583045262342
205.46277618827108,104.57429838147172,8.230336443626683,17.167351736672412
205.44185686697313,104.58417021093837,8.272175086222589,17.147608077739115
205.22700449846266,104.40075189187755,8.30446363832754,17.117028530944733
205.20782447594416,104.02026307385226,8.342823683364564,17.082945255463205
204.99177055072488,103.82618161119633,8.377233032305464,17.073409679277397
204.57770729824935,104.41977058994874,8.409041791249575,17.080708340782987
204.35999349422897,104.41376369939495,8.44564754577614,17.092722121890578
204.14507656370617,104.19343634312611,8.475843519659804,17.133738947266362
205.35188377719285,104.17711001605129,8.466849566024495,17.166391601416
203.74303966598583,103.9915657701832,8.47577650247417,17.136384932406624
203.7245452898306,103.60043209183976,8.512765254784641,17.11703634615768
203.7007176503947,104.39305984765944,8.560420533656467,17.136449561772867
204.27817255485536,104.18312314439244,8.612363491657572,17.15403871266607
205.65384016614354,103.97639896656271,8.685168446851137,17.16403847150125
207.8516725309631,103.54474777048797,8.742996493251491,17.217614904370794
207.6402112936351,103.10475959612991,8.759258278632139,17.28426987453626
207.199701773595,103.88335808377951,8.824418597794265,17.35879034107326
207.17290527378591,103.22764789330283,8.878011597412428,17.439717989755195
206.7631576303832,103.58815015477528,8.872921259380206,17.54329909164786
206.7625415903821,103.75313992543705,8.874153339382403,17.62705620299526
206.7613369484446,103.28162473377188,8.876562623257435,17.74009346006592
206.53660458976648,103.85466628236048,8.909318144164896,17.844137952235023
206.10103537546487,103.38364085446781,8.942822683691201,17.948554918943458
206.06233945584816,103.32893298243756,9.020214522924606,18.05797066300396
205.7958781446593,103.31215181113208,9.129229379244208,18.09153300561494
205.73707076809933,103.26896469452092,9.246844132364146,18.177907238837264
205.90057255862692,103.44291387881961,9.349464059580354,18.259632378511245
204.57323909783617,101.87991679743645,9.408439801598794,18.35732016512066
204.79883303043223,102.05165215013004,9.392337058997102,18.448934582323965
204.78085835264605,101.77629560480547,9.428286414569449,18.563486129391926
204.54653576075322,101.28680692743254,9.458450535331878,18.66550135809118
203.22336329494752,101.04419400910157,9.461708732189182,18.71021273896077
203.4372746603989,100.38982880970526,9.47511840512572,18.695245926235547
202.8015263877445,100.35210556815802,9.42288243347811,18.770692409330014
202.80759684422006,99.86964823909662,9.41074152052699,18.852704842476705
202.5675236200617,98.97176925488813,9.448436376719496,18.87865644239686
202.0985164979692,98.0887318587613,9.499467540991771,18.870765074825044
201.64115106924973,98.29406433845355,9.525672060773067,18.90436328426939
202.5199938047717,98.50957111923995,9.548849802052665,18.918565525777453
201.17373233287393,96.94807163363751,9.566398920275814,18.92076170048118
200.9396819058014,98.05242777672176,9.588333132600702,18.942882623413485
200.70446259434357,98.02666708856138,9.611896573361642,18.994403999734228
200.6915697948576,98.2291968344472,9.637682172333603,19.037391383832787
200.45886986104608,98.88266241980311,9.653951055144638,19.0778531675568
200.66679003465896,99.32793155760751,9.688122987737955,19.087339451586207
200.44531696418468,99.05933441891935,9.680322515499283,19.173787115775234
200.4482401128826,98.78690862317431,9.674476218103433,19.266749111370597
200.4638248803082,98.2825993268846,9.643306683252217,19.369043266293296
200.68502649812828,98.92751986833919,9.655034271863723,19.441594656139102
200.6713086385022,98.21806284102969,9.682469991115845,19.494288544244338
200.66056190833373,98.40383306876235,9.703963451452807,19.57941121752435
200.64665935180471,97.6825030102867,9.731768564510833,19.64718696931492
199.03404222873033,92.5751072860067,9.738540567335297,19.746811367426986
195.58929591417723,88.18344482712828,9.707497274596541,19.76412411751356
195.81165667514128,88.18350389850201,9.72385846813701,19.764005974766107
195.61315151124867,87.68576765550743,9.659502212086897,19.836745293084675
196.08923209144874,86.76364396641145,9.629971803613786,19.835731167422697
196.08156814923547,87.23675030569271,9.645299688040353,19.811086768622594
199.5161174711016,92.2952968292034,9.686533259301996,19.829147636925704
199.4819399801221,91.13832668248314,9.754888241261028,19.834709285820935
201.0912086185203,96.16505911872704,9.777011482707783,19.966177470668907
200.5843715594934,97.04648204589903,9.860130889523814,20.06444103880048
201.263922065552,96.13758833689752,9.90556511107619,20.009514811910723
201.2666797679603,96.16003166762077,9.900049706259633,19.964628150464215
201.94936407910117,96.62633704542863,9.936885899072557,19.96682060491161
202.87205916304106,97.32063531514515,9.963800067240847,19.982452317514653
202.86772868634415,96.61410599004009,9.972461020634691,19.989183122065704
202.87860173261757,96.63468469394098,9.950714928087836,19.94802571426391
202.89028028139344,96.88092973533776,9.927357830536076,19.923575050006345
203.59443959368275,97.13211799627163,9.920853080854709,19.88846981977103
203.34936557572257,96.9177123627838,9.944361728306248,19.850641698277865
204.03204210278815,96.4656798235101,9.9784783771867,19.8217269748175
204.0078355918051,96.96224129693938,10.0268913991528,19.761916677824978
204.23136403408918,97.19043532025567,10.04644822770684,19.772142344314613
203.98294314824824,96.48875233940561,10.0761851364434,19.774193717178683
204.43898016789322,96.74511917473993,10.09941479396139,19.729111894914027
205.59871146356602,96.74564156829629,10.116891943860168,19.728067107801312
205.59070588278223,96.94662183000096,10.132903105427742,19.79378241184741
205.34899637666024,95.78775635225995,10.147395455547468,19.7668800567085
205.35846978906974,95.58639566931566,10.128448630728467,19.70082155234708
207.01937040890482,95.61833931041194,10.07895772815263,19.636934270154505
207.04624822643692,94.96394997745028,10.025202093088385,19.548708520816643
208.00046040297508,94.07989725560341,9.970493483142358,19.46309822138005
208.0086238840081,94.59086713645513,9.954166521076308,19.363582254223616
208.72499277309987,95.09668331285629,9.899793812401768,19.270859947760613
209.21173233022085,95.12439242218653,9.840591815643496,19.215441729100107
209.24345176678227,94.91164019653588,9.77715294252068,19.185655579028463
209.27318239135312,94.01576334908366,9.71769169337896,19.162416576833316
