204.3,71.7,17.6,49.0
203.48442163128112,71.88703895810505,18.231156737437793,48.653814187277774
202.76473425126446,73.1189096126732,18.636174856463185,48.25878616015733
199.50466518070985,74.29247206908471,18.940565354825203,47.98357712825006
199.4432554548125,75.27316172152356,19.06338480661991,48.097096400447185
195.80372228375077,75.62616769060601,19.05330390774194,48.43239121099676
195.86476449710648,76.56857856607152,18.931219481030567,48.639557058371956
195.43081820406042,77.7118444560689,18.752311061925166,48.44662728877223
194.35382951362004,78.96319029474577,18.82473478175417,48.02548927247024
194.31126825490847,80.37588440600521,18.909857299177308,48.30801950195496
193.7472684599736,79.72637372087618,18.99625096276594,48.56543494593198
194.06844966446633,79.98171416605105,19.400785977677835,49.10165147947959
195.1416377842356,80.3853210264029,19.37833530961097,49.3564005445117
198.4193003839681,80.73136641377417,19.21455230981003,49.729566803046524
198.47774481563692,81.04240925649177,19.09766344647236,50.175199616725806
199.70748804541964,80.3584958059962,18.782307888994612,50.47096106667313
210.03306197586065,79.41426377504375,18.473250752108378,51.288788774683496
210.12601366429976,78.92023791891359,18.28734737523011,51.20000365567561
210.11211190173037,79.00427733872634,18.315150900368902,51.031924816050086
214.42428469032163,78.50177563430175,18.252797540511047,50.96667919773369
211.81774771002887,76.90042259184528,18.125016256100146,50.964872135648775
214.40610311448648,76.19551346078906,18.27737900844915,51.30887568550838
209.90655555085152,75.6651181266113,18.68802247494184,51.29610989626673
205.44271538743038,74.03464531251348,18.96889147936419,51.314501278554914
202.82196747952898,71.33393623319158,18.779286483596437,51.28481862562816
196.49593569438963,68.6940458355443,18.4431804552577,51.15286208816546
192.7122612332656,68.01337252832765,18.490240548526764,51.439881727030325
189.9347281664662,66.9675931956282,18.648670424625358,51.372785889429174
185.55976040293808,66.93718105855503,18.748661460392015,51.43361016357551
189.93965109537422,66.99590367770216,18.660403536934247,51.31616492528125
186.59594447020694,66.3598653610253,18.86398427520444,51.507602806624234
186.00502025687302,66.21780027506445,18.9587267634802,51.79173297854593
181.45709453941518,65.92957899437633,19.311111018440467,52.36817553992216
177.1105953313857,65.90854746404943,19.142782219495725,52.41023860057596
174.44793398484896,66.2490334742642,18.94202725646563,52.83448211136715
174.04848680038427,66.01935118372131,18.633234568180953,53.29384669245293
173.6524888492344,66.28227776027853,18.31655644864306,53.87666756117612
174.9330281369112,68.93012060172356,17.978005444488225,54.13730080628296
174.9437528247538,70.49701919661038,17.956556068803035,54.329865817617254
175.03199561191644,71.13105482239801,17.780070494477727,54.17295317357331
175.0525919906479,71.65085501204462,17.738877737014853,54.23900528354573
174.56322389804703,72.09312057310495,17.611772905335734,54.46031517830589
175.7092899506111,74.03929063062915,17.532981607345068,54.99465667753232
174.53983912582842,75.24533341945721,17.64613093032553,54.80832342646109
170.68758155557376,75.87106645822436,17.564564847238277,54.669154666583424
170.77502632151553,76.92650216428004,17.389675315354715,54.77587000630277
168.05527391200806,76.68584898057219,17.293745270552577,55.25717637371846
165.81336642047506,76.4876005761941,17.32874352622227,55.65367318247464
165.75494351949078,76.50817865086267,17.445589328190888,55.61251703313749
163.4555929253961,76.15199122485608,17.56384976051895,55.20478169618537
161.8461996534565,75.75916305189595,17.433257550222415,54.87397845738035
161.8079454214069,75.15775388260228,17.5097660143216,54.967496640049355
161.70866632808725,74.99475588015368,17.708324200960945,55.293492644946554
161.63233560137996,75.08851132500831,17.860985654375483,55.105981755237266
161.59686495133434,74.6117043202371,17.931926954466718,54.93905847435962
161.56742844512482,74.53179839914212,17.990799966885795,55.09887031654958
163.38403534486747,73.85837206745666,17.726081216709176,55.32289129681759
163.34733790570436,73.1783953091616,17.79947609503541,55.5616897814633
162.74737265014213,73.64145098334775,17.873469855578048,55.76151518367285
162.66054443679056,73.67479021071316,18.047126282281166,55.694836728942064
162.1592142951678,73.13588315397149,17.917362533737062,55.64022681063573
159.91997056596136,72.54393535631976,17.878878328020345,55.694879489906796
157.10871063366292,71.72924235862295,17.854822222870162,56.194950291350985
155.4136627179187,71.70851421691614,17.83680023600338,56.2364065747646
150.7719744345892,71.03787545813489,18.029779524518787,56.44138443255915
146.737529239177,70.83602141481768,18.098996980417233,56.84509251919356
145.59867434276623,70.78394703661485,18.076949120376018,56.949241275599235
142.67425576727447,70.43588917800577,18.170969550022008,57.64535699281739
142.64013246849834,70.42585678535673,18.23921614757427,57.66542177811548
142.6940120586992,71.07844822493155,18.131456967172547,57.52447123795308
143.20949505036498,72.45342488950527,18.26070677927899,57.09494949968173
143.0531549945303,72.49071045073066,18.573386890948385,57.02037837723095
142.84565358789047,73.01455300469073,18.988389704228045,57.13385522806235
144.62547273711627,74.1581272966225,18.940075226474175,57.1875891913306
144.5302139581007,75.26771431561647,19.130592784505303,57.30906237293686
146.2424308561435,75.03874509601468,19.232886904667787,57.767000812140466
146.24521007482844,73.84925148345263,19.227328467297895,57.77791000490715
146.88115845843697,73.1314258874078,19.139525165517192,58.02946773156051
146.8200564033477,72.6059425742969,19.261729275695693,57.89434425563958
149.1057452698764,71.52973494447141,19.43595017700895,57.67396019810522
152.1037521495851,71.68428265934037,19.37211634952987,57.364864768367305
155.0864553707401,71.05406891503213,19.31080209062158,57.44447382030341
157.01564609442062,70.9436542420323,18.994929893966642,57.66530316630309
159.39728200055606,71.70670665204622,18.94444027415731,57.317393894390655
159.92538569461027,72.755421302922,19.06050143087819,57.5645016822977
162.88843985912072,73.1538320477309,19.024172471451152,57.94563606659868
163.50429398171678,73.05776304736793,18.97522423107462,58.13777406732463
166.5596198923348,73.46484078059135,18.787649374789936,58.508233993868046
170.7585808738859,74.06598650643667,18.694985430464627,58.49240797343122
171.42319018083498,76.5313547503016,18.550291265306853,58.299769280662915
176.06075196365157,77.0983584575431,18.70784636075727,58.3448466988154
177.72365306103774,77.1070857893243,18.929983945174374,58.32739203525299
181.69758500637474,77.0207199992773,19.287630629992577,58.50012361534697
181.520522359013,76.91282094859514,19.64175592471605,58.71592171671131
180.8564534137837,77.01727499146745,19.764695019907805,58.507013630966696
180.79255572454727,76.94354621169265,19.892490398380694,58.654471190516276
177.878024988005,76.89555112477976,19.676937508807047,58.75046136434209
178.602510851728,76.77400093252497,19.43430808364146,58.993561748851654
181.69892524895104,77.35348648814583,19.268319909760535,59.03995876172294
185.33146135468604,77.95926259551318,19.221086680515285,59.03137971069236
185.97971213965047,78.52748633712824,19.12656342439435,59.09691054127018
185.71502510843845,77.8867612546869,19.655937486818395,59.17718752247777
189.70008818451214,77.91012805170197,20.170428780533868,59.13045392844762
189.37821461086975,77.76928473051532,20.814175927818685,59.412140570820924
189.24063260639133,78.09119739978124,21.089339936775517,58.76831523228908
189.14107755043108,79.25232695193993,21.288450048696014,58.91096523543617
189.82527713626868,79.04650092548295,21.158191277266795,59.32261728835015
189.80537731810279,78.76782918897283,21.197990913598556,59.87996076137041
188.0382229697142,78.63313519095294,20.98088068540724,60.149348757410166
185.59693680901046,78.629171678915,20.861899232272894,60.15727578148604
181.88113261443664,76.25014798228744,20.803555246590303,59.922021591521016
180.44453957941764,76.89222276209466,21.189003269729422,59.88174105535602
187.83391882207837,76.75959211795293,21.414259543703928,60.147002343639485
187.40611742050177,79.2341668335414,22.269862346857114,60.230937446784765
186.02411832584653,81.64692767410293,22.483756966540234,59.23057112010275
190.41140772602185,81.78597955277806,22.560338306902107,58.95246736275248
184.1164202783451,82.22470634966247,22.532242533953593,59.33682083581388
186.2317959779261,82.08272238774903,22.10209250648211,59.62078875964077
186.42391836640167,82.42494974632515,21.717847729531012,60.19951875120781
186.61346080548066,83.39302962885765,21.338762851373,60.792483416754166
191.7404096153682,84.07157991278,21.214463667626347,60.701582653413034
189.25323367647906,83.94608222311965,21.13834596707121,60.952578032733726
193.487419190297,83.8592136568862,21.52385867089989,61.12631516520064
192.67481803039527,83.8565609375563,21.874667014934204,61.13162060386042
192.37848611511208,84.90938774954799,22.467330845500634,60.3068395227788
192.3397267418787,86.68639321057535,22.544849591967356,60.59202385799766
191.7621304743137,86.73045588226347,22.41477957829376,60.50389851462141
187.52368148258572,86.96159746585866,21.920277590312647,61.32324391477917
185.21585367640327,87.22153943069493,21.39805712153678,62.08782900539179
187.99069050758428,89.0917213287384,20.992161388446736,62.205298656258805
188.61285970496957,90.27810799305044,21.028010952729925,62.392901245742216
189.12368551316663,90.80977353545686,21.289903627504362,62.613114452098
189.60726283937456,91.97918768586212,21.614270040511713,62.85732828213385
189.43063540981805,92.7307979008691,21.96752489962473,62.65509231256398
189.2956024893009,93.0656868000215,22.237590740659037,61.98531451425917
188.64378380943995,92.99339100236662,22.241421285044137,62.12990610956895
188.63774728834932,92.83332893548355,22.253494327225408,62.450030243335085
188.8008122589067,92.62339543328261,21.927364386110636,62.869897247736944
184.94413312715943,92.59548920018568,21.79933449248386,62.9257097139308
181.07553552998178,90.76886090878034,21.7043757322199,62.66288931943184
179.79701879395927,90.19955640794328,21.661738519885223,62.501662978916144
180.3500050769039,89.56330674444409,21.852498713786144,62.47742954612431
182.8422730299724,89.69552082919893,22.067458302931776,62.213001376614656
186.10109162707724,89.85967329418588,22.04976529182283,61.884696446640746
186.00967010503103,90.03261992666677,22.23260833591526,61.53880318167896
186.0100750456953,89.70302192513685,22.23179845458676,62.197999184738805
185.98086216229981,89.4752263592278,22.290224221377677,62.65359031655689
187.41830407460088,89.81246611481356,22.036157362425836,63.28951928821053
188.8687181405182,92.2898651591612,21.765196666700056,63.59445607173289
192.76080659279697,92.04474011900848,21.867187206752035,64.08470615203834
193.2340703554142,91.61341201924995,22.243946509710174,64.94736235155541
195.07938673009593,91.81848073361212,22.581147167682317,65.87983605860961
198.3773860168654,92.37911518706696,22.796221275871652,66.12078168804558
198.81094725498195,94.38154532575159,23.29872355616876,66.22479568026714
200.67437566672626,95.19366692681982,23.712817105146947,65.98086926895297
199.2781937534106,96.30551265785756,23.736473744731597,66.52588499392417
198.57110517830026,96.61735439077661,23.758001431828,67.29485099121032
199.45702393934252,98.11605274767092,23.390296598906406,68.50985234491036
199.4107460657897,97.85565121076593,23.482852346011985,69.03065541872036
200.84605848780572,97.85002135891399,23.460416717563977,69.04191512242423
201.55518426768646,98.43307546121774,23.46600996621996,69.2996517262342
201.45866681801155,98.24988694573449,23.659044865569783,69.6660287572007
198.61410697788682,99.61071432515244,23.602288389524603,69.81731207651214
198.51389674621103,99.96070111404615,23.802708852876172,69.11733849872473
198.56522319803696,101.64231937729988,23.700055949224307,68.61651713764456
198.7382281416033,102.2161015210034,23.35404606209162,68.891069029113
197.50680845902986,102.80808078607512,22.977441140784162,69.12683264219675
196.99708952397248,106.18162100965056,22.580691386284393,69.46069031811854
195.70438126490356,106.75511833407899,22.338773429335504,69.72736290680506
196.40791558676383,108.8427759863423,22.344726703292515,69.79111335531105
199.26360919807757,110.16528921591467,22.28952402437438,69.97417916802095
201.32642820912972,110.75771985325926,22.410833327098477,70.20496700160794
203.42484947689584,110.91789530659277,22.477599169721774,69.88461609494092
204.0951579127394,111.13376413518563,22.554826552597852,69.4528784377552
204.00807455310633,111.17325294888317,22.728993271864027,69.3739008103601
199.11486000482856,111.15548744687902,22.609315504036683,69.40943181436843
198.49915089198115,110.9421192088696,22.42727370484134,69.83616829038728
197.88024179084974,110.51332488026904,22.248872967461992,70.69375694758838
197.77400894682702,110.98116019245266,22.461338655507422,71.1832937823655
198.42539294590108,110.9562584759184,22.594729851713456,71.23309721543401
198.290282563191,110.17167327172534,22.86495061713364,71.36292335126788
193.74022995877846,109.34234463280032,23.287814174986174,71.57537368728919
192.08265510249646,106.3821836195545,23.6888269103468,71.66742175937408
191.08617420427086,106.54715827753537,24.216003527582334,71.33747244341231
191.6999356001597,108.39048953150909,24.459217918448157,72.06302148339532
193.0550547022179,108.02508301914766,24.720257786927704,72.79383450811818
194.45429200803457,108.64863962691786,24.923670865186978,73.04766513752412
194.27224630208914,108.2679989145949,25.287762277077828,73.80894656217005
191.803870794673,107.81781111641803,25.64662821281674,73.18336046549263
190.28857029885464,104.4015892510281,25.630185012853776,73.92171581307309
186.55404503415795,102.0154142101966,25.429941558590542,74.09248950454216
185.05416495931033,97.96824251346149,25.364402862793376,74.52358578428142
181.23917721863427,96.8957571253876,25.30612296187077,75.13090548397422
180.47985510439045,93.7348533493719,25.279451399894462,75.27144987414991
179.61423349475515,89.90404264870462,25.46384839755014,75.1988401674098
178.59709102133846,88.5338403685116,25.948943154911696,74.84086434885216
177.64566782657752,88.63199382686288,26.298857336354388,74.64455743214961
176.08270650047723,88.59317612193605,26.311775084146507,74.72219284200327
175.40142981614122,89.46568275384479,26.116470832378702,74.53503719862563
173.98649402344884,89.25696523741246,25.843160678574172,74.95247223149032
170.3175540402701,88.48652917072884,25.41802984149336,74.94074220416988
166.63021433864225,87.57695577821687,25.069526707916662,75.21525248182733
166.7137240290571,87.27068801731835,24.902507327087008,75.82778800362439
166.72362686123137,86.49189336456323,24.882701662738448,75.83747789032606
167.4519666993735,84.8471969380725,24.973695336674922,76.03152404286615
169.74338724261253,83.08187186078933,25.047266014475916,76.45789968791308
174.29620895500506,82.42040742947977,25.299315872384426,76.22121300341664
175.88383031985038,80.83057972793475,25.245795408610913,76.2791461405895
175.90487698162943,80.64907001106391,25.203702085052775,76.6421655743312
175.85953109354176,79.05369352918669,25.29439386122814,76.70262705063521
171.19526301191982,77.33101687045749,25.216816725043394,77.0126092682841
167.95081928733708,77.11132037712528,25.42287917535877,77.4520022549485
163.87792745089294,77.35023087735878,25.664589115328067,78.55499600106529
161.99208462113688,77.88048858632999,26.23405968223434,79.09558812942582
161.786536419091,78.12626662239609,26.645156086326086,78.60403205729362
161.54919437228935,78.015058388749,27.119840179929398,78.82644852458779
161.36244084642814,77.68723619400632,27.493347231651807,79.48209291407314
161.01844053460007,78.04589333402046,28.181347855307962,80.41282872903308
160.71467413287297,79.83987450191609,28.788880658762135,80.17295879866492
159.82520528007137,80.61076691873544,28.886143575147713,80.31284875424384
158.21466052536869,80.62511603302374,28.73630121725552,80.28415052566723
154.4500117171284,80.6604663966415,27.853993151041045,80.21344979843172
151.45219664686607,80.37340473766062,27.18888026141103,80.78757311639347
146.50334719526202,80.9795379536772,27.11908360758448,81.23655594386611
144.75113244060557,80.19601530844344,27.290673612509103,81.1371814821395
140.40321231089422,76.44460057078008,27.64578036520632,80.29927745074073
137.65511098273583,75.50009774208466,28.15415707085213,80.52567445790791
136.46505733216327,75.50518793664507,28.85908913493862,80.51549406878709
137.03900364055994,75.66901391955085,29.399094146863828,80.18784210297554
141.1932921749115,76.16468068835266,29.5554830850201,80.8895017667438
141.20515989951275,76.0455379072843,29.531747635817652,81.12778732888052
141.35842987060175,75.91343280434374,29.225207693639625,81.39199753476163
140.70761636339142,76.58761985275154,28.819615579194853,81.75084256681139
140.84637521021017,78.4551261257638,28.54209788555736,83.13081728614391
141.6939161118432,78.0365457865871,28.566812845771658,83.9679779644973
142.47428415691257,78.39274472849601,28.738374009402758,83.25558008067947
142.27891039747394,74.32986878355322,29.12912152828006,82.75538477986461
141.163908563911,74.23171947492364,29.63399392093228,82.95168339712379
135.7973422486246,73.57390978343778,29.94406400528439,84.26730278009548
133.12997167433383,73.40177937264524,29.993370030186867,84.61156360168059
129.72960611369422,72.2800895665672,29.723394724459684,85.08726660708508
128.21958596276005,72.11938170791336,29.204232392124936,85.40868232439273
125.12959853678613,71.25260489579387,28.325320790682856,85.37751433528427
125.28511455487322,70.93647274996681,28.01428875450871,86.0097786269384
126.15511155702661,71.2761356841291,28.025761519594674,87.08191952800655
126.91313925090559,71.1950141313605,28.276766861006784,87.24416263354377
126.65338824345056,72.06513284231742,28.79626887591685,87.27795142044093
127.3234632442618,72.28532372492339,29.240213890662393,86.837569655229
127.16024720793835,72.3189876193812,29.56664596330929,86.77024186631336
126.8914136246893,72.86842206353403,30.104313129807394,87.46233499852838
126.69084631360053,74.74124162339851,30.50544775198493,87.33825919527882
126.69822132169111,77.29806870826678,30.490697735803785,87.67361898188646
126.73363105026914,77.06609662874503,30.41987827864773,88.13756314092996
126.08868694620399,77.16054614308324,29.88348175832302,87.94866411225354
126.24966967700155,78.85367210762752,29.561516296727916,88.18987304487158
126.24073703917983,80.36800813176646,29.579381572371357,88.78376888223384
125.38852084360991,81.44390829881073,29.463665808867795,88.45211670278874
124.48316073622544,82.28077389842574,29.461133140062547,88.5916383871329
120.7601450852051,81.556618644326,29.64632028126186,88.22473785512204
116.93293566323602,80.94330035058465,30.047361939280417,87.63803014612483
112.35287698270356,80.90590740327362,30.146144816931407,87.7128160407469
112.42270512501689,80.65433590076293,30.006488532304758,88.21595904576826
109.92638164273652,81.35381051308688,29.53963509428252,88.63684328864804
110.02649327885177,81.03700974163722,29.339411822051993,89.27044483154737
109.14888684888696,80.11002429901448,29.27190591852881,89.30169695334001
105.63946334442089,80.11014263911709,29.003062037473775,89.30146027313481
102.01568512683184,79.72366438032442,28.98278557180076,90.07441679072014
98.29390589467096,79.36947408750336,29.115654824400632,90.78279737636225
94.4329001975695,79.13175112537033,29.476514080999728,91.25824330062832
89.60050061638772,79.90758639168932,29.872422988502137,91.56035081896258
87.64109615844325,79.94004941423562,30.060384394288874,91.49542477386998
87.28363704537801,79.15083686449144,30.77530262041931,91.20589119882717
86.93939344989911,78.93496603544067,31.46378981137712,91.63763285692872
86.705019978798,80.64953659719882,31.932536753579353,92.0000958822339
86.52095700970838,82.36955982562503,32.300662691758575,92.37926379926803
90.18491536285924,84.03404330799582,32.659964141182,92.89390591238899
90.80437081519239,86.46592434981451,33.35684259912132,91.90172255396277
93.68666373617259,89.42733468079172,33.394799420588,91.7814445554355
93.71996158497012,90.3976770842499,33.32820372299297,91.77389397576016
91.099088690861,91.48732985906298,32.77450845596454,91.52640211121621
91.39260638494646,94.27537985201337,32.1874730677936,91.70477449150626
91.59422652465082,94.65609627730348,31.784232788384895,90.94334164092606
98.17732155847168,95.68772012835124,31.859732227676126,90.77176386839236
97.92708689511608,96.43994093940194,32.36020155438732,91.15789983819066
97.77126726538575,97.87923634553061,32.671840813847986,92.08987879299616
97.78890782598651,99.41913483560884,32.63655969264644,92.85890906748602
97.9596129243671,99.97321106671217,32.2951494958853,93.68561384452568
98.32374577018695,99.73741392871506,31.566883804245585,94.1572081205199
101.5491101355718,97.70313932494469,30.917967725658883,94.35788222660528
101.42784508542975,91.2295924484184,31.16049782594298,93.8308843581709
100.33886422164585,86.1393506202681,31.416688827882037,92.48074366069918
101.37841862005328,83.93842665704257,31.244650435249614,93.06845077878538
102.46515491955822,78.79970933037293,30.98353947880034,93.78407721932163
106.2878328015199,73.80844944530799,31.00954081545627,94.17740061372744
109.98495552287325,71.54727588139136,31.311164080551208,94.85181338765986
111.71497291799548,67.53098582150363,31.72955141778492,95.12754925247897
112.69993577734155,66.8443925451424,31.710501793044962,94.54985971124931
114.8540308931293,64.48472910797409,31.286756877141826,95.38474126991353
114.97160034507272,62.61822662683533,31.05161797325502,95.2249184473002
115.26946171909897,62.315774009294174,30.45589522520251,95.82982368238251
113.46381130985787,62.35365160767965,30.192305268474698,95.75406848561155
113.51014488222503,62.42697410935412,30.099638123740363,95.60742348226262
113.73078884151556,63.275622491229434,29.658350205159323,95.837784546404
113.74895169195364,64.42306908692643,29.622024504283164,95.46565744112172
115.68495136576433,65.62019683733081,29.58355464599056,94.98816668497736
118.6888825676067,66.76680068024072,29.303336017517772,94.60417359089485
119.81082187555634,68.33422104519292,28.957970795974692,95.26635964970288
121.8040628898774,71.82602854316767,28.77461434300806,95.8889958051044
123.6519421026409,72.33166545308644,28.89294741663828,94.87772198526685
125.39142417691042,74.94267101603023,29.203572011799068,95.34009397492902
127.714604009326,75.49623301029109,30.278779513792088,94.2329699864073
130.3270250546548,75.83567114486284,30.78775995239301,93.55409371726378
131.3595917517316,75.99705363063981,30.633555102701465,93.23132874570985
133.2668704260217,76.85072639751479,30.625900088262807,93.42743437903067
135.1568311697119,77.00800314625636,30.65822987741464,93.11288088154754
137.96357681940881,78.75413534901928,30.751354108583733,91.52282165287602
138.09422935488487,81.37788722537363,30.490049037631607,90.03746345377269
138.56646736969384,84.1013286886087,29.54557300801366,90.1553186949634
137.14254636091965,83.76141446815421,28.714965028451257,90.83514713587238
132.76935425511968,83.38949673817822,28.293245357616236,91.57898259582436
132.6745141846249,82.83106671431038,28.482925498605784,90.8593960160928
132.26982060145914,85.94997777629249,27.462646437504777,91.94023880185865
131.71364690577033,86.09487815587096,26.74885123698958,93.47658063459447
129.4002250543735,85.17438067679058,27.706275383582835,91.64815603655478
133.40389350021286,84.23684865902084,28.831499718640814,89.87019558139957
133.00876869761635,78.09675426954276,29.621749323833875,89.39676105326149
130.520739882392,84.82152262197744,30.938336350368154,86.92563616013524
130.17558665708958,87.82058469560141,31.62864280097302,84.5641046927036
128.27350375057495,91.468736474904,31.839345240486683,82.65799619437182
125.23747765759218,105.48793334847548,30.819647574158438,82.98660185640409
127.77898314820308,102.7426193331778,29.25512512072367,84.95874135921241
128.324148452654,103.8470223360147,28.16479451182186,86.26829172206278
128.64977304281766,106.26076614622262,27.513545331494527,86.71466812583404
128.72540890558315,104.73623524122794,27.362273605963544,86.25909464161708
128.75526332227201,105.95706968211695,27.302564772585825,85.56041271475895
127.9142984616352,106.01146092233151,27.25262757630329,85.45163023432987
126.94173564705022,107.43582715798466,27.46836997182499,84.33228099667181
125.13019309835383,107.28329606220557,27.65682426097278,82.92002778410753
124.38203549048666,107.08467703528171,27.452632560567693,83.31726583795523
123.65990810228914,107.65616011231421,27.194434020238944,83.87675300061402
122.9100481909081,106.75764030558106,26.98843296109306,83.96807173217238
122.99442785476792,106.67916541964765,26.819673633373405,84.12502150403921
123.12266270738236,106.73891522769821,26.56320392814454,84.00552188793806
122.39590587309178,107.02471399173399,26.320827324566217,83.43392435986652
121.66073114323875,106.44706447445682,26.107967999161964,82.90601460931055
121.84110378338785,107.23228045165959,25.747222718863753,83.00728268749356
121.98453278858081,107.28439993400615,25.460364708477847,82.90304372280045
121.96448888617603,107.7331464963631,25.500452513287406,82.00555059808651
122.03212989400258,108.96127034355347,25.365170497634303,81.19683562495104
122.08406855810324,108.95376429094651,25.261293169432975,81.21184773016493
121.98237006481301,110.19854449257197,25.464690156013425,80.35401621977545
121.99355166898185,110.2466928051202,25.442326947675756,80.25771959467896
125.10854291205317,110.1024975047051,25.69802337626674,78.92469046682578
126.22944887624435,110.69060692006849,26.670272850749292,77.748471636099
130.35713812458545,109.90116196595595,28.06295687921878,76.11134070260684
132.89734872689073,109.86609417116506,29.421752607571523,74.5716720589478
138.29139589359164,109.74297231543544,29.918062532656744,73.20585801919461
141.06760021652815,108.34744976606554,30.77010332251464,71.19356604113622
141.25186131788786,109.99289404336159,31.988548830566444,69.48964519731538
143.3272037158285,110.64664972075809,32.58857782598669,68.18213384252239
143.2403392627429,111.61676906737839,32.76230673215786,67.81678780084161
143.13847610161946,111.79096528009865,32.96603305440476,67.46839537540109
143.11531437375936,111.99020181760142,33.012356510124945,67.06992230039555
143.08042426724208,112.2142983792427,33.08213672315951,66.62172917711298
143.24070084743576,110.77230406670449,32.76158356277215,66.38469398263027
143.3451409506264,112.50368124509123,32.552703356390936,66.02478379980181
143.53805395787214,111.81979324353092,32.1668773418994,65.85009432545277
142.7893699830108,110.68255379781354,32.131093822677705,65.05827027899886
143.00496312788448,112.10487630532299,31.699907532930332,65.25531335993168
141.77617288045033,112.11802157700973,31.12504842395076,65.2290228165582
142.144955744543,112.51122511775499,30.387482695765392,65.94838422641769
141.2080854835123,111.92052629996124,29.254456158843386,67.12978186200519
140.6604244114137,112.34793741777403,28.849120662182273,67.7756172672379
140.32939621554414,112.3832320794645,28.00829158149577,69.20791341628258
140.69991074732684,113.32441412990309,27.267262517930384,70.34300678054535
140.92301166716496,113.67199466755841,26.821060678254103,71.15973372396599
141.0775391213564,113.5406747192375,26.512005769871198,71.4223736206078
141.11949431584878,113.67925594870397,26.428095380886457,71.14521116167487
141.36574764287187,112.95701918176884,25.935588726840287,71.08135675611274
141.5205353239641,113.82442363459313,25.626013364655797,70.84500855716489
141.70129464762113,113.26177269267023,25.2644947173418,70.48089538599453
141.79778460849064,113.42377138834006,25.071514795602766,70.15689799465488
141.89802262292162,113.68378179779997,24.871038766740785,69.63687717573507
141.91935522396014,113.76346505317818,24.828373564663746,69.47751066497864
